IDOL_MINNIE_Cl1
1 6.31979 8.54727 -1.63046 PA 138022369.798380
2 6.31591 8.49624 -1.63417 PA 138022369.998332
3 6.31223 8.4372 -1.6338 PA 138022370.198332
4 6.30303 8.30718 -1.64111 PA 138022370.398368
5 6.29354 8.17299 -1.65897 PA 138022370.598354
6 6.28782 8.05437 -1.637 PA 138022370.798365
7 6.28894 7.94641 -1.59478 PA 138022370.998333
8 6.29668 7.85573 -1.56012 PA 138022371.198394
9 6.29991 7.74337 -1.55466 PA 138022371.398378
10 6.29974 7.62043 -1.55648 PA 138022371.598346
11 6.30029 7.50523 -1.56079 PA 138022371.798340
12 6.30714 7.38978 -1.55898 PA 138022371.998532
13 6.30714 7.38978 -1.55898 PA 138022372.198334
14 6.3076 7.28364 -1.55385 PA 138022372.398346
15 6.31048 7.17605 -1.55516 PA 138022372.598358
16 6.31354 7.06679 -1.54908 PA 138022372.798394
17 6.31387 6.94805 -1.55834 PA 138022372.998334
18 6.3134 6.84137 -1.56608 PA 138022373.198334
19 6.31455 6.73017 -1.56291 PA 138022373.398344
20 6.31669 6.62295 -1.55829 PA 138022373.598384
21 6.32718 6.51587 -1.55273 PA 138022373.798371
22 6.33026 6.37736 -1.54825 PA 138022373.998349
23 6.33098 6.28216 -1.55476 PA 138022374.198368
24 6.33668 6.14493 -1.54179 PA 138022374.398405
25 6.34171 6.02497 -1.53735 PA 138022374.598350
26 6.34248 5.92389 -1.5446 PA 138022374.798347
27 6.34716 5.80077 -1.54011 PA 138022374.998343
28 6.34716 5.80077 -1.54011 PA 138022375.198538
29 6.34786 5.69731 -1.54818 PA 138022375.398343
30 6.35038 5.5861 -1.54749 PA 138022375.598346
31 6.35202 5.47687 -1.55065 PA 138022375.798373
32 6.35563 5.35943 -1.54689 PA 138022376.008385
33 6.35497 5.26303 -1.5552 PA 138022376.208337
34 6.3524 5.17858 -1.56864 PA 138022376.408331
35 6.35207 5.0905 -1.57112 PA 138022376.608331
36 6.35206 4.9971 -1.57114 PA 138022376.808414
37 6.35414 4.8892 -1.56354 PA 138022377.008330
38 6.33306 4.77605 -1.55131 PA 138022377.208366
39 6.33899 4.66022 -1.53988 PA 138022377.408360
40 6.34324 4.58297 -1.53394 PA 138022377.608355
41 6.35138 4.50953 -1.51211 PA 138022377.808346
42 6.35711 4.42537 -1.50636 PA 138022378.008331
43 6.36082 4.39462 -1.48379 PA 138022378.208359
44 6.37535 4.35476 -1.43292 PA 138022378.408353
45 6.37535 4.35476 -1.43292 PA 138022378.608341
46 6.39895 4.31873 -1.3488 PA 138022378.808353
47 6.43601 4.27555 -1.22766 PA 138022379.008359
48 6.48528 4.21883 -1.12891 PA 138022379.208361
49 6.53343 4.18012 -1.00658 PA 138022379.408347
50 6.58775 4.14121 -0.899227 PA 138022379.608330
51 6.64405 4.10592 -0.803408 PA 138022379.808357
52 6.71295 4.09083 -0.650904 PA 138022380.008344
53 6.78458 4.06708 -0.548001 PA 138022380.208370
54 6.86208 4.04813 -0.446097 PA 138022380.408332
55 6.94502 4.00133 -0.353288 PA 138022380.608382
56 7.02808 3.99506 -0.252509 PA 138022380.808341
57 7.09786 4.00143 -0.148198 PA 138022381.008336
58 7.19487 4.01126 -0.0505911 PA 138022381.208329
59 7.28751 4.02762 0.0347969 PA 138022381.408405
60 7.36503 4.04369 0.0904951 PA 138022381.608340
61 7.36503 4.04369 0.0904951 PA 138022381.808336
62 7.42192 4.05297 0.145808 PA 138022382.008338
63 7.44564 4.07242 0.232367 PA 138022382.208428
64 7.547 4.12086 0.354781 PA 138022382.408333
65 7.60792 4.16501 0.438824 PA 138022382.608327
66 7.64611 4.21242 0.557689 PA 138022382.808360
67 7.70444 4.2749 0.649791 PA 138022383.008332
68 7.77756 4.36671 0.765846 PA 138022383.208340
69 7.80799 4.43003 0.870947 PA 138022383.408346
70 7.84679 4.51839 0.981236 PA 138022383.608354
71 7.89476 4.62689 1.0586 PA 138022383.808354
72 7.91238 4.71208 1.16818 PA 138022384.008343
73 7.9189 4.79026 1.2726 PA 138022384.208327
74 7.91629 4.86051 1.371 PA 138022384.408350
75 7.90376 4.95499 1.48895 PA 138022384.608333
76 7.9009 5.0514 1.53547 PA 138022384.808525
77 7.9009 5.0514 1.53547 PA 138022385.008328
78 7.88802 5.14655 1.60155 PA 138022385.208379
79 7.87062 5.27813 1.66479 PA 138022385.408351
80 7.83889 5.36739 1.75981 PA 138022385.608367
81 7.79821 5.46614 1.85061 PA 138022385.808435
82 7.74409 5.57618 1.93231 PA 138022386.008366
83 7.71273 5.66013 1.93177 PA 138022386.208350
84 7.68833 5.75232 1.89134 PA 138022386.408333
85 7.67507 5.84894 1.81914 PA 138022386.608331
86 7.66261 5.94103 1.77711 PA 138022386.808352
87 7.64938 6.05407 1.74095 PA 138022387.008349
88 7.64548 6.14488 1.69298 PA 138022387.208345
89 7.65401 6.2438 1.60956 PA 138022387.408373
90 7.67219 6.40235 1.52078 PA 138022387.608397
91 7.68936 6.53713 1.47572 PA 138022387.808346
92 7.69585 6.63215 1.48651 PA 138022388.008487
93 7.69585 6.63215 1.48651 PA 138022388.208327
94 7.70536 6.78037 1.50136 PA 138022388.408348
95 7.73039 6.89353 1.53006 PA 138022388.608334
96 7.72749 7.00378 1.55821 PA 138022388.808335
97 7.74288 7.09471 1.6499 PA 138022389.008368
98 7.7181 7.2044 1.73344 PA 138022389.208333
99 7.67222 7.29732 1.85536 PA 138022389.408349
100 7.61642 7.39939 1.95195 PA 138022389.608368
101 7.55174 7.4936 2.05048 PA 138022389.808353
102 7.48823 7.56378 2.14779 PA 138022390.008351
103 7.41699 7.6281 2.24713 PA 138022390.208344
104 7.33787 7.68704 2.34793 PA 138022390.408451
105 7.25831 7.7337 2.44577 PA 138022390.608425
106 7.17074 7.77489 2.54457 PA 138022390.808356
107 7.03738 7.82401 2.67851 PA 138022391.008335
108 6.94783 7.84443 2.76693 PA 138022391.208486
109 6.94783 7.84443 2.76693 PA 138022391.408387
110 6.84932 7.86597 2.82886 PA 138022391.608493
111 6.75944 7.89253 2.83739 PA 138022391.808336
112 6.62579 7.9341 2.83411 PA 138022392.018730
113 6.54482 7.9642 2.81641 PA 138022392.228329
114 6.45575 8.01177 2.7502 PA 138022392.428616
115 6.37883 8.11689 2.6549 PA 138022392.638359
116 6.28317 8.19897 2.53825 PA 138022392.838339
117 6.20623 8.2847 2.43097 PA 138022393.038353
118 6.1884 8.32717 2.3383 PA 138022393.238344
119 6.15595 8.39673 2.22588 PA 138022393.438354
120 6.12541 8.48179 2.10785 PA 138022393.638344
121 6.10936 8.55675 2.0054 PA 138022393.838352
122 6.0977 8.65159 1.88797 CR 138022394.038337
123 6.08072 8.74491 1.83743 CR 138022394.238393
124 6.05792 8.82402 1.84399 CR 138022394.438357
125 6.03697 8.90481 1.83811 CR 138022394.638355
126 6.02438 8.98258 1.80625 CR 138022394.838338
127 6.02438 8.98258 1.80625 CR 138022395.038376
128 6.03377 9.05605 1.70518 CR 138022395.238332
129 6.04419 9.1338 1.6238 CR 138022395.438477
130 6.0612 9.22448 1.53535 CR 138022395.638374
131 6.10146 9.39245 1.43584 CR 138022395.838455
132 6.11743 9.48773 1.42527 CR 138022396.038358
133 6.1097 9.53892 1.46122 CR 138022396.238337
134 6.1107 9.68874 1.51246 CR 138022396.438360
135 6.09725 9.78284 1.58948 CR 138022396.638425
136 6.08587 9.88819 1.62858 CR 138022396.838337
137 6.07826 9.98423 1.63605 CR 138022397.038340
138 6.06619 10.127 1.64147 CR 138022397.238379
139 6.05093 10.2866 1.64902 CR 138022397.438397
140 6.04207 10.3895 1.6521 CR 138022397.638329
141 6.03446 10.4858 1.6511 CR 138022397.838320
142 6.02743 10.5825 1.64816 CR 138022398.038516
143 6.02743 10.5825 1.64816 CR 138022398.238392
144 5.98858 10.7875 1.65083 CR 138022398.438333
145 5.98445 10.8797 1.6374 CR 138022398.638331
146 5.9702 11.0049 1.63798 CR 138022398.838354
147 5.96439 11.102 1.63466 CR 138022399.038341
148 5.9691 11.1703 1.6035 CR 138022399.238340
149 5.97184 11.2628 1.58073 CR 138022399.438333
150 5.97207 11.3797 1.56617 CR 138022399.638389
151 5.97138 11.4777 1.57098 CR 138022399.838359
152 5.97099 11.5696 1.57223 CR 138022400.038358
153 5.97194 11.6721 1.56789 CR 138022400.238331
154 5.97151 11.764 1.57097 CR 138022400.438356
155 5.97163 11.8618 1.57011 CR 138022400.638351
156 5.97179 11.9554 1.56997 CR 138022400.838335
157 5.97109 12.0539 1.57295 CR 138022401.038339
158 5.97164 12.1509 1.56988 CR 138022401.238539
159 5.97164 12.1509 1.56988 CR 138022401.438333
160 5.97637 12.4684 1.56059 CR 138022401.638333
161 5.97734 12.5608 1.5602 CR 138022401.838332
162 5.97858 12.6617 1.55937 CR 138022402.038427
163 5.97945 12.7628 1.56029 CR 138022402.238374
164 5.98548 12.8833 1.55526 CR 138022402.438332
165 5.98672 12.9803 1.55655 CR 138022402.638357
166 5.98792 13.0757 1.557 CR 138022402.838424
167 5.98993 13.2188 1.557 CR 138022403.038337
168 5.99426 13.3031 1.55197 CR 138022403.238333
169 5.99808 13.4044 1.54751 CR 138022403.438355
170 6.00317 13.5098 1.54691 CR 138022403.638379
171 6.00577 13.6069 1.54724 CR 138022403.838350
172 6.00862 13.7072 1.54539 CR 138022404.038341
173 6.01241 13.8083 1.5448 CR 138022404.238335
174 6.0154 13.9051 1.54278 CR 138022404.438499
175 6.0154 13.9051 1.54278 CR 138022404.638333
176 6.0185 14.0061 1.54189 CR 138022404.838335
177 6.02062 14.1001 1.54404 CR 138022405.038362
178 6.02383 14.1957 1.54156 CR 138022405.238347
179 6.02584 14.2939 1.54501 CR 138022405.438339
180 6.03506 14.5402 1.53545 CR 138022405.638342
181 6.0445 14.6421 1.53448 CR 138022405.838353
182 6.04722 14.7821 1.53226 CR 138022406.038359
183 6.05266 14.9008 1.52593 CR 138022406.238335
184 6.05882 15.0167 1.53114 CR 138022406.438332
185 6.06278 15.1204 1.53151 CR 138022406.638355
186 6.07194 15.2402 1.52574 CR 138022406.838377
187 6.07603 15.3551 1.53104 CR 138022407.038367
188 6.0806 15.4605 1.52966 CR 138022407.238333
189 6.08066 15.5628 1.54665 CR 138022407.438377
190 6.0782 15.6614 1.56703 CR 138022407.638485
191 6.0782 15.6614 1.56703 CR 138022407.838359
192 6.06868 15.7455 1.60857 CR 138022408.038338
193 6.06023 15.7998 1.68122 CR 138022408.238399
194 6.03297 15.8944 1.74016 CR 138022408.438332
195 6.01083 15.8983 1.83992 CR 138022408.638334
196 5.97619 15.9309 1.94991 CR 138022408.838360
197 5.92106 16.0607 2.03689 CR 138022409.038427
198 5.86878 16.1996 2.12651 CR 138022409.238334
199 5.82713 16.2624 2.21075 CR 138022409.438334
200 5.79992 16.2697 2.29029 CR 138022409.638357
201 5.74335 16.2961 2.41266 CR 138022409.838340
202 5.64808 16.3444 2.51863 CR 138022410.038341
203 5.5927 16.3513 2.63282 CR 138022410.238346
204 5.49041 16.3777 2.73588 CR 138022410.438359
205 5.40981 16.3944 2.80423 CR 138022410.638375
206 5.34283 16.4072 2.84121 CR 138022410.838522
207 5.34283 16.4072 2.84121 CR 138022411.038342
208 5.27584 16.4162 2.87409 CR 138022411.238400
209 5.19886 16.4315 2.90502 CR 138022411.438350
210 5.10073 16.4538 2.9303 CR 138022411.638332
211 4.98211 16.4772 2.93981 EO 138022411.838368
212 4.87417 16.4997 2.94151 EO 138022412.038361
213 4.78232 16.521 2.92995 EO 138022412.238343
214 4.66975 16.5595 2.87234 EO 138022412.438343
215 4.56062 16.6023 2.80999 EO 138022412.638335
216 4.4804 16.6601 2.70632 EO 138022412.838403
217 4.40304 16.7166 2.6325 EO 138022413.038367
218 4.31442 16.7826 2.57388 EO 138022413.238334
219 4.22861 16.8449 2.54937 EO 138022413.438343
220 4.12995 16.9087 2.54751 EO 138022413.638393
221 4.03615 16.9729 2.5486 EO 138022413.838339
222 3.96625 17.0224 2.55046 EO 138022414.038519
223 3.96625 17.0224 2.55046 EO 138022414.238386
224 3.86703 17.0924 2.54931 EO 138022414.438390
225 3.77594 17.1536 2.55022 EO 138022414.638332
226 3.75328 17.1691 2.55415 EO 138022414.838338
227 3.58377 17.2656 2.58637 EO 138022415.038338
228 3.4496 17.328 2.6601 EO 138022415.238337
229 3.35934 17.3564 2.72143 EO 138022415.438335
230 3.26755 17.3812 2.77334 EO 138022415.638335
231 3.15578 17.4055 2.84231 EO 138022415.848336
232 3.06387 17.4206 2.90042 EO 138022416.048334
233 3.01553 17.4145 2.9779 EO 138022416.248364
234 2.90794 17.4099 3.07128 EO 138022416.448330
235 2.82835 17.3937 -3.11252 EO 138022416.648388
236 2.72902 17.3712 -3.00018 EO 138022416.848480
237 2.60416 17.3275 -2.90713 EO 138022417.048344
238 2.53739 17.2839 -2.81497 EO 138022417.248335
239 2.53739 17.2839 -2.81497 EO 138022417.448506
240 2.44334 17.2332 -2.72428 EO 138022417.648337
241 2.32052 17.1598 -2.66351 EO 138022417.848349
242 2.24243 17.1029 -2.60551 EO 138022418.048331
243 2.15451 17.0439 -2.55912 EO 138022418.248328
244 2.05651 16.9714 -2.53552 EO 138022418.448346
245 1.97668 16.8977 -2.47714 EO 138022418.648338
246 1.90184 16.8323 -2.45478 EO 138022418.848331
247 1.81752 16.7505 -2.41855 EO 138022419.048357
248 1.74266 16.6692 -2.38147 EO 138022419.248346
249 1.67844 16.5922 -2.33495 EO 138022419.448343
250 1.61456 16.5137 -2.29201 EO 138022419.648334
251 1.53381 16.4114 -2.26745 EO 138022419.848412
252 1.477 16.3262 -2.22398 EO 138022420.048349
253 1.42256 16.2343 -2.17291 EO 138022420.248355
254 1.36512 16.1399 -2.14695 EO 138022420.448501
255 1.36512 16.1399 -2.14695 EO 138022420.648356
256 1.31566 16.0394 -2.09759 EO 138022420.848397
257 1.26986 15.9386 -2.05692 EO 138022421.048346
258 1.22628 15.8474 -2.02813 EO 138022421.248330
259 1.19989 15.7705 -1.9843 EO 138022421.448333
260 1.1804 15.7033 -1.94568 EO 138022421.648389
261 1.16986 15.6584 -1.91589 EO 138022421.848335
262 1.16422 15.6121 -1.86798 EO 138022422.048329
263 1.16428 15.5778 -1.82534 EO 138022422.248333
264 1.16602 15.5634 -1.79948 EO 138022422.448334
265 1.17308 15.5566 -1.75773 EO 138022422.648343
266 1.19071 15.5537 -1.66942 EO 138022422.863032
267 1.21241 15.5528 -1.55985 EO 138022423.068333
268 1.23351 15.5549 -1.45528 EO 138022423.268608
269 1.25295 15.5582 -1.35866 EO 138022423.468397
270 1.2808 15.5642 -1.23932 EO 138022423.668344
271 1.30024 15.5724 -1.13462 EO 138022423.868339
272 1.31936 15.5848 -1.02515 EO 138022424.068512
273 1.31936 15.5848 -1.02515 EO 138022424.268578
274 1.33806 15.5973 -0.918996 EO 138022424.468331
275 1.35407 15.6103 -0.816684 EO 138022424.668330
276 1.36851 15.6298 -0.704791 EO 138022424.868355
277 1.38237 15.6488 -0.596017 EO 138022425.068344
278 1.38995 15.668 -0.493972 EO 138022425.268579
279 1.39751 15.6899 -0.38261 EO 138022425.468390
280 1.40627 15.7097 -0.272766 EO 138022425.668414
281 1.41387 15.7302 -0.160474 EO 138022425.868337
282 1.41286 15.7516 -0.0550142 EO 138022426.068334
283 1.40887 15.7718 0.0500523 EO 138022426.268574
284 1.40547 15.7922 0.154673 EO 138022426.468388
285 1.40091 15.8138 0.264748 EO 138022426.668367
286 1.39285 15.833 0.36765 EO 138022426.868346
287 1.38626 15.848 0.45046 EO 138022427.068334
288 1.38956 15.8725 0.545349 EO 138022427.268788
289 1.38956 15.8725 0.545349 EO 138022427.468330
290 1.40401 15.9096 0.655882 EO 138022427.668331
291 1.42092 15.9452 0.747945 EO 138022427.879394
292 1.46418 16.0163 0.843608 EO 138022428.088336
293 1.49606 16.0694 0.913668 EO 138022428.288333
294 1.5324 16.1477 0.978005 EO 138022428.488395
295 1.57967 16.2409 1.02711 EO 138022428.688334
296 1.63249 16.3235 1.03348 EO 138022428.888330
297 1.69592 16.4084 0.984164 EO 138022429.088402
298 1.77191 16.4725 0.881235 EO 138022429.288354
299 1.84351 16.5318 0.801435 EO 138022429.488328
300 1.93812 16.6054 0.74031 EO 138022429.688356
301 2.02677 16.6695 0.693815 EO 138022429.888337
302 2.09542 16.7218 0.67374 EO 138022430.088341
303 2.18883 16.79 0.649517 EO 138022430.288331
304 2.25551 16.8302 0.614307 EO 138022430.488356
305 2.34321 16.8817 0.595173 EO 138022430.688368
306 2.34321 16.8817 0.595173 EO 138022430.888374
307 2.43206 16.9405 0.590313 EO 138022431.088328
308 2.5579 17.0209 0.581676 EO 138022431.288356
309 2.63469 17.0705 0.579627 EO 138022431.488348
310 2.72327 17.1267 0.574147 EO 138022431.688352
311 2.82389 17.1887 0.564184 EO 138022431.896027
312 2.92958 17.2438 0.526892 EO 138022432.098330
313 3.02447 17.2856 0.459812 EO 138022432.298334
314 3.12336 17.3085 0.365 EO 138022432.498334
315 3.24563 17.3386 0.260351 EO 138022432.698334
316 3.36031 17.3412 0.163173 EO 138022432.898331
317 3.47076 17.3361 0.0674797 EO 138022433.098394
318 3.58325 17.3143 -0.050897 EO 138022433.298356
319 3.68662 17.282 -0.136554 EO 138022433.498349
320 3.78603 17.2404 -0.247146 EO 138022433.698345
321 3.88123 17.1907 -0.346322 EO 138022433.898344
322 3.96169 17.1296 -0.467488 EO 138022434.098499
323 3.96169 17.1296 -0.467488 EO 138022434.298331
324 4.04508 17.0416 -0.580316 EO 138022434.498334
325 4.13612 16.9607 -0.646705 EO 138022434.698394
326 4.18855 16.883 -0.766548 EO 138022434.898352
327 4.27106 16.7943 -0.789912 EO 138022435.098334
328 4.34402 16.7145 -0.786224 EO 138022435.298335
329 4.42622 16.6475 -0.744436 EO 138022435.498461
330 4.51424 16.5833 -0.695846 EO 138022435.698364
331 4.60428 16.5321 -0.623658 EO 138022435.898349
332 4.70064 16.4808 -0.545976 EO 138022436.098335
333 4.81175 16.4328 -0.481774 EO 138022436.298401
334 4.91574 16.406 -0.384245 EO 138022436.498344
335 5.02048 16.3905 -0.286163 EO 138022436.698346
336 5.14606 16.3739 -0.211827 CR 138022436.903356
337 5.24311 16.3742 -0.128357 CR 138022437.108362
338 5.362 16.3672 -0.0968234 CR 138022437.308358
339 5.362 16.3672 -0.0968234 CR 138022437.508484
340 5.46575 16.3613 -0.0791007 CR 138022437.708330
341 5.57468 16.3768 0.0166913 CR 138022437.908429
342 5.67955 16.3887 0.121966 CR 138022438.108329
343 5.78213 16.4248 0.227671 CR 138022438.308337
344 5.89163 16.4753 0.321463 CR 138022438.508364
345 5.97193 16.533 0.439065 CR 138022438.708398
346 6.05613 16.5987 0.54255 CR 138022438.908334
347 6.13307 16.6756 0.651498 CR 138022439.108351
348 6.20167 16.7629 0.758894 CR 138022439.308359
349 6.24576 16.8424 0.871525 CR 138022439.508383
350 6.30303 16.9419 0.953841 CR 138022439.708337
351 6.33064 17.0192 1.06238 CR 138022439.908330
352 6.33759 17.0792 1.16553 CR 138022440.108343
353 6.33584 17.1281 1.25969 CR 138022440.308442
354 6.33465 17.177 1.37495 CR 138022440.508355
355 6.33465 17.177 1.37495 CR 138022440.708526
356 6.31936 17.2249 1.48457 CR 138022440.911542
357 6.29406 17.3259 1.62792 CR 138022441.118374
358 6.26821 17.353 1.74055 CR 138022441.318357
359 6.24296 17.4064 1.81243 CR 138022441.518580
360 6.20361 17.5461 1.83421 CR 138022441.718332
361 6.18433 17.6523 1.79804 CR 138022441.918379
362 6.17519 17.7617 1.72064 CR 138022442.118334
363 6.18648 17.8676 1.61201 CR 138022442.318337
364 6.20441 17.9745 1.53312 CR 138022442.518588
365 6.21531 18.0924 1.51439 CR 138022442.718400
366 6.22407 18.2012 1.51459 CR 138022442.918334
367 6.2261 18.2919 1.52227 CR 138022443.118335
368 6.23483 18.4287 1.52161 CR 138022443.318355
369 6.2449 18.5564 1.51971 CR 138022443.518643
370 6.25087 18.6579 1.52079 CR 138022443.728384
371 6.25636 18.7683 1.52187 CR 138022443.928337
372 6.26228 18.9127 1.5268 CR 138022444.128481
373 6.26228 18.9127 1.5268 CR 138022444.328356
374 6.2671 19.0212 1.52571 CR 138022444.528363
375 6.27805 19.1287 1.52398 CR 138022444.728351
376 6.28548 19.2456 1.51972 CR 138022444.928345
377 6.29092 19.3509 1.51944 CR 138022445.128334
378 6.29444 19.4543 1.52023 CR 138022445.328414
379 6.29767 19.5701 1.5192 CR 138022445.528368
380 6.30035 19.663 1.51873 CR 138022445.728415
381 6.3103 19.7774 1.51256 CR 138022445.928348
382 6.31666 19.8807 1.51129 CR 138022446.128338
383 6.32227 19.9701 1.5103 CR 138022446.328352
384 6.3323 20.0965 1.50418 CR 138022446.528367
385 6.34081 20.1998 1.49935 CR 138022446.728351
386 6.34826 20.3029 1.49659 CR 138022446.928430
387 6.35725 20.4053 1.48953 CR 138022447.128335
388 6.36537 20.5116 1.48125 CR 138022447.328502
389 6.36537 20.5116 1.48125 CR 138022447.528363
390 6.37326 20.6265 1.48895 CR 138022447.728346
391 6.37801 20.718 1.49854 CR 138022447.928330
392 6.37934 20.8213 1.52593 CR 138022448.128350
393 6.37438 20.9096 1.56122 CR 138022448.338387
394 6.37182 21.0623 1.57448 CR 138022448.538420
395 6.37033 21.1756 1.572 CR 138022448.738336
396 6.37073 21.2889 1.57327 CR 138022448.938334
397 6.37032 21.4018 1.5732 CR 138022449.138333
398 6.37005 21.5159 1.57341 CR 138022449.338338
399 6.37009 21.628 1.57192 CR 138022449.538335
400 6.36975 21.7399 1.57291 CR 138022449.738337
401 6.36809 21.8529 1.57878 CR 138022449.938374
402 6.35765 21.9529 1.6181 CR 138022450.138353
403 6.33687 22.0503 1.68327 CR 138022450.338400
404 6.32785 22.1333 1.74536 CR 138022450.538355
405 6.31705 22.1721 1.79646 CR 138022450.784951
406 6.30046 22.2383 1.86038 CR 138022450.988337
407 6.28782 22.2443 1.90589 CR 138022451.188340
408 6.26181 22.2642 1.9907 CR 138022451.388353
409 6.26181 22.2642 1.9907 CR 138022451.588431
410 6.19578 22.3359 2.12007 CR 138022451.788335
411 6.14133 22.3635 2.26786 CR 138022451.988330
412 6.07928 22.4014 2.36745 CR 138022452.188351
413 5.99037 22.4478 2.48461 CR 138022452.388404
414 5.92129 22.471 2.58668 CR 138022452.598365
415 5.79778 22.5272 2.67711 CR 138022452.798349
416 5.73569 22.5383 2.75494 CR 138022452.998336
417 5.6843 22.5425 2.82195 CR 138022453.198431
418 5.62685 22.5512 2.86433 CR 138022453.398387
419 5.56013 22.5623 2.89638 CR 138022453.598336
420 5.47249 22.5754 2.93248 CR 138022453.798365
421 5.40385 22.5814 2.97064 CR 138022453.998421
422 5.30036 22.585 3.03754 CR 138022454.198352
423 5.29344 22.5652 3.13742 CR 138022454.398368
424 5.22551 22.5346 -3.00932 CR 138022454.598325
425 5.20643 22.5034 -2.90377 CR 138022454.798523
426 5.20643 22.5034 -2.90377 CR 138022454.998350
427 5.12117 22.4676 -2.8403 CR 138022455.198335
428 5.05335 22.4279 -2.76674 CR 138022455.398379
429 4.99378 22.3877 -2.70065 BO 138022455.598379
430 4.94326 22.3702 -2.72496 BO 138022455.798357
431 4.87802 22.3601 -2.80343 BO 138022455.998332
432 4.79748 22.3562 -2.90333 BO 138022456.198393
433 4.73892 22.3698 -3.0248 BO 138022456.398356
434 4.7069 22.3921 -3.12955 BO 138022456.598341
435 4.58584 22.4096 3.03856 BO 138022456.798334
436 4.50733 22.4446 2.94508 BO 138022456.998356
437 4.40065 22.4805 2.8947 BO 138022457.198372
438 4.30106 22.5049 2.89312 BO 138022457.398369
439 4.19003 22.5219 2.94506 BO 138022457.598351
440 4.09549 22.5276 2.99633 BO 138022457.798343
441 3.98218 22.5324 3.03958 BO 138022457.998504
442 3.98218 22.5324 3.03958 BO 138022458.198349
443 3.87708 22.5225 3.11664 BO 138022458.398354
444 3.7716 22.5029 -3.07175 BO 138022458.598379
445 3.70964 22.4723 -2.93653 BO 138022458.798359
446 3.63618 22.4402 -2.85138 BO 138022458.998332
447 3.49261 22.394 -2.79343 BO 138022459.198332
448 3.36655 22.3479 -2.76191 BO 138022459.398356
449 3.25301 22.3012 -2.75159 BO 138022459.598336
450 3.17848 22.2599 -2.7142 BO 138022459.798344
451 3.07063 22.2065 -2.6703 BO 138022459.998339
452 2.99397 22.14 -2.57254 BO 138022460.198403
453 2.92108 22.0623 -2.4683 BO 138022460.398363
454 2.83618 21.9862 -2.42384 BO 138022460.598361
455 2.76237 21.921 -2.42249 BO 138022460.798352
456 2.64643 21.8409 -2.4517 BO 138022460.998357
457 2.55466 21.7936 -2.54065 BO 138022461.198503
458 2.55466 21.7936 -2.54065 BO 138022461.398343
459 2.46877 21.7654 -2.64348 BO 138022461.598362
460 2.32675 21.7381 -2.804 BO 138022461.798358
461 2.24073 21.7292 -2.88747 BO 138022461.998351
462 2.13167 21.7185 -2.95474 BO 138022462.198334
463 2.02459 21.7163 -3.02274 BO 138022462.398358
464 1.9164 21.7109 -3.05272 BO 138022462.598346
465 1.84718 21.7142 -3.06699 BO 138022462.798345
466 1.78148 21.7209 -3.10638 BO 138022462.998334
467 1.69843 21.7314 3.12775 BO 138022463.198363
468 1.55458 21.7444 3.07836 BO 138022463.398370
469 1.46447 21.7649 3.00987 BO 138022463.598348
470 1.40106 21.7882 2.94472 BO 138022463.798355
471 1.35352 21.8095 2.89344 BO 138022463.998400
472 1.31928 21.8286 2.84688 BO 138022464.198357
473 1.29436 21.8477 2.79513 BO 138022464.398502
474 1.29436 21.8477 2.79513 BO 138022464.598331
475 1.25739 21.8693 2.75204 BO 138022464.798362
476 1.24474 21.8813 2.70455 BO 138022464.998336
477 1.24626 21.8866 2.67692 BO 138022465.198341
478 1.24564 21.9025 2.59461 BO 138022465.398365
479 1.25506 21.923 2.4759 BO 138022465.598407
480 1.28527 21.9459 2.28188 BO 138022465.916867
481 1.30341 21.9627 2.15979 BO 138022466.118343
482 1.32178 21.9736 2.05086 BO 138022466.318489
483 1.32178 21.9736 2.05086 BO 138022466.518606
484 1.3415 21.9844 1.9371 BO 138022466.728332
485 1.36485 21.9921 1.80886 BO 138022466.928550
486 1.38286 21.9931 1.7205 BO 138022467.138381
487 1.40665 21.9955 1.60725 BO 138022467.338339
488 1.42541 21.9955 1.5137 BO 138022467.538335
489 1.44571 21.9938 1.41125 BO 138022467.738362
490 1.46647 21.9907 1.30618 BO 138022467.938335
491 1.48772 21.9838 1.19442 BO 138022468.138339
492 1.50774 21.9718 1.07857 BO 138022468.338390
493 1.52327 21.9611 0.984606 BO 138022468.538421
494 1.53584 21.9469 0.889523 BO 138022468.738346
495 1.54995 21.9338 0.793058 BO 138022468.938332
496 1.56254 21.92 0.699672 BO 138022469.138348
497 1.57941 21.8971 0.552756 BO 138022469.338401
498 1.58846 21.8801 0.456055 BO 138022469.538340
499 1.59667 21.8557 0.330713 BO 138022469.738490
500 1.59667 21.8557 0.330713 BO 138022469.938339
501 1.60093 21.8361 0.229879 BO 138022470.138426
502 1.60831 21.8196 0.142515 BO 138022470.338403
503 1.6163 21.8064 0.0731073 BO 138022470.538342
504 1.63075 21.7929 0.00306093 BO 138022470.738350
505 1.64389 21.7676 -0.10352 BO 138022470.938511
506 1.86416 21.6515 0.055494 BO 138022478.778347
507 1.85725 21.6549 0.0751889 BO 138022478.978336
508 1.92048 21.666 0.104903 BO 138022479.378415
509 2.02157 21.6714 0.100043 BO 138022479.778327
510 2.11148 21.6822 0.101956 BO 138022479.978614
511 2.11148 21.6822 0.101956 BO 138022480.178333
512 2.20422 21.6934 0.107041 BO 138022480.378334
513 2.29975 21.7161 0.152525 BO 138022480.578343
514 2.39545 21.7497 0.243308 BO 138022480.778371
515 2.49852 21.8051 0.340049 BO 138022480.988331
516 2.58451 21.8596 0.430344 BO 138022481.188336
517 2.678 21.918 0.482716 BO 138022481.388358
518 2.75124 21.9576 0.49892 BO 138022481.588377
519 2.84876 21.9988 0.452402 BO 138022481.788403
520 2.96092 22.0356 0.355771 BO 138022481.988363
521 3.06936 22.0626 0.297076 BO 138022482.188332
522 3.17685 22.0886 0.285075 BO 138022482.388395
523 3.27918 22.1226 0.295852 BO 138022482.588351
524 3.36684 22.1479 0.290259 BO 138022482.788374
525 3.49532 22.1709 0.233602 BO 138022482.988348
526 3.59492 22.1803 0.167109 BO 138022483.188339
527 3.59492 22.1803 0.167109 BO 138022483.388535
528 3.70587 22.1871 0.144414 BO 138022483.588395
529 3.81512 22.2053 0.148344 BO 138022483.788329
530 3.92149 22.2258 0.16602 BO 138022483.988355
531 4.02811 22.2473 0.190131 BO 138022484.188348
532 4.11041 22.263 0.188783 BO 138022484.388364
533 4.22296 22.2819 0.179586 BO 138022484.588331
534 4.34506 22.3085 0.19328 BO 138022484.788465
535 4.47312 22.332 0.189854 BO 138022484.988335
536 4.57238 22.3516 0.190055 BO 138022485.188333
537 4.69014 22.3727 0.182197 BO 138022485.388355
538 4.7876 22.3894 0.167371 BO 138022485.598378
539 4.88489 22.4038 0.159379 BO 138022485.798384
540 4.99986 22.4191 0.14583 BO 138022485.998340
541 5.10834 22.4307 0.130034 CR 138022486.198333
542 5.22155 22.4411 0.113177 CR 138022486.398363
543 5.33317 22.45 0.0983784 CR 138022486.598360
544 5.33317 22.45 0.0983784 CR 138022486.798345
545 5.4453 22.4587 0.089358 CR 138022486.998335
546 5.54983 22.4685 0.0914357 CR 138022487.198364
547 5.6624 22.4855 0.119304 CR 138022487.398367
548 5.77313 22.5124 0.172885 CR 138022487.598334
549 5.85281 22.5524 0.277115 CR 138022487.798334
550 5.91318 22.598 0.394911 CR 138022487.998355
551 5.98784 22.6628 0.514299 CR 138022488.198334
552 6.09316 22.7495 0.603926 CR 138022488.398357
553 6.15073 22.8286 0.734012 CR 138022488.598334
554 6.23609 22.9195 0.80277 CR 138022488.798351
555 6.29795 23.0197 0.906449 CR 138022488.998397
556 6.33561 23.1078 1.00697 CR 138022489.198335
557 6.33886 23.1617 1.11343 CR 138022489.398337
558 6.36591 23.2863 1.23452 CR 138022489.598366
559 6.3847 23.404 1.33407 CR 138022489.798335
560 6.3847 23.404 1.33407 CR 138022489.998330
561 6.38189 23.492 1.43069 CR 138022490.198365
562 6.38763 23.5959 1.53045 CR 138022490.398346
563 6.36963 23.6702 1.62958 CR 138022490.598347
564 6.33195 23.7487 1.7352 CR 138022490.829029
565 6.30482 23.7715 1.85099 CR 138022491.038355
566 6.26656 23.8411 1.93776 CR 138022491.238341
567 6.23656 23.8591 2.03911 CR 138022491.438330
568 6.20642 23.8728 2.14258 CR 138022491.638354
569 6.19534 23.8564 2.22661 CR 138022491.838355
570 6.18011 23.8418 2.33036 CR 138022492.038353
571 6.15799 23.8312 2.4408 CR 138022492.238331
572 6.14527 23.8146 2.54953 CR 138022492.438395
573 6.13384 23.7968 2.66419 CR 138022492.638359
574 6.12562 23.777 2.76715 CR 138022492.838350
575 6.11917 23.756 2.87613 CR 138022493.038357
576 6.11542 23.7338 2.98013 CR 138022493.238352
577 6.11269 23.7123 3.09448 CR 138022493.438339
578 6.11307 23.6914 -3.07931 CR 138022493.638497
579 6.11307 23.6914 -3.07931 CR 138022493.838333
580 6.11552 23.6714 -2.97875 CR 138022494.038340
581 6.12052 23.6496 -2.85996 CR 138022494.238398
582 6.12698 23.6314 -2.76296 CR 138022494.438335
583 6.13582 23.6131 -2.66213 CR 138022494.638342
584 6.14584 23.5964 -2.56477 CR 138022494.838341
585 6.15645 23.5815 -2.47314 CR 138022495.038342
586 6.17433 23.5669 -2.35437 CR 138022495.238338
587 6.18872 23.5543 -2.25873 CR 138022495.438332
588 6.20473 23.5433 -2.16124 CR 138022495.638342
589 6.22156 23.5336 -2.06425 CR 138022495.838365
590 6.23995 23.5252 -1.96348 CR 138022496.038341
591 6.25937 23.5168 -1.85497 CR 138022496.238348
592 6.27592 23.5129 -1.76992 CR 138022496.438360
593 6.28417 23.5101 -1.727 CR 138022496.638343
594 6.30108 23.5091 -1.64458 CR 138022496.838487
595 6.30108 23.5091 -1.64458 CR 138022497.038361
596 6.30735 23.4896 -1.60803 CR 138022497.238346
597 6.31675 23.426 -1.55566 CR 138022497.438340
598 6.32971 23.3171 -1.50235 CR 138022497.638332
599 6.34042 23.2599 -1.473 CR 138022497.838357
600 6.36432 23.1256 -1.42463 CR 138022498.038358
601 6.38161 23.0303 -1.41144 CR 138022498.238343
602 6.39066 22.9246 -1.44327 CR 138022498.438336
603 6.37193 22.9303 -1.52245 CR 138022498.638361
604 6.34926 22.893 -1.62027 CR 138022498.838363
605 6.33045 22.7911 -1.67302 CR 138022499.038353
606 6.31797 22.6972 -1.68394 CR 138022499.238332
607 6.32105 22.5802 -1.64327 CR 138022499.438341
608 6.31713 22.4806 -1.63024 CR 138022499.638386
609 6.31444 22.3885 -1.61885 CR 138022499.838323
610 6.31233 22.2933 -1.6091 CR 138022500.038492
611 6.31233 22.2933 -1.6091 CR 138022500.238339
612 6.31922 22.2137 -1.58903 CR 138022500.438339
613 6.32297 22.1346 -1.57596 CR 138022500.638361
614 6.32537 22.0429 -1.56462 CR 138022500.838369
615 6.32704 21.848 -1.55508 CR 138022501.038339
616 6.32847 21.7526 -1.55569 CR 138022501.238342
617 6.32923 21.6577 -1.55834 CR 138022501.438332
618 6.32738 21.5022 -1.56799 CR 138022501.638336
619 6.32844 21.4074 -1.56507 CR 138022501.838363
620 6.32842 21.3103 -1.56723 CR 138022502.038341
621 6.3223 21.2099 -1.57534 CR 138022502.238330
622 6.32013 21.0458 -1.58131 CR 138022502.438357
623 6.32371 20.9184 -1.58853 CR 138022502.638363
624 6.31832 20.8138 -1.57961 CR 138022502.838388
625 6.31496 20.7124 -1.58842 CR 138022503.038327
626 6.3121 20.622 -1.59169 CR 138022503.238508
627 6.3121 20.622 -1.59169 CR 138022503.438353
628 6.30703 20.3698 -1.59692 CR 138022503.638341
629 6.30244 20.1712 -1.59769 CR 138022503.838344
630 6.29952 20.0435 -1.59624 CR 138022504.038370
631 6.29023 19.9367 -1.60884 CR 138022504.238353
632 6.28051 19.8171 -1.62767 CR 138022504.438340
633 6.27106 19.7227 -1.64383 CR 138022504.638332
634 6.2611 19.7897 -1.66093 CR 138022504.838335
635 6.25019 19.6936 -1.66945 CR 138022505.038425
636 6.23708 19.5796 -1.67406 CR 138022505.238334
637 6.22698 19.4654 -1.67467 CR 138022505.438353
638 6.21378 19.3563 -1.6803 CR 138022505.638349
639 6.19921 19.2412 -1.67755 CR 138022505.838393
640 6.1882 19.1319 -1.67345 CR 138022506.038381
641 6.17511 19.0208 -1.67721 CR 138022506.238341
642 6.16357 18.9156 -1.67813 CR 138022506.438481
643 6.16357 18.9156 -1.67813 CR 138022506.638389
644 6.15275 18.8243 -1.68189 CR 138022506.838337
645 6.15208 18.7898 -1.68449 CR 138022507.038333
646 6.14006 18.6848 -1.68281 CR 138022507.238356
647 6.12866 18.587 -1.68453 CR 138022507.438334
648 6.11812 18.4949 -1.68466 CR 138022507.638330
649 6.10605 18.3954 -1.68743 CR 138022507.838391
650 6.08632 18.1895 -1.68286 CR 138022508.038344
651 6.07689 18.0972 -1.67901 CR 138022508.238343
652 6.06615 17.997 -1.67868 CR 138022508.438331
653 6.03503 17.8375 -1.68002 CR 138022508.638337
654 6.03217 17.7422 -1.6499 CR 138022508.838364
655 6.03584 17.636 -1.60652 CR 138022509.038388
656 6.03378 17.5393 -1.6013 CR 138022509.238345
657 6.01304 17.4015 -1.62423 CR 138022509.438345
658 6.00819 17.3066 -1.62419 CR 138022509.638501
659 6.00819 17.3066 -1.62419 CR 138022509.838350
660 5.99729 17.1908 -1.63133 CR 138022510.038337
661 5.98842 17.0707 -1.63223 CR 138022510.238396
662 5.98259 16.9537 -1.63176 CR 138022510.438393
663 5.97568 16.8375 -1.63417 CR 138022510.638364
664 5.96888 16.7423 -1.63478 CR 138022510.838339
665 5.96174 16.6159 -1.63918 CR 138022511.038346
666 5.95409 16.5144 -1.64118 CR 138022511.238334
667 5.94517 16.3876 -1.64183 CR 138022511.438349
668 5.94005 16.2977 -1.63852 CR 138022511.638336
669 5.92848 16.1854 -1.64534 CR 138022511.838340
670 5.92154 16.0946 -1.64607 CR 138022512.038423
671 5.91335 15.9916 -1.64767 CR 138022512.238347
672 5.90595 15.8972 -1.64808 CR 138022512.438350
673 5.8995 15.8022 -1.64451 CR 138022512.638362
674 5.89216 15.7031 -1.64454 CR 138022512.838496
675 5.89216 15.7031 -1.64454 CR 138022513.038339
676 5.88486 15.6095 -1.64613 CR 138022513.238390
677 5.87696 15.5111 -1.64799 CR 138022513.438338
678 5.86942 15.4145 -1.64823 CR 138022513.638348
679 5.86283 15.3162 -1.64422 CR 138022513.838369
680 5.84213 15.0602 -1.64879 CR 138022514.038342
681 5.83403 14.9594 -1.64971 CR 138022514.238354
682 5.82577 14.8622 -1.65193 CR 138022514.438347
683 5.80338 14.7143 -1.66476 CR 138022514.638334
684 5.79928 14.6185 -1.64427 CR 138022514.838358
685 5.79583 14.4905 -1.57451 CR 138022515.038359
686 5.82449 14.3848 -1.47294 CR 138022515.238340
687 5.8589 14.3092 -1.35893 CR 138022515.438344
688 5.91424 14.191 -1.26022 CR 138022515.638417
689 5.96583 14.1078 -1.15569 CR 138022515.838406
690 5.96583 14.1078 -1.15569 CR 138022516.038542
691 6.03682 14.013 -1.05299 CR 138022516.238331
692 6.11292 13.9352 -0.942006 CR 138022516.438334
693 6.1856 13.8742 -0.828172 CR 138022516.638385
694 6.27842 13.8063 -0.725894 CR 138022516.838357
695 6.379 13.7508 -0.627264 CR 138022517.038340
696 6.47988 13.7106 -0.52078 CR 138022517.238334
697 6.5735 13.6842 -0.426239 CR 138022517.438525
698 6.6816 13.656 -0.302509 CR 138022517.638349
699 6.79983 13.647 -0.198983 CR 138022517.838333
700 6.89133 13.6523 -0.104785 CR 138022518.038357
701 7.03326 13.6713 -0.00865575 CR 138022518.238339
702 7.14039 13.6936 0.083961 CR 138022518.438340
703 7.23452 13.7126 0.127268 CR 138022518.638374
704 7.28594 13.7132 0.13124 CR 138022518.838384
705 7.29688 13.6965 0.0906259 CR 138022519.038344
706 7.29688 13.6965 0.0906259 CR 138022519.238481
707 7.40135 13.682 -0.0089898 CR 138022519.438337
708 7.49209 13.6547 -0.111036 CR 138022519.638350
709 7.61532 13.623 -0.170538 KT 138022519.838351
710 7.70702 13.6041 -0.181943 KT 138022520.038341
711 7.80223 13.5868 -0.181231 KT 138022520.238357
712 7.89638 13.5695 -0.181279 KT 138022520.438477
713 8.05945 13.5371 -0.18475 KT 138022520.648411
714 8.17646 13.517 -0.176932 KT 138022520.848340
715 8.27686 13.5081 -0.139705 KT 138022521.048331
716 8.48049 13.4974 -0.0490494 KT 138022521.248363
717 8.5101 13.5148 0.0696292 KT 138022521.448458
718 8.60593 13.5476 0.173591 KT 138022521.658349
719 8.7145 13.5936 0.271233 KT 138022521.858336
720 8.81641 13.6468 0.373362 KT 138022522.058353
721 8.90152 13.7065 0.471087 KT 138022522.258408
722 8.97073 13.7609 0.54032 KT 138022522.468356
723 9.05621 13.8256 0.583156 KT 138022522.668360
724 9.16625 13.9168 0.634685 KT 138022522.868485
725 9.16625 13.9168 0.634685 KT 138022523.068354
726 9.20717 13.9674 0.694424 KT 138022523.268588
727 9.296 14.0576 0.728315 KT 138022523.478368
728 9.35816 14.1355 0.796245 KT 138022523.678346
729 9.40462 14.2183 0.896965 KT 138022523.878337
730 9.44192 14.3069 1.00351 KT 138022524.078339
731 9.47306 14.3981 1.09466 KT 138022524.278342
732 9.49362 14.4885 1.18952 KT 138022524.478331
733 9.5048 14.5788 1.28527 KT 138022524.678335
734 9.50694 14.6804 1.39112 KT 138022524.878333
735 9.5013 14.7709 1.47955 KT 138022525.078345
736 9.49296 14.8665 1.54787 KT 138022525.278339
737 9.49055 14.9618 1.56472 KT 138022525.478370
738 9.49749 15.0594 1.5384 KT 138022525.678393
739 9.51541 15.1518 1.47627 KT 138022525.878360
740 9.54443 15.2358 1.38993 KT 138022526.078337
741 9.54443 15.2358 1.38993 KT 138022526.278513
742 9.57616 15.3037 1.30944 KT 138022526.478347
743 9.61011 15.3592 1.22869 KT 138022526.678336
744 9.64537 15.3996 1.14106 KT 138022526.878333
745 9.67637 15.4276 1.06563 KT 138022527.078333
746 9.70101 15.4436 1.00037 KT 138022527.278417
747 9.72882 15.4499 0.904758 KT 138022527.478350
748 9.75198 15.4492 0.814529 KT 138022527.678334
749 9.77738 15.447 0.71873 KT 138022527.878367
750 9.81112 15.4461 0.612277 KT 138022528.078423
751 9.84988 15.4484 0.517695 KT 138022528.288348
752 9.88822 15.4488 0.43213 KT 138022528.488331
753 9.91663 15.4495 0.379722 KT 138022528.688332
754 9.94614 15.4518 0.338497 KT 138022528.888364
755 10.0751 15.5998 0.244275 KT 138022529.088351
756 10.1314 15.6084 0.221822 KT 138022529.288319
757 10.2068 15.6535 0.21642 KT 138022529.488499
758 10.2068 15.6535 0.21642 KT 138022529.688392
759 10.2383 15.6639 0.231841 KT 138022529.888345
760 10.2501 15.6669 0.232947 KT 138022530.088328
761 10.2857 15.709 0.223405 KT 138022532.688520
762 10.2857 15.709 0.223405 KT 138022532.888381
763 10.3415 15.7228 0.228592 KT 138022533.088330
764 10.3937 15.7392 0.246761 KT 138022533.288331
765 10.4344 15.754 0.26735 KT 138022533.488353
766 10.4618 15.7644 0.279775 KT 138022533.688333
767 10.5161 15.7809 0.283463 KT 138022534.088334
768 10.5667 15.7947 0.279307 KT 138022534.288367
769 10.6228 15.8096 0.274661 KT 138022534.498384
770 10.6935 15.8283 0.269475 KT 138022534.698343
771 10.7768 15.8422 0.232447 KT 138022534.898334
772 10.8538 15.8469 0.176592 KT 138022535.098355
773 10.9276 15.8459 0.117045 KT 138022535.298408
774 10.9677 15.8458 0.0959582 KT 138022535.508362
775 10.9812 15.8363 0.0412574 KT 138022536.928336
776 11.0153 15.8215 -0.076419 KT 138022537.128339
777 11.0041 15.8076 -0.151995 KT 138022537.338356
778 11.0009 15.799 -0.19656 KT 138022537.538339
779 11.0063 15.7915 -0.228151 KT 138022537.748345
780 11.0771 15.787 -0.258115 KT 138022537.948338
781 11.1036 15.7683 -0.310236 KT 138022538.148352
782 11.1407 15.7474 -0.349231 KT 138022538.348336
783 11.1905 15.7205 -0.384876 KT 138022538.548335
784 11.2525 15.6857 -0.423067 KT 138022538.748413
785 11.3092 15.6465 -0.476762 KT 138022538.958333
786 11.3586 15.6047 -0.539264 KT 138022539.158339
787 11.3944 15.5648 -0.610505 KT 138022539.368359
788 11.4144 15.5349 -0.670518 KT 138022539.568414
789 11.4261 15.5103 -0.727187 KT 138022539.778375
790 11.4899 15.4244 -0.867636 KT 138022539.978346
791 11.4822 15.4124 -0.935378 KT 138022540.188330
792 11.4779 15.3887 -1.04544 KT 138022540.388371
793 11.4703 15.3924 -1.11576 KT 138022540.588361
794 11.4703 15.3924 -1.11576 KT 138022540.788686
795 11.4651 15.3846 -1.17151 KT 138022540.998332
796 11.4595 15.3655 -1.23121 KT 138022541.198337
797 11.4557 15.3242 -1.31236 KT 138022541.408334
798 11.4546 15.2858 -1.36175 KT 138022541.608410
799 11.4565 15.2421 -1.39448 KT 138022541.818403
800 11.4575 15.2104 -1.41545 KT 138022542.028360
801 11.46 15.1535 -1.44383 KT 138022542.238338
802 11.4614 15.1118 -1.46111 KT 138022542.438333
803 11.4642 15.058 -1.47467 KT 138022542.648331
804 11.4668 15.0013 -1.48717 KT 138022542.848337
805 11.469 14.9501 -1.49608 KT 138022543.058366
806 11.47 14.9144 -1.50436 KT 138022543.268596
807 11.4694 14.8929 -1.51385 KT 138022543.478351
808 11.4671 14.8816 -1.52851 KT 138022543.678338
809 11.4642 14.8783 -1.54309 KT 138022543.888333
810 11.4606 14.87 -1.5619 KT 138022544.088337
811 11.4531 14.817 -1.60528 KT 138022544.298341
812 11.4454 14.7809 -1.63476 KT 138022544.508329
813 11.4389 14.7411 -1.6522 KT 138022544.708336
814 11.4322 14.6948 -1.6654 KT 138022544.908337
815 11.4138 14.6081 -1.70438 KT 138022545.118331
816 11.4019 14.5443 -1.7182 KT 138022545.318348
817 11.3872 14.4424 -1.71506 KT 138022545.528392
818 11.3933 14.3415 -1.72771 KT 138022545.728476
819 11.3716 14.2478 -1.75585 KT 138022545.928342
820 11.328 14.116 -1.83188 KT 138022546.138346
821 11.328 14.116 -1.83188 KT 138022546.338541
822 11.2884 14.0402 -1.9095 KT 138022546.548333
823 11.2376 13.9695 -2.01095 KT 138022546.748384
824 11.177 13.8795 -2.15476 KT 138022546.958342
825 11.1236 13.8392 -2.25137 KT 138022547.168358
826 11.0686 13.8045 -2.34172 KT 138022547.378581
827 10.9942 13.7693 -2.46415 KT 138022547.588397
828 10.8996 13.7311 -2.58397 KT 138022547.798421
829 10.8031 13.7005 -2.68831 KT 138022548.008344
830 10.6741 13.6598 -2.76037 KT 138022548.208334
831 10.5848 13.6562 -2.88286 KT 138022548.418504
832 10.4522 13.6505 -2.99126 KT 138022548.628330
833 10.3246 13.6586 -3.09327 KT 138022548.828365
834 10.2302 13.6689 3.13036 KT 138022549.028366
835 10.1568 13.6779 3.12088 KT 138022549.228334
836 10.0828 13.673 3.14026 KT 138022549.428366
837 10.0505 13.6595 -3.07251 KT 138022549.628341
838 9.95658 13.641 -3.02386 KT 138022549.838408
839 9.85669 13.6268 -3.01558 KT 138022550.038370
840 9.766 13.6223 -3.04462 KT 138022550.238337
841 9.70396 13.6315 -3.10091 KT 138022550.438345
842 9.5775 13.647 3.11357 KT 138022550.648380
843 9.48203 13.6531 3.10042 KT 138022550.848349
844 9.38105 13.6628 3.09516 KT 138022551.048339
845 9.35846 13.6684 3.09387 KT 138022551.258344
846 9.35846 13.6684 3.09387 KT 138022551.458485
847 9.24721 13.6737 3.09482 KT 138022551.668351
848 9.15555 13.6779 3.095 KT 138022551.868349
849 9.05649 13.6796 3.10712 KT 138022552.078415
850 8.93213 13.6858 3.11613 KT 138022552.288336
851 8.83912 13.6879 3.11731 KT 138022552.498334
852 8.73873 13.6898 3.11896 KT 138022552.698340
853 8.64256 13.6926 3.1168 KT 138022552.908331
854 8.54448 13.6947 3.1182 KT 138022553.108357
855 8.44849 13.697 3.11752 KT 138022553.308365
856 8.35318 13.6998 3.11541 KT 138022553.508337
857 8.25098 13.7018 3.11851 KT 138022553.708334
858 8.15742 13.7044 3.11643 KT 138022553.908385
859 8.06013 13.7068 3.11728 KT 138022554.118345
860 7.95892 13.7084 3.12034 KT 138022554.328453
861 7.8653 13.7107 3.11908 KT 138022554.538341
862 7.77151 13.7096 3.1319 KT 138022554.738334
863 7.67614 13.7036 -3.1219 KT 138022554.948331
864 7.58182 13.6854 -3.05528 KT 138022555.158330
865 7.49424 13.6549 -2.96235 CR 138022555.368336
866 7.40328 13.6126 -2.85952 CR 138022555.568374
867 7.32594 13.5662 -2.76473 CR 138022555.768678
868 7.24842 13.5088 -2.66542 CR 138022555.968342
869 7.17442 13.4427 -2.56409 CR 138022556.168338
870 7.17442 13.4427 -2.56409 CR 138022556.368505
871 7.11207 13.3722 -2.46268 CR 138022556.568381
872 6.71339 13.2598 -2.3435 CR 138022556.768579
873 6.66504 13.1766 -2.24745 CR 138022556.978334
874 6.62476 13.09 -2.15513 CR 138022557.178336
875 6.5919 13.0008 -2.0675 CR 138022557.378612
876 6.47278 12.8609 -1.94474 CR 138022557.578347
877 6.46193 12.7703 -1.85009 CR 138022557.788338
878 6.4599 12.676 -1.75387 CR 138022557.988331
879 6.45873 12.5632 -1.65547 CR 138022558.188353
880 6.46092 12.4663 -1.61475 CR 138022558.388361
881 6.45755 12.3791 -1.61286 CR 138022558.598337
882 6.45444 12.2788 -1.60829 CR 138022558.808357
883 6.45367 12.1905 -1.59781 CR 138022559.008331
884 6.45436 12.0932 -1.58495 CR 138022559.208361
885 6.45295 11.9937 -1.58517 CR 138022559.408403
886 6.44732 11.8288 -1.59147 CR 138022559.608362
887 6.44576 11.7334 -1.58998 CR 138022559.818369
888 6.44341 11.6364 -1.59193 CR 138022560.018600
889 6.43268 11.3691 -1.58997 CR 138022560.228320
890 6.43053 11.2747 -1.59157 CR 138022560.438337
891 6.42801 11.2248 -1.58775 CR 138022560.648356
892 6.42801 11.2248 -1.58775 CR 138022560.848534
893 6.42751 11.1626 -1.58831 CR 138022561.058355
894 6.42739 11.0633 -1.58052 CR 138022561.258333
895 6.42554 10.9723 -1.56526 CR 138022561.458332
896 6.41833 10.8605 -1.54109 CR 138022561.658355
897 6.41848 10.7497 -1.52935 CR 138022561.868394
898 6.42997 10.6363 -1.51392 CR 138022562.078414
899 6.44049 10.5235 -1.50827 CR 138022562.278359
900 6.44935 10.4434 -1.49445 CR 138022562.488334
901 6.45942 10.3065 -1.48779 CR 138022562.698336
902 6.46592 10.1942 -1.50543 CR 138022562.908331
903 6.46309 10.0865 -1.55599 CR 138022563.118333
904 6.45303 9.99479 -1.60079 CR 138022563.318339
905 6.44756 9.8707 -1.62581 CR 138022563.518639
906 6.44243 9.75622 -1.62146 CR 138022563.728388
907 6.4347 9.64788 -1.63058 CR 138022563.938332
908 6.4282 9.54263 -1.63107 CR 138022564.138332
909 6.42034 9.42905 -1.63393 CR 138022564.348331
910 6.41344 9.32396 -1.63507 CR 138022564.558333
911 6.40785 9.20515 -1.62837 CR 138022564.768618
912 6.39999 9.09822 -1.63418 CR 138022564.978334
913 6.39208 8.9872 -1.63695 CR 138022565.188352
914 6.38455 8.87372 -1.63692 CR 138022565.398334
915 6.38189 8.76975 -1.63917 CR 138022565.598341
