DumboCl1_ImageNetVGG
1	0.22053222
2	0.15074714
3	0.09443392
4	0.109355204
5	0.065442085
6	0.06993097
7	0.08912452
8	0.06397952
9	0.056010306
10	0.060361445
11	0.06347686
12	0.051328957
13	0.04071296
14	0.04233792
15	0.057800405
16	0.04831635
17	0.05559845
18	0.04786738
19	0.05283148
20	0.036913794
21	0.045861073
22	0.041572634
23	0.038309287
24	0.038554017
25	0.038958915
26	0.03539028
27	0.03683458
28	0.039950006
29	0.03607944
30	0.035463825
31	0.034110546
32	0.034079388
33	0.035574403
34	0.032115195
35	0.029750247
36	0.030631095
37	0.028649904
38	0.026305674
39	0.03107578
40	0.026160795
41	0.027957352
42	0.031773828
43	0.028190063
44	0.025424916
45	0.02587085
46	0.028559964
47	0.026414067
48	0.025793288
49	0.028045813
50	0.026777118
51	0.022469638
52	0.025105542
53	0.02127664
54	0.022907656
55	0.02354279
56	0.0228473
57	0.026399883
58	0.01982849
59	0.022125721
60	0.022338409
61	0.024253692
62	0.022342447
63	0.020133538
64	0.021328809
65	0.018948141
66	0.021407926
67	0.02037667
68	0.022059249
69	0.019898666
70	0.019784888
71	0.017588241
72	0.019735612
73	0.019139946
74	0.018640934
75	0.019228108
76	0.020648671
77	0.020717157
78	0.019132951
79	0.019337388
80	0.018550234
81	0.018795278
82	0.018106459
83	0.017524661
84	0.018536482
85	0.016563315
86	0.017256983
87	0.016304083
88	0.015424021
89	0.016083948
90	0.015171626
91	0.015760342
92	0.016566658
93	0.016187875
94	0.016328622
95	0.015431657
96	0.015814912
97	0.01532382
98	0.015308822
99	0.01619214
100	0.014504193
101	0.014765913
102	0.0143637005
103	0.015114257
104	0.015329335
105	0.013863679
106	0.014348602
107	0.014741691
108	0.013935125
109	0.014675325
110	0.01450105
111	0.01432831
112	0.012473252
113	0.0137917055
114	0.013710245
115	0.012959346
116	0.01346963
117	0.013611007
118	0.013097534
119	0.013553742
120	0.012641161
121	0.012711749
122	0.012135158
123	0.013482067
124	0.012275796
125	0.01257286
126	0.012759653
127	0.0119706
128	0.013383066
129	0.011821654
130	0.0118328165
131	0.01289598
132	0.011417229
133	0.012299088
134	0.0121861305
135	0.011922995
136	0.012598763
137	0.011442159
138	0.012314837
139	0.011659778
140	0.011394743
141	0.012111125
142	0.010433489
143	0.011522267
144	0.011586925
145	0.011395408
146	0.011525658
147	0.010853009
148	0.010868587
149	0.0115221245
150	0.01101508
151	0.011118962
152	0.009871541
153	0.01046251
154	0.011051719
155	0.010689351
156	0.010780301
157	0.009437519
158	0.010430577
159	0.009847555
160	0.010828393
161	0.009668627
162	0.009927497
163	0.009049049
164	0.00982461
165	0.009238621
166	0.009526371
167	0.009643412
168	0.009903913
169	0.010250548
170	0.010400606
171	0.009256031
172	0.008902141
173	0.009797961
174	0.00896994
175	0.00990357
176	0.00926503
177	0.009534345
178	0.009722759
179	0.009275472
180	0.008749877
181	0.008977063
182	0.008858332
183	0.008818146
184	0.00875611
185	0.00877676
186	0.008286423
187	0.008645866
188	0.008602384
189	0.008963662
190	0.0084259575
191	0.00798831
192	0.008282957
193	0.007829295
194	0.0083230985
195	0.008665361
196	0.008285136
197	0.007857728
198	0.008322878
199	0.008036051
200	0.008148683
201	0.007820339
202	0.0078108814
203	0.008221455
204	0.0076600583
205	0.008038007
206	0.0071393806
207	0.007896778
208	0.0076598343
209	0.0077145537
210	0.007979053
211	0.006908039
212	0.008098599
213	0.0072888792
214	0.007048569
215	0.007578158
216	0.007263264
217	0.007158343
218	0.0066773794
219	0.0073537244
220	0.007674638
221	0.0070315716
222	0.0068705915
223	0.0071144584
224	0.0067875665
225	0.0073548914
226	0.00689619
227	0.006877135
228	0.0073256856
229	0.0071402527
230	0.0065965904
231	0.0066726236
232	0.0065846625
233	0.0064928904
234	0.007191248
235	0.006471749
236	0.00677852
237	0.0061822315
238	0.006167921
239	0.0066736485
240	0.006683828
241	0.0060943193
242	0.0058471463
243	0.006502574
244	0.0058326786
245	0.006624437
246	0.0057061124
247	0.0067695966
248	0.0061042523
249	0.0064509604
250	0.0061611515
251	0.0058557997
252	0.0059498083
253	0.0058722408
254	0.006065117
255	0.0058819205
256	0.0059081204
257	0.005681257
258	0.005376477
259	0.00613127
260	0.005697713
261	0.0058419467
262	0.005638318
263	0.0056645796
264	0.005477829
265	0.005836589
266	0.0057191676
267	0.0054214643
268	0.005295882
269	0.005300323
270	0.0052860226
271	0.005392344
272	0.0055895764
273	0.005750463
274	0.005486675
275	0.005455186
276	0.005687804
277	0.0052623525
278	0.005029508
279	0.005314769
280	0.005145068
281	0.004943661
282	0.0050388677
283	0.0052037956
284	0.004858266
285	0.005180721
286	0.0047250856
287	0.005087836
288	0.004725233
289	0.0051448056
290	0.0047778515
291	0.0046583987
292	0.005067954
293	0.004472724
294	0.0046496307
295	0.0048861606
296	0.004520902
297	0.0048029646
298	0.004639857
299	0.004459815
300	0.0043275594
301	0.0047882893
302	0.004579176
303	0.0047529563
304	0.0046650176
305	0.004419107
306	0.0041165724
307	0.0049798014
308	0.004316242
309	0.0043453737
310	0.004524478
311	0.0042088963
312	0.0044120313
313	0.0041768886
314	0.00422614
315	0.0042391676
316	0.0043407334
317	0.0043527093
318	0.004170132
319	0.0039769737
320	0.003971602
321	0.0040462725
322	0.004122636
323	0.0043783314
324	0.0040965956
325	0.0039030488
326	0.003956749
327	0.0041893353
328	0.0042503183
329	0.0041570505
330	0.0038282317
331	0.0042129364
332	0.0037780693
333	0.0038659864
334	0.0037862153
335	0.0036757523
336	0.003990864
337	0.0037474534
338	0.003797867
339	0.0037003173
340	0.0035062067
341	0.0036217961
342	0.003626004
343	0.003875755
344	0.0037159917
345	0.0035403466
346	0.0036485866
347	0.0036734885
348	0.0037134353
349	0.0037623215
350	0.0033354447
