0.001;0.01;15;114;113;0.9529675;0.99122804;0.9781781;0.981587;0.41300112;86.33924
0.002;0.01;15;108;111;0.9503546;0.9900419;0.9594967;0.9676185;0.41754237;85.70108
0.003;0.01;15;95;102;0.93478906;0.9876627;0.94386137;0.96118003;0.40944108;84.738686
0.004;0.01;15;88;99;0.93086445;0.9854651;0.9397801;0.9607399;0.41033077;84.54361
0.005;0.01;15;73;95;0.91164565;0.97742623;0.9154738;0.94293344;0.40271026;83.00379
0.006;0.01;15;55;87;0.8807743;0.9591767;0.8728215;0.90567297;0.40743247;80.517555
0.007;0.01;15;47;83;0.88906;0.94373524;0.86643195;0.8679649;0.38918665;79.12757
0.008;0.01;15;43;80;0.859788;0.93363583;0.8360412;0.82195324;0.38571045;76.74258
0.009;0.01;15;38;79;0.8294706;0.91228074;0.83769083;0.81531835;0.3504875;74.90496
0.01;0.01;15;37;78;0.85380274;0.90810806;0.8544816;0.82697713;0.32854003;75.438194
0.011;0.01;15;27;67;0.79931986;0.8414814;0.840181;0.83051956;0.31687862;72.567604
0.012;0.01;15;24;66;0.72836447;0.79545456;0.79499906;0.7361279;0.33070397;67.713
0.013;0.01;15;24;67;0.72928315;0.7916666;0.79747385;0.7377644;0.33070397;67.73784
0.014;0.01;15;24;68;0.7280053;0.78787875;0.7914591;0.7379974;0.33070397;67.52089
0.015;0.01;15;28;67;0.8027637;0.8543955;0.8417291;0.81517285;0.31983286;72.67788
0.016;0.01;15;28;66;0.8027866;0.8571428;0.83968633;0.81527764;0.31965682;72.691
0.017;0.01;15;27;62;0.8069138;0.85629624;0.83690435;0.8297435;0.32311565;73.05946
0.018;0.01;15;27;62;0.8069138;0.85629624;0.83690435;0.8297435;0.32311565;73.05946
0.019;0.01;15;27;62;0.8069138;0.85629624;0.83690435;0.8297435;0.32311565;73.05946
0.02;0.01;15;27;62;0.8069138;0.85629624;0.83690435;0.8297435;0.32311565;73.05946
0.021;0.01;15;27;62;0.8069138;0.85629624;0.83690435;0.8297435;0.32311565;73.05946
0.022;0.01;15;27;63;0.8073772;0.8533333;0.838947;0.8298631;0.32311565;73.05272
0.023;0.01;15;27;63;0.8073772;0.8533333;0.838947;0.8298631;0.32311565;73.05272
0.024;0.01;15;27;63;0.8073772;0.8533333;0.838947;0.8298631;0.32311565;73.05272
0.025;0.01;15;27;63;0.8073772;0.8533333;0.838947;0.8298631;0.32311565;73.05272
0.026;0.01;15;27;63;0.8073772;0.8533333;0.838947;0.8298631;0.32311565;73.05272
0.027;0.01;15;27;63;0.8073772;0.8533333;0.838947;0.8298631;0.32311565;73.05272
0.028;0.01;15;27;63;0.8073772;0.8533333;0.838947;0.8298631;0.32311565;73.05272
0.029;0.01;15;27;63;0.8073772;0.8533333;0.838947;0.8298631;0.32311565;73.05272
0.03;0.01;15;27;63;0.8073772;0.8533333;0.838947;0.8298631;0.32311565;73.05272
0.023;0.011;15;22;54;0.761783;0.8045455;0.8215796;0.8251561;0.31157956;70.492874
0.024;0.011;15;22;54;0.761783;0.8045455;0.8215796;0.8251561;0.31157956;70.492874
0.025;0.011;15;22;54;0.761783;0.8045455;0.8215796;0.8251561;0.31157956;70.492874
0.026;0.011;15;22;54;0.761783;0.8045455;0.8215796;0.8251561;0.31157956;70.492874
0.027;0.011;15;22;54;0.761783;0.8045455;0.8215796;0.8251561;0.31157956;70.492874
0.028;0.011;15;22;54;0.761783;0.8045455;0.8215796;0.8251561;0.31157956;70.492874
0.029;0.011;15;22;54;0.761783;0.8045455;0.8215796;0.8251561;0.31157956;70.492874
0.03;0.011;15;22;54;0.761783;0.8045455;0.8215796;0.8251561;0.31157956;70.492874
0.031;0.011;15;22;54;0.761783;0.8045455;0.8215796;0.8251561;0.31157956;70.492874
0.032;0.011;15;22;54;0.761783;0.8045455;0.8215796;0.8251561;0.31157956;70.492874
0.033;0.011;15;22;54;0.761783;0.8045455;0.8215796;0.8251561;0.31157956;70.492874
0.034;0.011;15;22;54;0.761783;0.8045455;0.8215796;0.8251561;0.31157956;70.492874
0.035;0.011;15;22;54;0.761783;0.8045455;0.8215796;0.8251561;0.31157956;70.492874
0.036;0.011;15;22;54;0.761783;0.8045455;0.8215796;0.8251561;0.31157956;70.492874
0.037;0.011;15;22;54;0.761783;0.8045455;0.8215796;0.8251561;0.31157956;70.492874
0.038;0.011;15;22;54;0.761783;0.8045455;0.8215796;0.8251561;0.31157956;70.492874
0.039;0.011;15;22;54;0.761783;0.8045455;0.8215796;0.8251561;0.31157956;70.492874
0.04;0.011;15;22;54;0.761783;0.8045455;0.8215796;0.8251561;0.31157956;70.492874
0.041;0.011;15;22;54;0.761783;0.8045455;0.8215796;0.8251561;0.31157956;70.492874
0.042;0.011;15;22;54;0.761783;0.8045455;0.8215796;0.8251561;0.31157956;70.492874
0.043;0.011;15;22;54;0.761783;0.8045455;0.8215796;0.8251561;0.31157956;70.492874
0.044;0.011;15;22;54;0.761783;0.8045455;0.8215796;0.8251561;0.31157956;70.492874
0.045;0.011;15;22;54;0.761783;0.8045455;0.8215796;0.8251561;0.31157956;70.492874
0.046;0.011;15;22;54;0.761783;0.8045455;0.8215796;0.8251561;0.31157956;70.492874
0.047;0.011;15;22;54;0.761783;0.8045455;0.8215796;0.8251561;0.31157956;70.492874
0.048;0.011;15;22;54;0.761783;0.8045455;0.8215796;0.8251561;0.31157956;70.492874
0.049;0.011;15;22;54;0.761783;0.8045455;0.8215796;0.8251561;0.31157956;70.492874
0.05;0.011;15;22;54;0.761783;0.8045455;0.8215796;0.8251561;0.31157956;70.492874
0.051;0.011;15;22;54;0.761783;0.8045455;0.8215796;0.8251561;0.31157956;70.492874
0.052;0.011;15;22;54;0.761783;0.8045455;0.8215796;0.8251561;0.31157956;70.492874
0.023;0.012;15;17;42;0.70072985;0.73725486;0.82127434;0.7844682;0.31925082;67.25956
0.024;0.012;15;17;42;0.70072985;0.73725486;0.82127434;0.7844682;0.31925082;67.25956
0.025;0.012;15;17;42;0.70072985;0.73725486;0.82127434;0.7844682;0.31925082;67.25956
0.026;0.012;15;17;42;0.70072985;0.73725486;0.82127434;0.7844682;0.31925082;67.25956
0.027;0.012;15;17;42;0.70072985;0.73725486;0.82127434;0.7844682;0.31925082;67.25956
0.028;0.012;15;17;42;0.70072985;0.73725486;0.82127434;0.7844682;0.31925082;67.25956
0.029;0.012;15;17;42;0.70072985;0.73725486;0.82127434;0.7844682;0.31925082;67.25956
0.03;0.012;15;17;42;0.70072985;0.73725486;0.82127434;0.7844682;0.31925082;67.25956
0.031;0.012;15;17;42;0.70072985;0.73725486;0.82127434;0.7844682;0.31925082;67.25956
0.032;0.012;15;17;42;0.70072985;0.73725486;0.82127434;0.7844682;0.31925082;67.25956
0.033;0.012;15;17;42;0.70072985;0.73725486;0.82127434;0.7844682;0.31925082;67.25956
0.034;0.012;15;17;42;0.70072985;0.73725486;0.82127434;0.7844682;0.31925082;67.25956
0.035;0.012;15;17;42;0.70072985;0.73725486;0.82127434;0.7844682;0.31925082;67.25956
0.036;0.012;15;17;42;0.70072985;0.73725486;0.82127434;0.7844682;0.31925082;67.25956
0.037;0.012;15;17;42;0.70072985;0.73725486;0.82127434;0.7844682;0.31925082;67.25956
0.038;0.012;15;17;42;0.70072985;0.73725486;0.82127434;0.7844682;0.31925082;67.25956
0.039;0.012;15;17;42;0.70072985;0.73725486;0.82127434;0.7844682;0.31925082;67.25956
0.04;0.012;15;17;42;0.70072985;0.73725486;0.82127434;0.7844682;0.31925082;67.25956
0.041;0.012;15;17;42;0.70072985;0.73725486;0.82127434;0.7844682;0.31925082;67.25956
0.042;0.012;15;17;42;0.70072985;0.73725486;0.82127434;0.7844682;0.31925082;67.25956
0.043;0.012;15;17;42;0.70072985;0.73725486;0.82127434;0.7844682;0.31925082;67.25956
0.044;0.012;15;17;42;0.70072985;0.73725486;0.82127434;0.7844682;0.31925082;67.25956
0.045;0.012;15;17;42;0.70072985;0.73725486;0.82127434;0.7844682;0.31925082;67.25956
0.046;0.012;15;17;42;0.70072985;0.73725486;0.82127434;0.7844682;0.31925082;67.25956
0.047;0.012;15;17;42;0.70072985;0.73725486;0.82127434;0.7844682;0.31925082;67.25956
0.048;0.012;15;17;42;0.70072985;0.73725486;0.82127434;0.7844682;0.31925082;67.25956
0.049;0.012;15;17;42;0.70072985;0.73725486;0.82127434;0.7844682;0.31925082;67.25956
0.05;0.012;15;17;42;0.70072985;0.73725486;0.82127434;0.7844682;0.31925082;67.25956
0.051;0.012;15;17;42;0.70072985;0.73725486;0.82127434;0.7844682;0.31925082;67.25956
0.052;0.012;15;17;42;0.70072985;0.73725486;0.82127434;0.7844682;0.31925082;67.25956
0.023;0.013;15;13;31;0.8228853;0.6573426;0.7984565;0.7788097;0.32924134;67.73471
0.024;0.013;15;13;31;0.8228853;0.6573426;0.7984565;0.7788097;0.32924134;67.73471
0.025;0.013;15;13;31;0.8228853;0.6573426;0.7984565;0.7788097;0.32924134;67.73471
0.026;0.013;15;13;31;0.8228853;0.6573426;0.7984565;0.7788097;0.32924134;67.73471
0.027;0.013;15;13;31;0.8228853;0.6573426;0.7984565;0.7788097;0.32924134;67.73471
0.028;0.013;15;13;31;0.8228853;0.6573426;0.7984565;0.7788097;0.32924134;67.73471
0.029;0.013;15;13;31;0.8228853;0.6573426;0.7984565;0.7788097;0.32924134;67.73471
0.03;0.013;15;13;31;0.8228853;0.6573426;0.7984565;0.7788097;0.32924134;67.73471
0.031;0.013;15;13;31;0.8228853;0.6573426;0.7984565;0.7788097;0.32924134;67.73471
0.032;0.013;15;13;31;0.8228853;0.6573426;0.7984565;0.7788097;0.32924134;67.73471
0.033;0.013;15;13;31;0.8228853;0.6573426;0.7984565;0.7788097;0.32924134;67.73471
0.034;0.013;15;13;31;0.8228853;0.6573426;0.7984565;0.7788097;0.32924134;67.73471
0.035;0.013;15;13;31;0.8228853;0.6573426;0.7984565;0.7788097;0.32924134;67.73471
0.036;0.013;15;13;31;0.8228853;0.6573426;0.7984565;0.7788097;0.32924134;67.73471
0.037;0.013;15;13;31;0.8228853;0.6573426;0.7984565;0.7788097;0.32924134;67.73471
0.038;0.013;15;13;31;0.8228853;0.6573426;0.7984565;0.7788097;0.32924134;67.73471
0.039;0.013;15;13;31;0.8228853;0.6573426;0.7984565;0.7788097;0.32924134;67.73471
0.04;0.013;15;13;31;0.8228853;0.6573426;0.7984565;0.7788097;0.32924134;67.73471
0.041;0.013;15;13;31;0.8228853;0.6573426;0.7984565;0.7788097;0.32924134;67.73471
0.042;0.013;15;13;31;0.8228853;0.6573426;0.7984565;0.7788097;0.32924134;67.73471
0.043;0.013;15;13;31;0.8228853;0.6573426;0.7984565;0.7788097;0.32924134;67.73471
0.044;0.013;15;13;31;0.8228853;0.6573426;0.7984565;0.7788097;0.32924134;67.73471
0.045;0.013;15;13;31;0.8228853;0.6573426;0.7984565;0.7788097;0.32924134;67.73471
0.046;0.013;15;13;31;0.8228853;0.6573426;0.7984565;0.7788097;0.32924134;67.73471
0.047;0.013;15;13;31;0.8228853;0.6573426;0.7984565;0.7788097;0.32924134;67.73471
0.048;0.013;15;13;31;0.8228853;0.6573426;0.7984565;0.7788097;0.32924134;67.73471
0.049;0.013;15;13;31;0.8228853;0.6573426;0.7984565;0.7788097;0.32924134;67.73471
0.05;0.013;15;13;31;0.8228853;0.6573426;0.7984565;0.7788097;0.32924134;67.73471
0.051;0.013;15;13;31;0.8228853;0.6573426;0.7984565;0.7788097;0.32924134;67.73471
0.052;0.013;15;13;31;0.8228853;0.6573426;0.7984565;0.7788097;0.32924134;67.73471
0.023;0.014;15;13;25;0.8418372;0.7412587;0.816215;0.80488145;0.33069125;70.69767
0.024;0.014;15;13;25;0.8418372;0.7412587;0.816215;0.80488145;0.33069125;70.69767
0.025;0.014;15;13;25;0.8418372;0.7412587;0.816215;0.80488145;0.33069125;70.69767
0.026;0.014;15;13;25;0.8418372;0.7412587;0.816215;0.80488145;0.33069125;70.69767
0.027;0.014;15;13;25;0.8418372;0.7412587;0.816215;0.80488145;0.33069125;70.69767
0.028;0.014;15;13;25;0.8418372;0.7412587;0.816215;0.80488145;0.33069125;70.69767
0.029;0.014;15;13;25;0.8418372;0.7412587;0.816215;0.80488145;0.33069125;70.69767
0.03;0.014;15;13;25;0.8418372;0.7412587;0.816215;0.80488145;0.33069125;70.69767
0.031;0.014;15;13;25;0.8418372;0.7412587;0.816215;0.80488145;0.33069125;70.69767
0.032;0.014;15;13;25;0.8418372;0.7412587;0.816215;0.80488145;0.33069125;70.69767
0.033;0.014;15;13;25;0.8418372;0.7412587;0.816215;0.80488145;0.33069125;70.69767
0.034;0.014;15;13;25;0.8418372;0.7412587;0.816215;0.80488145;0.33069125;70.69767
0.035;0.014;15;13;25;0.8418372;0.7412587;0.816215;0.80488145;0.33069125;70.69767
0.036;0.014;15;13;25;0.8418372;0.7412587;0.816215;0.80488145;0.33069125;70.69767
0.037;0.014;15;13;25;0.8418372;0.7412587;0.816215;0.80488145;0.33069125;70.69767
0.038;0.014;15;13;25;0.8418372;0.7412587;0.816215;0.80488145;0.33069125;70.69767
0.039;0.014;15;13;25;0.8418372;0.7412587;0.816215;0.80488145;0.33069125;70.69767
0.04;0.014;15;13;25;0.8418372;0.7412587;0.816215;0.80488145;0.33069125;70.69767
0.041;0.014;15;13;25;0.8418372;0.7412587;0.816215;0.80488145;0.33069125;70.69767
0.042;0.014;15;13;25;0.8418372;0.7412587;0.816215;0.80488145;0.33069125;70.69767
0.043;0.014;15;13;25;0.8418372;0.7412587;0.816215;0.80488145;0.33069125;70.69767
0.044;0.014;15;13;25;0.8418372;0.7412587;0.816215;0.80488145;0.33069125;70.69767
0.045;0.014;15;13;25;0.8418372;0.7412587;0.816215;0.80488145;0.33069125;70.69767
0.046;0.014;15;13;25;0.8418372;0.7412587;0.816215;0.80488145;0.33069125;70.69767
0.047;0.014;15;13;25;0.8418372;0.7412587;0.816215;0.80488145;0.33069125;70.69767
0.048;0.014;15;13;25;0.8418372;0.7412587;0.816215;0.80488145;0.33069125;70.69767
0.049;0.014;15;13;25;0.8418372;0.7412587;0.816215;0.80488145;0.33069125;70.69767
0.05;0.014;15;13;25;0.8418372;0.7412587;0.816215;0.80488145;0.33069125;70.69767
0.051;0.014;15;13;25;0.8418372;0.7412587;0.816215;0.80488145;0.33069125;70.69767
0.052;0.014;15;13;25;0.8418372;0.7412587;0.816215;0.80488145;0.33069125;70.69767
0.023;0.015;15;13;22;0.78856945;0.7832167;0.77992606;0.7217012;0.35145918;68.49745
0.024;0.015;15;13;22;0.78856945;0.7832167;0.77992606;0.7217012;0.35145918;68.49745
0.025;0.015;15;13;22;0.78856945;0.7832167;0.77992606;0.7217012;0.35145918;68.49745
0.026;0.015;15;13;22;0.78856945;0.7832167;0.77992606;0.7217012;0.35145918;68.49745
0.027;0.015;15;13;22;0.78856945;0.7832167;0.77992606;0.7217012;0.35145918;68.49745
0.028;0.015;15;13;22;0.78856945;0.7832167;0.77992606;0.7217012;0.35145918;68.49745
0.029;0.015;15;13;22;0.78856945;0.7832167;0.77992606;0.7217012;0.35145918;68.49745
0.03;0.015;15;13;22;0.78856945;0.7832167;0.77992606;0.7217012;0.35145918;68.49745
0.031;0.015;15;13;22;0.78856945;0.7832167;0.77992606;0.7217012;0.35145918;68.49745
0.032;0.015;15;13;22;0.78856945;0.7832167;0.77992606;0.7217012;0.35145918;68.49745
0.033;0.015;15;13;22;0.78856945;0.7832167;0.77992606;0.7217012;0.35145918;68.49745
0.034;0.015;15;13;22;0.78856945;0.7832167;0.77992606;0.7217012;0.35145918;68.49745
0.035;0.015;15;13;22;0.78856945;0.7832167;0.77992606;0.7217012;0.35145918;68.49745
0.036;0.015;15;13;22;0.78856945;0.7832167;0.77992606;0.7217012;0.35145918;68.49745
0.037;0.015;15;13;22;0.78856945;0.7832167;0.77992606;0.7217012;0.35145918;68.49745
0.038;0.015;15;13;22;0.78856945;0.7832167;0.77992606;0.7217012;0.35145918;68.49745
0.039;0.015;15;13;22;0.78856945;0.7832167;0.77992606;0.7217012;0.35145918;68.49745
0.04;0.015;15;13;22;0.78856945;0.7832167;0.77992606;0.7217012;0.35145918;68.49745
0.041;0.015;15;13;22;0.78856945;0.7832167;0.77992606;0.7217012;0.35145918;68.49745
0.042;0.015;15;13;22;0.78856945;0.7832167;0.77992606;0.7217012;0.35145918;68.49745
0.043;0.015;15;13;22;0.78856945;0.7832167;0.77992606;0.7217012;0.35145918;68.49745
0.044;0.015;15;13;22;0.78856945;0.7832167;0.77992606;0.7217012;0.35145918;68.49745
0.045;0.015;15;13;22;0.78856945;0.7832167;0.77992606;0.7217012;0.35145918;68.49745
0.046;0.015;15;13;22;0.78856945;0.7832167;0.77992606;0.7217012;0.35145918;68.49745
0.047;0.015;15;13;22;0.78856945;0.7832167;0.77992606;0.7217012;0.35145918;68.49745
0.048;0.015;15;13;22;0.78856945;0.7832167;0.77992606;0.7217012;0.35145918;68.49745
0.049;0.015;15;13;22;0.78856945;0.7832167;0.77992606;0.7217012;0.35145918;68.49745
0.05;0.015;15;13;22;0.78856945;0.7832167;0.77992606;0.7217012;0.35145918;68.49745
0.051;0.015;15;13;22;0.78856945;0.7832167;0.77992606;0.7217012;0.35145918;68.49745
0.052;0.015;15;13;22;0.78856945;0.7832167;0.77992606;0.7217012;0.35145918;68.49745
0.023;0.016;15;11;19;0.6370192;0.72727275;0.80923843;0.67438364;0.3006106;62.970493
0.024;0.016;15;11;19;0.6370192;0.72727275;0.80923843;0.67438364;0.3006106;62.970493
0.025;0.016;15;11;19;0.6370192;0.72727275;0.80923843;0.67438364;0.3006106;62.970493
0.026;0.016;15;11;19;0.6370192;0.72727275;0.80923843;0.67438364;0.3006106;62.970493
0.027;0.016;15;11;19;0.6370192;0.72727275;0.80923843;0.67438364;0.3006106;62.970493
0.028;0.016;15;11;19;0.6370192;0.72727275;0.80923843;0.67438364;0.3006106;62.970493
0.029;0.016;15;11;19;0.6370192;0.72727275;0.80923843;0.67438364;0.3006106;62.970493
0.03;0.016;15;11;19;0.6370192;0.72727275;0.80923843;0.67438364;0.3006106;62.970493
0.031;0.016;15;11;19;0.6370192;0.72727275;0.80923843;0.67438364;0.3006106;62.970493
0.032;0.016;15;11;19;0.6370192;0.72727275;0.80923843;0.67438364;0.3006106;62.970493
0.033;0.016;15;11;19;0.6370192;0.72727275;0.80923843;0.67438364;0.3006106;62.970493
0.034;0.016;15;11;19;0.6370192;0.72727275;0.80923843;0.67438364;0.3006106;62.970493
0.035;0.016;15;11;19;0.6370192;0.72727275;0.80923843;0.67438364;0.3006106;62.970493
0.036;0.016;15;11;19;0.6370192;0.72727275;0.80923843;0.67438364;0.3006106;62.970493
0.037;0.016;15;11;19;0.6370192;0.72727275;0.80923843;0.67438364;0.3006106;62.970493
0.038;0.016;15;11;19;0.6370192;0.72727275;0.80923843;0.67438364;0.3006106;62.970493
0.039;0.016;15;11;19;0.6370192;0.72727275;0.80923843;0.67438364;0.3006106;62.970493
0.04;0.016;15;11;19;0.6370192;0.72727275;0.80923843;0.67438364;0.3006106;62.970493
0.041;0.016;15;11;19;0.6370192;0.72727275;0.80923843;0.67438364;0.3006106;62.970493
0.042;0.016;15;11;19;0.6370192;0.72727275;0.80923843;0.67438364;0.3006106;62.970493
0.043;0.016;15;11;19;0.6370192;0.72727275;0.80923843;0.67438364;0.3006106;62.970493
0.044;0.016;15;11;19;0.6370192;0.72727275;0.80923843;0.67438364;0.3006106;62.970493
0.045;0.016;15;11;19;0.6370192;0.72727275;0.80923843;0.67438364;0.3006106;62.970493
0.046;0.016;15;11;19;0.6370192;0.72727275;0.80923843;0.67438364;0.3006106;62.970493
0.047;0.016;15;11;19;0.6370192;0.72727275;0.80923843;0.67438364;0.3006106;62.970493
0.048;0.016;15;11;19;0.6370192;0.72727275;0.80923843;0.67438364;0.3006106;62.970493
0.049;0.016;15;11;19;0.6370192;0.72727275;0.80923843;0.67438364;0.3006106;62.970493
0.05;0.016;15;11;19;0.6370192;0.72727275;0.80923843;0.67438364;0.3006106;62.970493
0.051;0.016;15;11;19;0.6370192;0.72727275;0.80923843;0.67438364;0.3006106;62.970493
0.052;0.016;15;11;19;0.6370192;0.72727275;0.80923843;0.67438364;0.3006106;62.970493
0.023;0.017;15;10;17;0.685585;0.7;0.79817384;0.7349427;0.33968285;65.16769
0.024;0.017;15;10;17;0.685585;0.7;0.79817384;0.7349427;0.33968285;65.16769
0.025;0.017;15;10;17;0.685585;0.7;0.79817384;0.7349427;0.33968285;65.16769
0.026;0.017;15;10;17;0.685585;0.7;0.79817384;0.7349427;0.33968285;65.16769
0.027;0.017;15;10;17;0.685585;0.7;0.79817384;0.7349427;0.33968285;65.16769
0.028;0.017;15;10;17;0.685585;0.7;0.79817384;0.7349427;0.33968285;65.16769
0.029;0.017;15;10;17;0.685585;0.7;0.79817384;0.7349427;0.33968285;65.16769
0.03;0.017;15;10;17;0.685585;0.7;0.79817384;0.7349427;0.33968285;65.16769
0.031;0.017;15;10;17;0.685585;0.7;0.79817384;0.7349427;0.33968285;65.16769
0.032;0.017;15;10;17;0.685585;0.7;0.79817384;0.7349427;0.33968285;65.16769
0.033;0.017;15;10;17;0.685585;0.7;0.79817384;0.7349427;0.33968285;65.16769
0.034;0.017;15;10;17;0.685585;0.7;0.79817384;0.7349427;0.33968285;65.16769
0.035;0.017;15;10;17;0.685585;0.7;0.79817384;0.7349427;0.33968285;65.16769
0.036;0.017;15;10;17;0.685585;0.7;0.79817384;0.7349427;0.33968285;65.16769
0.037;0.017;15;10;17;0.685585;0.7;0.79817384;0.7349427;0.33968285;65.16769
0.038;0.017;15;10;17;0.685585;0.7;0.79817384;0.7349427;0.33968285;65.16769
0.039;0.017;15;10;17;0.685585;0.7;0.79817384;0.7349427;0.33968285;65.16769
0.04;0.017;15;10;17;0.685585;0.7;0.79817384;0.7349427;0.33968285;65.16769
0.041;0.017;15;10;17;0.685585;0.7;0.79817384;0.7349427;0.33968285;65.16769
0.042;0.017;15;10;17;0.685585;0.7;0.79817384;0.7349427;0.33968285;65.16769
0.043;0.017;15;10;17;0.685585;0.7;0.79817384;0.7349427;0.33968285;65.16769
0.044;0.017;15;10;17;0.685585;0.7;0.79817384;0.7349427;0.33968285;65.16769
0.045;0.017;15;10;17;0.685585;0.7;0.79817384;0.7349427;0.33968285;65.16769
0.046;0.017;15;10;17;0.685585;0.7;0.79817384;0.7349427;0.33968285;65.16769
0.047;0.017;15;10;17;0.685585;0.7;0.79817384;0.7349427;0.33968285;65.16769
0.048;0.017;15;10;17;0.685585;0.7;0.79817384;0.7349427;0.33968285;65.16769
0.049;0.017;15;10;17;0.685585;0.7;0.79817384;0.7349427;0.33968285;65.16769
0.05;0.017;15;10;17;0.685585;0.7;0.79817384;0.7349427;0.33968285;65.16769
0.051;0.017;15;10;17;0.685585;0.7;0.79817384;0.7349427;0.33968285;65.16769
0.052;0.017;15;10;17;0.685585;0.7;0.79817384;0.7349427;0.33968285;65.16769
0.023;0.018;15;5;8;0.65066385;0.26666656;0.7926669;0.7227055;0.2947886;54.549824
0.024;0.018;15;5;8;0.65066385;0.26666656;0.7926669;0.7227055;0.2947886;54.549824
0.025;0.018;15;5;8;0.65066385;0.26666656;0.7926669;0.7227055;0.2947886;54.549824
0.026;0.018;15;5;8;0.65066385;0.26666656;0.7926669;0.7227055;0.2947886;54.549824
0.027;0.018;15;5;8;0.65066385;0.26666656;0.7926669;0.7227055;0.2947886;54.549824
0.028;0.018;15;5;8;0.65066385;0.26666656;0.7926669;0.7227055;0.2947886;54.549824
0.029;0.018;15;5;8;0.65066385;0.26666656;0.7926669;0.7227055;0.2947886;54.549824
0.03;0.018;15;5;8;0.65066385;0.26666656;0.7926669;0.7227055;0.2947886;54.549824
0.031;0.018;15;5;8;0.65066385;0.26666656;0.7926669;0.7227055;0.2947886;54.549824
0.032;0.018;15;5;8;0.65066385;0.26666656;0.7926669;0.7227055;0.2947886;54.549824
0.033;0.018;15;5;8;0.65066385;0.26666656;0.7926669;0.7227055;0.2947886;54.549824
0.034;0.018;15;5;8;0.65066385;0.26666656;0.7926669;0.7227055;0.2947886;54.549824
0.035;0.018;15;5;8;0.65066385;0.26666656;0.7926669;0.7227055;0.2947886;54.549824
0.036;0.018;15;5;8;0.65066385;0.26666656;0.7926669;0.7227055;0.2947886;54.549824
0.037;0.018;15;5;8;0.65066385;0.26666656;0.7926669;0.7227055;0.2947886;54.549824
0.038;0.018;15;5;8;0.65066385;0.26666656;0.7926669;0.7227055;0.2947886;54.549824
0.039;0.018;15;5;8;0.65066385;0.26666656;0.7926669;0.7227055;0.2947886;54.549824
0.04;0.018;15;5;8;0.65066385;0.26666656;0.7926669;0.7227055;0.2947886;54.549824
0.041;0.018;15;5;8;0.65066385;0.26666656;0.7926669;0.7227055;0.2947886;54.549824
0.042;0.018;15;5;8;0.65066385;0.26666656;0.7926669;0.7227055;0.2947886;54.549824
0.043;0.018;15;5;8;0.65066385;0.26666656;0.7926669;0.7227055;0.2947886;54.549824
0.044;0.018;15;5;8;0.65066385;0.26666656;0.7926669;0.7227055;0.2947886;54.549824
0.045;0.018;15;5;8;0.65066385;0.26666656;0.7926669;0.7227055;0.2947886;54.549824
0.046;0.018;15;5;8;0.65066385;0.26666656;0.7926669;0.7227055;0.2947886;54.549824
0.047;0.018;15;5;8;0.65066385;0.26666656;0.7926669;0.7227055;0.2947886;54.549824
0.048;0.018;15;5;8;0.65066385;0.26666656;0.7926669;0.7227055;0.2947886;54.549824
0.049;0.018;15;5;8;0.65066385;0.26666656;0.7926669;0.7227055;0.2947886;54.549824
0.05;0.018;15;5;8;0.65066385;0.26666656;0.7926669;0.7227055;0.2947886;54.549824
0.051;0.018;15;5;8;0.65066385;0.26666656;0.7926669;0.7227055;0.2947886;54.549824
0.052;0.018;15;5;8;0.65066385;0.26666656;0.7926669;0.7227055;0.2947886;54.549824
0.023;0.019;15;4;6;0.6477455;0.0;0.9004394;0.7167803;0.14781423;48.255585
0.024;0.019;15;4;6;0.6477455;0.0;0.9004394;0.7167803;0.14781423;48.255585
0.025;0.019;15;4;6;0.6477455;0.0;0.9004394;0.7167803;0.14781423;48.255585
0.026;0.019;15;4;6;0.6477455;0.0;0.9004394;0.7167803;0.14781423;48.255585
0.027;0.019;15;4;6;0.6477455;0.0;0.9004394;0.7167803;0.14781423;48.255585
0.028;0.019;15;4;6;0.6477455;0.0;0.9004394;0.7167803;0.14781423;48.255585
0.029;0.019;15;4;6;0.6477455;0.0;0.9004394;0.7167803;0.14781423;48.255585
0.03;0.019;15;4;6;0.6477455;0.0;0.9004394;0.7167803;0.14781423;48.255585
0.031;0.019;15;4;6;0.6477455;0.0;0.9004394;0.7167803;0.14781423;48.255585
0.032;0.019;15;4;6;0.6477455;0.0;0.9004394;0.7167803;0.14781423;48.255585
0.033;0.019;15;4;6;0.6477455;0.0;0.9004394;0.7167803;0.14781423;48.255585
0.034;0.019;15;4;6;0.6477455;0.0;0.9004394;0.7167803;0.14781423;48.255585
0.035;0.019;15;4;6;0.6477455;0.0;0.9004394;0.7167803;0.14781423;48.255585
0.036;0.019;15;4;6;0.6477455;0.0;0.9004394;0.7167803;0.14781423;48.255585
0.037;0.019;15;4;6;0.6477455;0.0;0.9004394;0.7167803;0.14781423;48.255585
0.038;0.019;15;4;6;0.6477455;0.0;0.9004394;0.7167803;0.14781423;48.255585
0.039;0.019;15;4;6;0.6477455;0.0;0.9004394;0.7167803;0.14781423;48.255585
0.04;0.019;15;4;6;0.6477455;0.0;0.9004394;0.7167803;0.14781423;48.255585
0.041;0.019;15;4;6;0.6477455;0.0;0.9004394;0.7167803;0.14781423;48.255585
0.042;0.019;15;4;6;0.6477455;0.0;0.9004394;0.7167803;0.14781423;48.255585
0.043;0.019;15;4;6;0.6477455;0.0;0.9004394;0.7167803;0.14781423;48.255585
0.044;0.019;15;4;6;0.6477455;0.0;0.9004394;0.7167803;0.14781423;48.255585
0.045;0.019;15;4;6;0.6477455;0.0;0.9004394;0.7167803;0.14781423;48.255585
0.046;0.019;15;4;6;0.6477455;0.0;0.9004394;0.7167803;0.14781423;48.255585
0.047;0.019;15;4;6;0.6477455;0.0;0.9004394;0.7167803;0.14781423;48.255585
0.048;0.019;15;4;6;0.6477455;0.0;0.9004394;0.7167803;0.14781423;48.255585
0.049;0.019;15;4;6;0.6477455;0.0;0.9004394;0.7167803;0.14781423;48.255585
0.05;0.019;15;4;6;0.6477455;0.0;0.9004394;0.7167803;0.14781423;48.255585
0.051;0.019;15;4;6;0.6477455;0.0;0.9004394;0.7167803;0.14781423;48.255585
0.052;0.019;15;4;6;0.6477455;0.0;0.9004394;0.7167803;0.14781423;48.255585
0.023;0.02;15;4;4;0.68615913;0.5;0.82691824;0.6913819;0.311942;60.328026
0.024;0.02;15;4;4;0.68615913;0.5;0.82691824;0.6913819;0.311942;60.328026
0.025;0.02;15;4;4;0.68615913;0.5;0.82691824;0.6913819;0.311942;60.328026
0.026;0.02;15;4;4;0.68615913;0.5;0.82691824;0.6913819;0.311942;60.328026
0.027;0.02;15;4;4;0.68615913;0.5;0.82691824;0.6913819;0.311942;60.328026
0.028;0.02;15;4;4;0.68615913;0.5;0.82691824;0.6913819;0.311942;60.328026
0.029;0.02;15;4;4;0.68615913;0.5;0.82691824;0.6913819;0.311942;60.328026
0.03;0.02;15;4;4;0.68615913;0.5;0.82691824;0.6913819;0.311942;60.328026
0.031;0.02;15;4;4;0.68615913;0.5;0.82691824;0.6913819;0.311942;60.328026
0.032;0.02;15;4;4;0.68615913;0.5;0.82691824;0.6913819;0.311942;60.328026
0.033;0.02;15;4;4;0.68615913;0.5;0.82691824;0.6913819;0.311942;60.328026
0.034;0.02;15;4;4;0.68615913;0.5;0.82691824;0.6913819;0.311942;60.328026
0.035;0.02;15;4;4;0.68615913;0.5;0.82691824;0.6913819;0.311942;60.328026
0.036;0.02;15;4;4;0.68615913;0.5;0.82691824;0.6913819;0.311942;60.328026
0.037;0.02;15;4;4;0.68615913;0.5;0.82691824;0.6913819;0.311942;60.328026
0.038;0.02;15;4;4;0.68615913;0.5;0.82691824;0.6913819;0.311942;60.328026
0.039;0.02;15;4;4;0.68615913;0.5;0.82691824;0.6913819;0.311942;60.328026
0.04;0.02;15;4;4;0.68615913;0.5;0.82691824;0.6913819;0.311942;60.328026
0.041;0.02;15;4;4;0.68615913;0.5;0.82691824;0.6913819;0.311942;60.328026
0.042;0.02;15;4;4;0.68615913;0.5;0.82691824;0.6913819;0.311942;60.328026
0.043;0.02;15;4;4;0.68615913;0.5;0.82691824;0.6913819;0.311942;60.328026
0.044;0.02;15;4;4;0.68615913;0.5;0.82691824;0.6913819;0.311942;60.328026
0.045;0.02;15;4;4;0.68615913;0.5;0.82691824;0.6913819;0.311942;60.328026
0.046;0.02;15;4;4;0.68615913;0.5;0.82691824;0.6913819;0.311942;60.328026
0.047;0.02;15;4;4;0.68615913;0.5;0.82691824;0.6913819;0.311942;60.328026
0.048;0.02;15;4;4;0.68615913;0.5;0.82691824;0.6913819;0.311942;60.328026
0.049;0.02;15;4;4;0.68615913;0.5;0.82691824;0.6913819;0.311942;60.328026
0.05;0.02;15;4;4;0.68615913;0.5;0.82691824;0.6913819;0.311942;60.328026
0.051;0.02;15;4;4;0.68615913;0.5;0.82691824;0.6913819;0.311942;60.328026
0.052;0.02;15;4;4;0.68615913;0.5;0.82691824;0.6913819;0.311942;60.328026
0.023;0.021;15;4;4;0.6936841;0.5;0.8232362;0.70095193;0.32365754;60.8306
0.024;0.021;15;4;4;0.6936841;0.5;0.8232362;0.70095193;0.32365754;60.8306
0.025;0.021;15;4;4;0.6936841;0.5;0.8232362;0.70095193;0.32365754;60.8306
0.026;0.021;15;4;4;0.6936841;0.5;0.8232362;0.70095193;0.32365754;60.8306
0.027;0.021;15;4;4;0.6936841;0.5;0.8232362;0.70095193;0.32365754;60.8306
0.028;0.021;15;4;4;0.6936841;0.5;0.8232362;0.70095193;0.32365754;60.8306
0.029;0.021;15;4;4;0.6936841;0.5;0.8232362;0.70095193;0.32365754;60.8306
0.03;0.021;15;4;4;0.6936841;0.5;0.8232362;0.70095193;0.32365754;60.8306
0.031;0.021;15;4;4;0.6936841;0.5;0.8232362;0.70095193;0.32365754;60.8306
0.032;0.021;15;4;4;0.6936841;0.5;0.8232362;0.70095193;0.32365754;60.8306
0.033;0.021;15;4;4;0.6936841;0.5;0.8232362;0.70095193;0.32365754;60.8306
0.034;0.021;15;4;4;0.6936841;0.5;0.8232362;0.70095193;0.32365754;60.8306
0.035;0.021;15;4;4;0.6936841;0.5;0.8232362;0.70095193;0.32365754;60.8306
0.036;0.021;15;4;4;0.6936841;0.5;0.8232362;0.70095193;0.32365754;60.8306
0.037;0.021;15;4;4;0.6936841;0.5;0.8232362;0.70095193;0.32365754;60.8306
0.038;0.021;15;4;4;0.6936841;0.5;0.8232362;0.70095193;0.32365754;60.8306
0.039;0.021;15;4;4;0.6936841;0.5;0.8232362;0.70095193;0.32365754;60.8306
0.04;0.021;15;4;4;0.6936841;0.5;0.8232362;0.70095193;0.32365754;60.8306
0.041;0.021;15;4;4;0.6936841;0.5;0.8232362;0.70095193;0.32365754;60.8306
0.042;0.021;15;4;4;0.6936841;0.5;0.8232362;0.70095193;0.32365754;60.8306
0.043;0.021;15;4;4;0.6936841;0.5;0.8232362;0.70095193;0.32365754;60.8306
0.044;0.021;15;4;4;0.6936841;0.5;0.8232362;0.70095193;0.32365754;60.8306
0.045;0.021;15;4;4;0.6936841;0.5;0.8232362;0.70095193;0.32365754;60.8306
0.046;0.021;15;4;4;0.6936841;0.5;0.8232362;0.70095193;0.32365754;60.8306
0.047;0.021;15;4;4;0.6936841;0.5;0.8232362;0.70095193;0.32365754;60.8306
0.048;0.021;15;4;4;0.6936841;0.5;0.8232362;0.70095193;0.32365754;60.8306
0.049;0.021;15;4;4;0.6936841;0.5;0.8232362;0.70095193;0.32365754;60.8306
0.05;0.021;15;4;4;0.6936841;0.5;0.8232362;0.70095193;0.32365754;60.8306
0.051;0.021;15;4;4;0.6936841;0.5;0.8232362;0.70095193;0.32365754;60.8306
0.052;0.021;15;4;4;0.6936841;0.5;0.8232362;0.70095193;0.32365754;60.8306
0.023;0.022;15;2;1;0.59762776;NaN;0.90628403;0.6293395;0.09371593;NaN
0.024;0.022;15;2;1;0.59762776;NaN;0.90628403;0.6293395;0.09371593;NaN
0.025;0.022;15;2;1;0.59762776;NaN;0.90628403;0.6293395;0.09371593;NaN
0.026;0.022;15;2;1;0.59762776;NaN;0.90628403;0.6293395;0.09371593;NaN
0.027;0.022;15;2;1;0.59762776;NaN;0.90628403;0.6293395;0.09371593;NaN
0.028;0.022;15;2;1;0.59762776;NaN;0.90628403;0.6293395;0.09371593;NaN
0.029;0.022;15;2;1;0.59762776;NaN;0.90628403;0.6293395;0.09371593;NaN
0.03;0.022;15;2;1;0.59762776;NaN;0.90628403;0.6293395;0.09371593;NaN
0.031;0.022;15;2;1;0.59762776;NaN;0.90628403;0.6293395;0.09371593;NaN
0.032;0.022;15;2;1;0.59762776;NaN;0.90628403;0.6293395;0.09371593;NaN
0.033;0.022;15;2;1;0.59762776;NaN;0.90628403;0.6293395;0.09371593;NaN
0.034;0.022;15;2;1;0.59762776;NaN;0.90628403;0.6293395;0.09371593;NaN
0.035;0.022;15;2;1;0.59762776;NaN;0.90628403;0.6293395;0.09371593;NaN
0.036;0.022;15;2;1;0.59762776;NaN;0.90628403;0.6293395;0.09371593;NaN
0.037;0.022;15;2;1;0.59762776;NaN;0.90628403;0.6293395;0.09371593;NaN
0.038;0.022;15;2;1;0.59762776;NaN;0.90628403;0.6293395;0.09371593;NaN
0.039;0.022;15;2;1;0.59762776;NaN;0.90628403;0.6293395;0.09371593;NaN
0.04;0.022;15;2;1;0.59762776;NaN;0.90628403;0.6293395;0.09371593;NaN
0.041;0.022;15;2;1;0.59762776;NaN;0.90628403;0.6293395;0.09371593;NaN
0.042;0.022;15;2;1;0.59762776;NaN;0.90628403;0.6293395;0.09371593;NaN
0.043;0.022;15;2;1;0.59762776;NaN;0.90628403;0.6293395;0.09371593;NaN
0.044;0.022;15;2;1;0.59762776;NaN;0.90628403;0.6293395;0.09371593;NaN
0.045;0.022;15;2;1;0.59762776;NaN;0.90628403;0.6293395;0.09371593;NaN
0.046;0.022;15;2;1;0.59762776;NaN;0.90628403;0.6293395;0.09371593;NaN
0.047;0.022;15;2;1;0.59762776;NaN;0.90628403;0.6293395;0.09371593;NaN
0.048;0.022;15;2;1;0.59762776;NaN;0.90628403;0.6293395;0.09371593;NaN
0.049;0.022;15;2;1;0.59762776;NaN;0.90628403;0.6293395;0.09371593;NaN
0.05;0.022;15;2;1;0.59762776;NaN;0.90628403;0.6293395;0.09371593;NaN
0.051;0.022;15;2;1;0.59762776;NaN;0.90628403;0.6293395;0.09371593;NaN
0.052;0.022;15;2;1;0.59762776;NaN;0.90628403;0.6293395;0.09371593;NaN
0.023;0.023;15;2;1;0.59762776;NaN;0.90628403;0.6293395;0.09371593;NaN
0.024;0.023;15;2;1;0.59762776;NaN;0.90628403;0.6293395;0.09371593;NaN
0.025;0.023;15;2;1;0.59762776;NaN;0.90628403;0.6293395;0.09371593;NaN
0.026;0.023;15;2;1;0.59762776;NaN;0.90628403;0.6293395;0.09371593;NaN
0.027;0.023;15;2;1;0.59762776;NaN;0.90628403;0.6293395;0.09371593;NaN
0.028;0.023;15;2;1;0.59762776;NaN;0.90628403;0.6293395;0.09371593;NaN
0.029;0.023;15;2;1;0.59762776;NaN;0.90628403;0.6293395;0.09371593;NaN
0.03;0.023;15;2;1;0.59762776;NaN;0.90628403;0.6293395;0.09371593;NaN
0.031;0.023;15;2;1;0.59762776;NaN;0.90628403;0.6293395;0.09371593;NaN
0.032;0.023;15;2;1;0.59762776;NaN;0.90628403;0.6293395;0.09371593;NaN
0.033;0.023;15;2;1;0.59762776;NaN;0.90628403;0.6293395;0.09371593;NaN
0.034;0.023;15;2;1;0.59762776;NaN;0.90628403;0.6293395;0.09371593;NaN
0.035;0.023;15;2;1;0.59762776;NaN;0.90628403;0.6293395;0.09371593;NaN
0.036;0.023;15;2;1;0.59762776;NaN;0.90628403;0.6293395;0.09371593;NaN
0.037;0.023;15;2;1;0.59762776;NaN;0.90628403;0.6293395;0.09371593;NaN
0.038;0.023;15;2;1;0.59762776;NaN;0.90628403;0.6293395;0.09371593;NaN
0.039;0.023;15;2;1;0.59762776;NaN;0.90628403;0.6293395;0.09371593;NaN
0.04;0.023;15;2;1;0.59762776;NaN;0.90628403;0.6293395;0.09371593;NaN
0.041;0.023;15;2;1;0.59762776;NaN;0.90628403;0.6293395;0.09371593;NaN
0.042;0.023;15;2;1;0.59762776;NaN;0.90628403;0.6293395;0.09371593;NaN
0.043;0.023;15;2;1;0.59762776;NaN;0.90628403;0.6293395;0.09371593;NaN
0.044;0.023;15;2;1;0.59762776;NaN;0.90628403;0.6293395;0.09371593;NaN
0.045;0.023;15;2;1;0.59762776;NaN;0.90628403;0.6293395;0.09371593;NaN
0.046;0.023;15;2;1;0.59762776;NaN;0.90628403;0.6293395;0.09371593;NaN
0.047;0.023;15;2;1;0.59762776;NaN;0.90628403;0.6293395;0.09371593;NaN
0.048;0.023;15;2;1;0.59762776;NaN;0.90628403;0.6293395;0.09371593;NaN
0.049;0.023;15;2;1;0.59762776;NaN;0.90628403;0.6293395;0.09371593;NaN
0.05;0.023;15;2;1;0.59762776;NaN;0.90628403;0.6293395;0.09371593;NaN
0.051;0.023;15;2;1;0.59762776;NaN;0.90628403;0.6293395;0.09371593;NaN
0.052;0.023;15;2;1;0.59762776;NaN;0.90628403;0.6293395;0.09371593;NaN
0.023;0.024;15;1;0;0.6764706;-0.0;1.0;0.5687177;2.4866472E-8;44.903767
0.024;0.024;15;1;0;0.6764706;-0.0;1.0;0.5687177;2.4866472E-8;44.903767
0.025;0.024;15;1;0;0.6764706;-0.0;1.0;0.5687177;2.4866472E-8;44.903767
0.026;0.024;15;1;0;0.6764706;-0.0;1.0;0.5687177;2.4866472E-8;44.903767
0.027;0.024;15;1;0;0.6764706;-0.0;1.0;0.5687177;2.4866472E-8;44.903767
0.028;0.024;15;1;0;0.6764706;-0.0;1.0;0.5687177;2.4866472E-8;44.903767
0.029;0.024;15;1;0;0.6764706;-0.0;1.0;0.5687177;2.4866472E-8;44.903767
0.03;0.024;15;1;0;0.6764706;-0.0;1.0;0.5687177;2.4866472E-8;44.903767
0.031;0.024;15;1;0;0.6764706;-0.0;1.0;0.5687177;2.4866472E-8;44.903767
0.032;0.024;15;1;0;0.6764706;-0.0;1.0;0.5687177;2.4866472E-8;44.903767
0.033;0.024;15;1;0;0.6764706;-0.0;1.0;0.5687177;2.4866472E-8;44.903767
0.034;0.024;15;1;0;0.6764706;-0.0;1.0;0.5687177;2.4866472E-8;44.903767
0.035;0.024;15;1;0;0.6764706;-0.0;1.0;0.5687177;2.4866472E-8;44.903767
0.036;0.024;15;1;0;0.6764706;-0.0;1.0;0.5687177;2.4866472E-8;44.903767
0.037;0.024;15;1;0;0.6764706;-0.0;1.0;0.5687177;2.4866472E-8;44.903767
0.038;0.024;15;1;0;0.6764706;-0.0;1.0;0.5687177;2.4866472E-8;44.903767
0.039;0.024;15;1;0;0.6764706;-0.0;1.0;0.5687177;2.4866472E-8;44.903767
0.04;0.024;15;1;0;0.6764706;-0.0;1.0;0.5687177;2.4866472E-8;44.903767
0.041;0.024;15;1;0;0.6764706;-0.0;1.0;0.5687177;2.4866472E-8;44.903767
0.042;0.024;15;1;0;0.6764706;-0.0;1.0;0.5687177;2.4866472E-8;44.903767
0.043;0.024;15;1;0;0.6764706;-0.0;1.0;0.5687177;2.4866472E-8;44.903767
0.044;0.024;15;1;0;0.6764706;-0.0;1.0;0.5687177;2.4866472E-8;44.903767
0.045;0.024;15;1;0;0.6764706;-0.0;1.0;0.5687177;2.4866472E-8;44.903767
0.046;0.024;15;1;0;0.6764706;-0.0;1.0;0.5687177;2.4866472E-8;44.903767
0.047;0.024;15;1;0;0.6764706;-0.0;1.0;0.5687177;2.4866472E-8;44.903767
0.048;0.024;15;1;0;0.6764706;-0.0;1.0;0.5687177;2.4866472E-8;44.903767
0.049;0.024;15;1;0;0.6764706;-0.0;1.0;0.5687177;2.4866472E-8;44.903767
0.05;0.024;15;1;0;0.6764706;-0.0;1.0;0.5687177;2.4866472E-8;44.903767
0.051;0.024;15;1;0;0.6764706;-0.0;1.0;0.5687177;2.4866472E-8;44.903767
0.052;0.024;15;1;0;0.6764706;-0.0;1.0;0.5687177;2.4866472E-8;44.903767
0.023;0.025;15;1;0;0.6764706;-0.0;1.0;0.5687177;2.4866472E-8;44.903767
0.024;0.025;15;1;0;0.6764706;-0.0;1.0;0.5687177;2.4866472E-8;44.903767
0.025;0.025;15;1;0;0.6764706;-0.0;1.0;0.5687177;2.4866472E-8;44.903767
0.026;0.025;15;1;0;0.6764706;-0.0;1.0;0.5687177;2.4866472E-8;44.903767
0.027;0.025;15;1;0;0.6764706;-0.0;1.0;0.5687177;2.4866472E-8;44.903767
0.028;0.025;15;1;0;0.6764706;-0.0;1.0;0.5687177;2.4866472E-8;44.903767
0.029;0.025;15;1;0;0.6764706;-0.0;1.0;0.5687177;2.4866472E-8;44.903767
0.03;0.025;15;1;0;0.6764706;-0.0;1.0;0.5687177;2.4866472E-8;44.903767
0.031;0.025;15;1;0;0.6764706;-0.0;1.0;0.5687177;2.4866472E-8;44.903767
0.032;0.025;15;1;0;0.6764706;-0.0;1.0;0.5687177;2.4866472E-8;44.903767
0.033;0.025;15;1;0;0.6764706;-0.0;1.0;0.5687177;2.4866472E-8;44.903767
0.034;0.025;15;1;0;0.6764706;-0.0;1.0;0.5687177;2.4866472E-8;44.903767
0.035;0.025;15;1;0;0.6764706;-0.0;1.0;0.5687177;2.4866472E-8;44.903767
0.036;0.025;15;1;0;0.6764706;-0.0;1.0;0.5687177;2.4866472E-8;44.903767
0.037;0.025;15;1;0;0.6764706;-0.0;1.0;0.5687177;2.4866472E-8;44.903767
0.038;0.025;15;1;0;0.6764706;-0.0;1.0;0.5687177;2.4866472E-8;44.903767
0.039;0.025;15;1;0;0.6764706;-0.0;1.0;0.5687177;2.4866472E-8;44.903767
0.04;0.025;15;1;0;0.6764706;-0.0;1.0;0.5687177;2.4866472E-8;44.903767
0.041;0.025;15;1;0;0.6764706;-0.0;1.0;0.5687177;2.4866472E-8;44.903767
0.042;0.025;15;1;0;0.6764706;-0.0;1.0;0.5687177;2.4866472E-8;44.903767
0.043;0.025;15;1;0;0.6764706;-0.0;1.0;0.5687177;2.4866472E-8;44.903767
0.044;0.025;15;1;0;0.6764706;-0.0;1.0;0.5687177;2.4866472E-8;44.903767
0.045;0.025;15;1;0;0.6764706;-0.0;1.0;0.5687177;2.4866472E-8;44.903767
0.046;0.025;15;1;0;0.6764706;-0.0;1.0;0.5687177;2.4866472E-8;44.903767
0.047;0.025;15;1;0;0.6764706;-0.0;1.0;0.5687177;2.4866472E-8;44.903767
0.048;0.025;15;1;0;0.6764706;-0.0;1.0;0.5687177;2.4866472E-8;44.903767
0.049;0.025;15;1;0;0.6764706;-0.0;1.0;0.5687177;2.4866472E-8;44.903767
0.05;0.025;15;1;0;0.6764706;-0.0;1.0;0.5687177;2.4866472E-8;44.903767
0.051;0.025;15;1;0;0.6764706;-0.0;1.0;0.5687177;2.4866472E-8;44.903767
0.052;0.025;15;1;0;0.6764706;-0.0;1.0;0.5687177;2.4866472E-8;44.903767
0.023;0.026;15;1;0;0.6764706;-0.0;1.0;0.5687177;2.4866472E-8;44.903767
0.024;0.026;15;1;0;0.6764706;-0.0;1.0;0.5687177;2.4866472E-8;44.903767
0.025;0.026;15;1;0;0.6764706;-0.0;1.0;0.5687177;2.4866472E-8;44.903767
0.026;0.026;15;1;0;0.6764706;-0.0;1.0;0.5687177;2.4866472E-8;44.903767
0.027;0.026;15;1;0;0.6764706;-0.0;1.0;0.5687177;2.4866472E-8;44.903767
0.028;0.026;15;1;0;0.6764706;-0.0;1.0;0.5687177;2.4866472E-8;44.903767
0.029;0.026;15;1;0;0.6764706;-0.0;1.0;0.5687177;2.4866472E-8;44.903767
0.03;0.026;15;1;0;0.6764706;-0.0;1.0;0.5687177;2.4866472E-8;44.903767
0.031;0.026;15;1;0;0.6764706;-0.0;1.0;0.5687177;2.4866472E-8;44.903767
0.032;0.026;15;1;0;0.6764706;-0.0;1.0;0.5687177;2.4866472E-8;44.903767
0.033;0.026;15;1;0;0.6764706;-0.0;1.0;0.5687177;2.4866472E-8;44.903767
0.034;0.026;15;1;0;0.6764706;-0.0;1.0;0.5687177;2.4866472E-8;44.903767
0.035;0.026;15;1;0;0.6764706;-0.0;1.0;0.5687177;2.4866472E-8;44.903767
0.036;0.026;15;1;0;0.6764706;-0.0;1.0;0.5687177;2.4866472E-8;44.903767
0.037;0.026;15;1;0;0.6764706;-0.0;1.0;0.5687177;2.4866472E-8;44.903767
0.038;0.026;15;1;0;0.6764706;-0.0;1.0;0.5687177;2.4866472E-8;44.903767
0.039;0.026;15;1;0;0.6764706;-0.0;1.0;0.5687177;2.4866472E-8;44.903767
0.04;0.026;15;1;0;0.6764706;-0.0;1.0;0.5687177;2.4866472E-8;44.903767
0.041;0.026;15;1;0;0.6764706;-0.0;1.0;0.5687177;2.4866472E-8;44.903767
0.042;0.026;15;1;0;0.6764706;-0.0;1.0;0.5687177;2.4866472E-8;44.903767
0.043;0.026;15;1;0;0.6764706;-0.0;1.0;0.5687177;2.4866472E-8;44.903767
0.044;0.026;15;1;0;0.6764706;-0.0;1.0;0.5687177;2.4866472E-8;44.903767
0.045;0.026;15;1;0;0.6764706;-0.0;1.0;0.5687177;2.4866472E-8;44.903767
0.046;0.026;15;1;0;0.6764706;-0.0;1.0;0.5687177;2.4866472E-8;44.903767
0.047;0.026;15;1;0;0.6764706;-0.0;1.0;0.5687177;2.4866472E-8;44.903767
0.048;0.026;15;1;0;0.6764706;-0.0;1.0;0.5687177;2.4866472E-8;44.903767
0.049;0.026;15;1;0;0.6764706;-0.0;1.0;0.5687177;2.4866472E-8;44.903767
0.05;0.026;15;1;0;0.6764706;-0.0;1.0;0.5687177;2.4866472E-8;44.903767
0.051;0.026;15;1;0;0.6764706;-0.0;1.0;0.5687177;2.4866472E-8;44.903767
0.052;0.026;15;1;0;0.6764706;-0.0;1.0;0.5687177;2.4866472E-8;44.903767
0.023;0.027;15;1;0;0.6764706;-0.0;1.0;0.5687177;2.4866472E-8;44.903767
0.024;0.027;15;1;0;0.6764706;-0.0;1.0;0.5687177;2.4866472E-8;44.903767
0.025;0.027;15;1;0;0.6764706;-0.0;1.0;0.5687177;2.4866472E-8;44.903767
0.026;0.027;15;1;0;0.6764706;-0.0;1.0;0.5687177;2.4866472E-8;44.903767
0.027;0.027;15;1;0;0.6764706;-0.0;1.0;0.5687177;2.4866472E-8;44.903767
0.028;0.027;15;1;0;0.6764706;-0.0;1.0;0.5687177;2.4866472E-8;44.903767
0.029;0.027;15;1;0;0.6764706;-0.0;1.0;0.5687177;2.4866472E-8;44.903767
0.03;0.027;15;1;0;0.6764706;-0.0;1.0;0.5687177;2.4866472E-8;44.903767
0.031;0.027;15;1;0;0.6764706;-0.0;1.0;0.5687177;2.4866472E-8;44.903767
0.032;0.027;15;1;0;0.6764706;-0.0;1.0;0.5687177;2.4866472E-8;44.903767
0.033;0.027;15;1;0;0.6764706;-0.0;1.0;0.5687177;2.4866472E-8;44.903767
0.034;0.027;15;1;0;0.6764706;-0.0;1.0;0.5687177;2.4866472E-8;44.903767
0.035;0.027;15;1;0;0.6764706;-0.0;1.0;0.5687177;2.4866472E-8;44.903767
0.036;0.027;15;1;0;0.6764706;-0.0;1.0;0.5687177;2.4866472E-8;44.903767
0.037;0.027;15;1;0;0.6764706;-0.0;1.0;0.5687177;2.4866472E-8;44.903767
0.038;0.027;15;1;0;0.6764706;-0.0;1.0;0.5687177;2.4866472E-8;44.903767
0.039;0.027;15;1;0;0.6764706;-0.0;1.0;0.5687177;2.4866472E-8;44.903767
0.04;0.027;15;1;0;0.6764706;-0.0;1.0;0.5687177;2.4866472E-8;44.903767
0.041;0.027;15;1;0;0.6764706;-0.0;1.0;0.5687177;2.4866472E-8;44.903767
0.042;0.027;15;1;0;0.6764706;-0.0;1.0;0.5687177;2.4866472E-8;44.903767
0.043;0.027;15;1;0;0.6764706;-0.0;1.0;0.5687177;2.4866472E-8;44.903767
0.044;0.027;15;1;0;0.6764706;-0.0;1.0;0.5687177;2.4866472E-8;44.903767
0.045;0.027;15;1;0;0.6764706;-0.0;1.0;0.5687177;2.4866472E-8;44.903767
0.046;0.027;15;1;0;0.6764706;-0.0;1.0;0.5687177;2.4866472E-8;44.903767
0.047;0.027;15;1;0;0.6764706;-0.0;1.0;0.5687177;2.4866472E-8;44.903767
0.048;0.027;15;1;0;0.6764706;-0.0;1.0;0.5687177;2.4866472E-8;44.903767
0.049;0.027;15;1;0;0.6764706;-0.0;1.0;0.5687177;2.4866472E-8;44.903767
0.05;0.027;15;1;0;0.6764706;-0.0;1.0;0.5687177;2.4866472E-8;44.903767
0.051;0.027;15;1;0;0.6764706;-0.0;1.0;0.5687177;2.4866472E-8;44.903767
0.052;0.027;15;1;0;0.6764706;-0.0;1.0;0.5687177;2.4866472E-8;44.903767
0.023;0.028;15;1;0;0.6764706;-0.0;1.0;0.5687177;2.4866472E-8;44.903767
0.024;0.028;15;1;0;0.6764706;-0.0;1.0;0.5687177;2.4866472E-8;44.903767
0.025;0.028;15;1;0;0.6764706;-0.0;1.0;0.5687177;2.4866472E-8;44.903767
0.026;0.028;15;1;0;0.6764706;-0.0;1.0;0.5687177;2.4866472E-8;44.903767
0.027;0.028;15;1;0;0.6764706;-0.0;1.0;0.5687177;2.4866472E-8;44.903767
0.028;0.028;15;1;0;0.6764706;-0.0;1.0;0.5687177;2.4866472E-8;44.903767
0.029;0.028;15;1;0;0.6764706;-0.0;1.0;0.5687177;2.4866472E-8;44.903767
0.03;0.028;15;1;0;0.6764706;-0.0;1.0;0.5687177;2.4866472E-8;44.903767
0.031;0.028;15;1;0;0.6764706;-0.0;1.0;0.5687177;2.4866472E-8;44.903767
0.032;0.028;15;1;0;0.6764706;-0.0;1.0;0.5687177;2.4866472E-8;44.903767
0.033;0.028;15;1;0;0.6764706;-0.0;1.0;0.5687177;2.4866472E-8;44.903767
0.034;0.028;15;1;0;0.6764706;-0.0;1.0;0.5687177;2.4866472E-8;44.903767
0.035;0.028;15;1;0;0.6764706;-0.0;1.0;0.5687177;2.4866472E-8;44.903767
0.036;0.028;15;1;0;0.6764706;-0.0;1.0;0.5687177;2.4866472E-8;44.903767
0.037;0.028;15;1;0;0.6764706;-0.0;1.0;0.5687177;2.4866472E-8;44.903767
0.038;0.028;15;1;0;0.6764706;-0.0;1.0;0.5687177;2.4866472E-8;44.903767
0.039;0.028;15;1;0;0.6764706;-0.0;1.0;0.5687177;2.4866472E-8;44.903767
0.04;0.028;15;1;0;0.6764706;-0.0;1.0;0.5687177;2.4866472E-8;44.903767
0.041;0.028;15;1;0;0.6764706;-0.0;1.0;0.5687177;2.4866472E-8;44.903767
0.042;0.028;15;1;0;0.6764706;-0.0;1.0;0.5687177;2.4866472E-8;44.903767
0.043;0.028;15;1;0;0.6764706;-0.0;1.0;0.5687177;2.4866472E-8;44.903767
0.044;0.028;15;1;0;0.6764706;-0.0;1.0;0.5687177;2.4866472E-8;44.903767
0.045;0.028;15;1;0;0.6764706;-0.0;1.0;0.5687177;2.4866472E-8;44.903767
0.046;0.028;15;1;0;0.6764706;-0.0;1.0;0.5687177;2.4866472E-8;44.903767
0.047;0.028;15;1;0;0.6764706;-0.0;1.0;0.5687177;2.4866472E-8;44.903767
0.048;0.028;15;1;0;0.6764706;-0.0;1.0;0.5687177;2.4866472E-8;44.903767
0.049;0.028;15;1;0;0.6764706;-0.0;1.0;0.5687177;2.4866472E-8;44.903767
0.05;0.028;15;1;0;0.6764706;-0.0;1.0;0.5687177;2.4866472E-8;44.903767
0.051;0.028;15;1;0;0.6764706;-0.0;1.0;0.5687177;2.4866472E-8;44.903767
0.052;0.028;15;1;0;0.6764706;-0.0;1.0;0.5687177;2.4866472E-8;44.903767
0.023;0.029;15;1;0;0.6764706;-0.0;1.0;0.5687177;2.4866472E-8;44.903767
0.024;0.029;15;1;0;0.6764706;-0.0;1.0;0.5687177;2.4866472E-8;44.903767
0.025;0.029;15;1;0;0.6764706;-0.0;1.0;0.5687177;2.4866472E-8;44.903767
0.026;0.029;15;1;0;0.6764706;-0.0;1.0;0.5687177;2.4866472E-8;44.903767
0.027;0.029;15;1;0;0.6764706;-0.0;1.0;0.5687177;2.4866472E-8;44.903767
0.028;0.029;15;1;0;0.6764706;-0.0;1.0;0.5687177;2.4866472E-8;44.903767
0.029;0.029;15;1;0;0.6764706;-0.0;1.0;0.5687177;2.4866472E-8;44.903767
0.03;0.029;15;1;0;0.6764706;-0.0;1.0;0.5687177;2.4866472E-8;44.903767
0.031;0.029;15;1;0;0.6764706;-0.0;1.0;0.5687177;2.4866472E-8;44.903767
0.032;0.029;15;1;0;0.6764706;-0.0;1.0;0.5687177;2.4866472E-8;44.903767
0.033;0.029;15;1;0;0.6764706;-0.0;1.0;0.5687177;2.4866472E-8;44.903767
0.034;0.029;15;1;0;0.6764706;-0.0;1.0;0.5687177;2.4866472E-8;44.903767
0.035;0.029;15;1;0;0.6764706;-0.0;1.0;0.5687177;2.4866472E-8;44.903767
