Th1;Th2;CN;Nodes;Edges;A;B;C;D;E;Metric
0.006;0.01;15;149;356;0.87596023;0.9742957;0.8608312;0.8892339;0.3770008;79.54643
0.007;0.01;15;108;315;0.83753496;0.95440257;0.8578011;0.8472395;0.35858655;77.11129
0.008;0.01;15;93;263;0.81023186;0.9488361;0.8429837;0.85175383;0.36339572;76.344025
0.009;0.01;15;72;222;0.77552;0.9261905;0.8460522;0.8400653;0.3608927;74.97442
0.01;0.01;15;61;217;0.7371644;0.8963601;0.85212076;0.8228434;0.3147185;72.46414
0.011;0.01;15;61;221;0.7822175;0.89413726;0.8632359;0.82920355;0.32412732;73.85843
0.012;0.01;15;58;214;0.76341563;0.8860837;0.8697246;0.80225337;0.31896555;72.80885
0.013;0.01;15;58;212;0.7657985;0.8873153;0.8702174;0.8024033;0.31907701;72.896225
0.014;0.01;15;58;218;0.77272964;0.8836207;0.86973035;0.8085147;0.3207244;73.1064
0.015;0.01;15;56;215;0.76167405;0.8763228;0.8697044;0.8175378;0.3168002;72.84079
0.016;0.01;15;56;215;0.76167405;0.8763228;0.8697044;0.8175378;0.3168002;72.84079
0.017;0.01;15;56;215;0.76167405;0.8763228;0.8697044;0.8175378;0.3168002;72.84079
0.018;0.01;15;56;215;0.76167405;0.8763228;0.8697044;0.8175378;0.3168002;72.84079
0.019;0.01;15;56;215;0.76169145;0.8763228;0.8676781;0.81763554;0.3170098;72.80675
0.02;0.01;15;56;215;0.76169145;0.8763228;0.8676781;0.81763554;0.3170098;72.80675
0.021;0.01;15;56;215;0.76169145;0.8763228;0.8676781;0.81763554;0.3170098;72.80675
0.022;0.01;15;56;215;0.76169145;0.8763228;0.8676781;0.81763554;0.3170098;72.80675
0.023;0.01;15;56;215;0.76169145;0.8763228;0.8676781;0.81763554;0.3170098;72.80675
0.024;0.01;15;56;215;0.76169145;0.8763228;0.8676781;0.81763554;0.3170098;72.80675
0.025;0.01;15;56;215;0.76169145;0.8763228;0.8676781;0.81763554;0.3170098;72.80675
0.026;0.01;15;56;215;0.76169145;0.8763228;0.8676781;0.81763554;0.3170098;72.80675
0.027;0.01;15;56;215;0.76169145;0.8763228;0.8676781;0.81763554;0.3170098;72.80675
0.028;0.01;15;56;215;0.76169145;0.8763228;0.8676781;0.81763554;0.3170098;72.80675
0.029;0.01;15;56;215;0.76169145;0.8763228;0.8676781;0.81763554;0.3170098;72.80675
0.03;0.01;15;56;215;0.76169145;0.8763228;0.8676781;0.81763554;0.3170098;72.80675
0.031;0.01;15;56;215;0.76169145;0.8763228;0.8676781;0.81763554;0.3170098;72.80675
0.006;0.011;15;132;287;0.86232007;0.97424245;0.8715043;0.8749786;0.38094565;79.279816
0.007;0.011;15;102;265;0.82324076;0.95803916;0.8470542;0.86367184;0.36611438;77.16241
0.008;0.011;15;83;248;0.81461644;0.93856907;0.8432297;0.83221704;0.35315385;75.63573
0.009;0.011;15;67;217;0.8053451;0.91572905;0.8270005;0.7887927;0.3574462;73.88628
0.01;0.011;15;59;209;0.7955644;0.89325005;0.83327365;0.81436807;0.34868675;73.70286
0.011;0.011;15;57;208;0.80174667;0.8854864;0.8155004;0.80135155;0.36719033;73.4255
0.012;0.011;15;54;183;0.7945018;0.8888889;0.84859127;0.82369894;0.3439984;73.99358
0.013;0.011;15;54;193;0.81218123;0.8817664;0.8459665;0.8203729;0.34664565;74.13865
0.014;0.011;15;50;180;0.8448535;0.8708334;0.81039065;0.781079;0.37454063;73.63394
0.015;0.011;15;50;178;0.83984244;0.8725001;0.8080556;0.7789267;0.38039938;73.59448
0.016;0.011;15;49;177;0.836088;0.8675641;0.8127426;0.77518314;0.3712248;73.25606
0.017;0.011;15;50;174;0.80087984;0.87583345;0.80522805;0.77749217;0.3785113;72.758896
0.018;0.011;15;50;174;0.80087984;0.87583345;0.80522805;0.77749217;0.3785113;72.758896
0.019;0.011;15;50;174;0.8046911;0.87583345;0.8035032;0.77890956;0.37866887;72.83212
0.02;0.011;15;50;174;0.8046911;0.87583345;0.8035032;0.77890956;0.37866887;72.83212
0.021;0.011;15;50;174;0.8046911;0.87583345;0.8035032;0.77890956;0.37866887;72.83212
0.022;0.011;15;50;176;0.81120026;0.8741667;0.8045165;0.7802098;0.37514946;72.904854
0.023;0.011;15;50;176;0.81120026;0.8741667;0.8045165;0.7802098;0.37514946;72.904854
0.024;0.011;15;50;176;0.81120026;0.8741667;0.8045165;0.7802098;0.37514946;72.904854
0.025;0.011;15;50;176;0.81120026;0.8741667;0.8045165;0.7802098;0.37514946;72.904854
0.026;0.011;15;50;176;0.81120026;0.8741667;0.8045165;0.7802098;0.37514946;72.904854
0.027;0.011;15;50;176;0.81120026;0.8741667;0.8045165;0.7802098;0.37514946;72.904854
0.028;0.011;15;50;176;0.81120026;0.8741667;0.8045165;0.7802098;0.37514946;72.904854
0.029;0.011;15;50;176;0.81120026;0.8741667;0.8045165;0.7802098;0.37514946;72.904854
0.03;0.011;15;50;176;0.81120026;0.8741667;0.8045165;0.7802098;0.37514946;72.904854
0.031;0.011;15;50;176;0.81120026;0.8741667;0.8045165;0.7802098;0.37514946;72.904854
0.006;0.012;15;108;223;0.843616;0.9704752;0.8603234;0.8847474;0.3779344;78.74192
0.007;0.012;15;96;212;0.8444233;0.96365243;0.8437756;0.87713265;0.3582534;77.74475
0.008;0.012;15;80;192;0.8177475;0.951282;0.8488822;0.8643509;0.36221573;76.88957
0.009;0.012;15;67;179;0.8016455;0.9331802;0.83786273;0.8408004;0.3610159;75.4901
0.01;0.012;15;61;172;0.7903862;0.92136705;0.85595214;0.8280791;0.34672162;74.85012
0.011;0.012;15;55;166;0.82517356;0.9049743;0.83937746;0.81912273;0.35337517;74.84047
0.012;0.012;15;51;159;0.7852976;0.89315724;0.8516871;0.8050097;0.31140867;72.931206
0.013;0.012;15;51;172;0.86730605;0.8827531;0.832743;0.8435015;0.3323345;75.17276
0.014;0.012;15;50;161;0.8202009;0.8866667;0.84366393;0.82727087;0.3268201;74.092445
0.015;0.012;15;52;174;0.7921872;0.8861538;0.8306196;0.82855934;0.33308586;73.41212
0.016;0.012;15;51;171;0.79295135;0.8835534;0.8312116;0.839437;0.33136877;73.57044
0.017;0.012;15;51;171;0.79295135;0.8835534;0.8312116;0.839437;0.33136877;73.57044
0.018;0.012;15;51;171;0.79295135;0.8835534;0.8312116;0.839437;0.33136877;73.57044
0.019;0.012;15;51;169;0.7871338;0.8851541;0.8343734;0.8493181;0.32951635;73.709915
0.02;0.012;15;51;169;0.7871338;0.8851541;0.8343734;0.8493181;0.32951635;73.709915
0.021;0.012;15;51;169;0.7871338;0.8851541;0.8343734;0.8493181;0.32951635;73.709915
0.022;0.012;15;51;168;0.78723365;0.8859544;0.83349985;0.84940815;0.3295154;73.71223
0.023;0.012;15;51;168;0.78723365;0.8859544;0.83349985;0.84940815;0.3295154;73.71223
0.024;0.012;15;51;168;0.78723365;0.8859544;0.83349985;0.84940815;0.3295154;73.71223
0.025;0.012;15;51;168;0.78723365;0.8859544;0.83349985;0.84940815;0.3295154;73.71223
0.026;0.012;15;51;168;0.78723365;0.8859544;0.83349985;0.84940815;0.3295154;73.71223
0.027;0.012;15;51;168;0.78723365;0.8859544;0.83349985;0.84940815;0.3295154;73.71223
0.028;0.012;15;51;168;0.78723365;0.8859544;0.83349985;0.84940815;0.3295154;73.71223
0.029;0.012;15;51;168;0.78723365;0.8859544;0.83349985;0.84940815;0.3295154;73.71223
0.03;0.012;15;51;168;0.78723365;0.8859544;0.83349985;0.84940815;0.3295154;73.71223
0.031;0.012;15;51;168;0.78723365;0.8859544;0.83349985;0.84940815;0.3295154;73.71223
0.006;0.013;15;95;182;0.8301467;0.9695529;0.8522724;0.879678;0.38041618;78.24132
0.007;0.013;15;84;169;0.81301546;0.96312433;0.84815156;0.8725262;0.37642595;77.464874
0.008;0.013;15;70;168;0.79199296;0.9441176;0.8583132;0.8545129;0.38006896;76.58011
0.009;0.013;15;64;156;0.7671974;0.9375;0.8512806;0.84074295;0.3763346;75.46111
0.01;0.013;15;54;144;0.7984936;0.9166667;0.85713196;0.8282462;0.35789943;75.16876
0.011;0.013;15;51;148;0.7832614;0.90196073;0.8370696;0.83926845;0.3582699;74.39661
0.012;0.013;15;45;141;0.74965835;0.8775193;0.85041803;0.8160568;0.3369744;72.61253
0.013;0.013;15;41;133;0.7423699;0.8592871;0.84591645;0.7877569;0.30314225;70.76945
0.014;0.013;15;38;134;0.7213354;0.8318714;0.8553373;0.7829989;0.2964182;69.759224
0.015;0.013;15;39;133;0.7505007;0.84268886;0.8413628;0.7935232;0.31217054;70.80492
0.016;0.013;15;39;133;0.7515943;0.84268886;0.84170336;0.79369414;0.3121273;70.83616
0.017;0.013;15;38;127;0.7507012;0.84210527;0.83778673;0.7848962;0.31318402;70.57347
0.018;0.013;15;38;127;0.7500863;0.84210527;0.83769655;0.7851654;0.31322175;70.565506
0.019;0.013;15;38;128;0.75507545;0.8406433;0.83778906;0.7869788;0.31320393;70.673805
0.02;0.013;15;39;129;0.77976835;0.84823287;0.8429363;0.8033018;0.31752867;71.83536
0.021;0.013;15;39;129;0.77976835;0.84823287;0.8429363;0.8033018;0.31752867;71.83536
0.022;0.013;15;39;129;0.77976835;0.84823287;0.8429363;0.8033018;0.31752867;71.83536
0.023;0.013;15;39;129;0.77976835;0.84823287;0.8429363;0.8033018;0.31752867;71.83536
0.024;0.013;15;39;129;0.77971745;0.84823287;0.8429362;0.80333817;0.31752867;71.83507
0.025;0.013;15;39;129;0.77971745;0.84823287;0.8429362;0.80333817;0.31752867;71.83507
0.026;0.013;15;39;129;0.77971745;0.84823287;0.8429362;0.80333817;0.31752867;71.83507
0.027;0.013;15;39;129;0.77971745;0.84823287;0.8429362;0.80333817;0.31752867;71.83507
0.028;0.013;15;39;129;0.77971745;0.84823287;0.8429362;0.80333817;0.31752867;71.83507
0.029;0.013;15;39;129;0.77971745;0.84823287;0.8429362;0.80333817;0.31752867;71.83507
0.03;0.013;15;39;129;0.77971745;0.84823287;0.8429362;0.80333817;0.31752867;71.83507
0.031;0.013;15;39;129;0.77971745;0.84823287;0.8429362;0.80333817;0.31752867;71.83507
0.006;0.014;15;76;137;0.8229127;0.96479374;0.86439687;0.8651401;0.37094253;77.76372
0.007;0.014;15;65;126;0.8105375;0.9543345;0.84920585;0.872711;0.3583224;76.90223
0.008;0.014;15;59;122;0.8259399;0.94498956;0.85276103;0.8526371;0.36319193;76.79039
0.009;0.014;15;54;116;0.8278971;0.9366097;0.8530331;0.8234311;0.37119243;76.24327
0.01;0.014;15;50;120;0.81359005;0.92083335;0.84631944;0.78727716;0.3690664;74.74172
0.011;0.014;15;48;120;0.79178643;0.9130435;0.8285707;0.80504316;0.35386524;73.846176
0.012;0.014;15;46;115;0.7921772;0.9090908;0.83802974;0.8208633;0.35339257;74.27107
0.013;0.014;15;37;109;0.7724472;0.86023164;0.8509276;0.8123766;0.33988768;72.717415
0.014;0.014;15;37;107;0.77289224;0.8633204;0.85153544;0.8000658;0.3306842;72.369965
0.015;0.014;15;35;108;0.790204;0.84329003;0.84693706;0.80508494;0.30920753;71.89447
0.016;0.014;15;34;104;0.79056835;0.84007347;0.85120136;0.80967265;0.31505367;72.131386
0.017;0.014;15;32;103;0.7809149;0.81875;0.8561463;0.7911222;0.30692905;71.07725
0.018;0.014;15;31;101;0.7697297;0.80978864;0.880171;0.7841852;0.29841053;70.845695
0.019;0.014;15;31;98;0.7962508;0.8164628;0.8603014;0.7738037;0.30636218;71.063614
0.02;0.014;15;31;98;0.7948979;0.8164628;0.859603;0.77386314;0.30627;71.021935
0.021;0.014;15;31;98;0.77591944;0.8164628;0.85716146;0.7850146;0.30581006;70.807365
0.022;0.014;15;31;99;0.77592033;0.8142381;0.8581745;0.78500324;0.30571702;70.78107
0.023;0.014;15;31;99;0.77592033;0.8142381;0.8581745;0.78500324;0.30571702;70.78107
0.024;0.014;15;31;100;0.775768;0.81201345;0.85589737;0.7848606;0.30571702;70.68513
0.025;0.014;15;31;100;0.775768;0.81201345;0.85589737;0.7848606;0.30571702;70.68513
0.026;0.014;15;31;100;0.775768;0.81201345;0.85589737;0.7848606;0.30571702;70.68513
0.027;0.014;15;31;100;0.775768;0.81201345;0.85589737;0.7848606;0.30571702;70.68513
0.028;0.014;15;31;100;0.775768;0.81201345;0.85589737;0.7848606;0.30571702;70.68513
0.029;0.014;15;31;100;0.775768;0.81201345;0.85589737;0.7848606;0.30571702;70.68513
0.03;0.014;15;31;100;0.775768;0.81201345;0.85589737;0.7848606;0.30571702;70.68513
0.031;0.014;15;31;100;0.775768;0.81201345;0.85589737;0.7848606;0.30571702;70.68513
0.006;0.015;15;71;116;0.8378687;0.9671362;0.8648908;0.86328626;0.3608627;77.88089
0.007;0.015;15;65;121;0.8245431;0.9567765;0.87636536;0.8510967;0.34241897;77.02402
0.008;0.015;15;54;111;0.8010276;0.94017094;0.8594101;0.8244681;0.34155634;75.33266
0.009;0.015;15;51;106;0.79895246;0.9355742;0.85217595;0.8162169;0.3400072;74.85853
0.01;0.015;15;46;97;0.7564223;0.92687744;0.8450973;0.7999712;0.33898824;73.34713
0.011;0.015;15;44;100;0.7409574;0.91558444;0.8546087;0.7691192;0.3310035;72.225464
0.012;0.015;15;41;94;0.7625549;0.9080676;0.8480977;0.75998294;0.3403222;72.3805
0.013;0.015;15;36;92;0.7529446;0.879085;0.87580204;0.77700174;0.3030515;71.7577
0.014;0.015;15;34;87;0.7519145;0.87132347;0.8734968;0.7791923;0.3025026;71.56859
0.015;0.015;15;32;89;0.741346;0.84791666;0.8646565;0.7626859;0.30330467;70.39819
0.016;0.015;15;30;84;0.74892914;0.8357143;0.8647381;0.7680854;0.312885;70.60703
0.017;0.015;15;29;85;0.73027563;0.8199234;0.87550783;0.7783467;0.2775539;69.63215
0.018;0.015;15;29;82;0.7193817;0.82758623;0.8705965;0.7825736;0.27237067;69.45017
0.019;0.015;15;27;78;0.73456186;0.80888885;0.87342966;0.7705179;0.2677543;69.10305
0.02;0.015;15;27;76;0.75207216;0.81481475;0.87451327;0.78877765;0.26875478;69.97865
0.021;0.015;15;27;75;0.75207055;0.8177778;0.8733117;0.78867877;0.26875478;70.01187
0.022;0.015;15;27;75;0.75207055;0.8177778;0.8733117;0.78867877;0.26875478;70.01187
0.023;0.015;15;27;75;0.75207055;0.8177778;0.8733117;0.78867877;0.26875478;70.01187
0.024;0.015;15;27;77;0.7508193;0.8118518;0.87279326;0.77981186;0.26812017;69.66793
0.025;0.015;15;27;77;0.7508193;0.8118518;0.87279326;0.77981186;0.26812017;69.66793
0.026;0.015;15;27;77;0.7508193;0.8118518;0.87279326;0.77981186;0.26812017;69.66793
0.027;0.015;15;27;77;0.7508193;0.8118518;0.87279326;0.77981186;0.26812017;69.66793
0.028;0.015;15;27;77;0.7508193;0.8118518;0.87279326;0.77981186;0.26812017;69.66793
0.029;0.015;15;27;77;0.7508193;0.8118518;0.87279326;0.77981186;0.26812017;69.66793
0.03;0.015;15;27;77;0.7508193;0.8118518;0.87279326;0.77981186;0.26812017;69.66793
0.031;0.015;15;27;77;0.7508193;0.8118518;0.87279326;0.77981186;0.26812017;69.66793
0.006;0.016;15;57;94;0.78758657;0.9582137;0.8600207;0.8333929;0.3536915;75.85811
0.007;0.016;15;52;90;0.7848107;0.95076925;0.85208505;0.8306126;0.35413584;75.44827
0.008;0.016;15;49;87;0.7627089;0.945723;0.85949874;0.8162431;0.3595158;74.87379
0.009;0.016;15;47;92;0.7700146;0.9352246;0.8460949;0.8073369;0.36107087;74.39484
0.01;0.016;15;46;88;0.7724102;0.93577075;0.82682145;0.7978161;0.37730196;74.20241
0.011;0.016;15;43;87;0.768557;0.9256948;0.8490446;0.79539806;0.36767218;74.12734
0.012;0.016;15;39;89;0.72087485;0.90367293;0.85319567;0.7569243;0.3363424;71.4202
0.013;0.016;15;34;82;0.72606015;0.8805147;0.82487196;0.7818452;0.35878128;71.44147
0.014;0.016;15;29;76;0.7365807;0.8429119;0.8074385;0.7774376;0.35128587;70.313095
0.015;0.016;15;28;76;0.75282127;0.8296703;0.8160068;0.7779194;0.33460215;70.2204
0.016;0.016;15;27;78;0.7587862;0.80888885;0.8260524;0.7634212;0.3364268;69.87151
0.017;0.016;15;24;64;0.79587805;0.80303025;0.8400109;0.7906707;0.3317821;71.22744
0.018;0.016;15;25;61;0.73711216;0.8313044;0.86027294;0.7962443;0.3093282;70.685234
0.019;0.016;15;24;60;0.726512;0.8181818;0.86087805;0.7864764;0.30540043;69.948975
0.02;0.016;15;23;59;0.7566695;0.8033126;0.86028033;0.7834153;0.3095258;70.26407
0.021;0.016;15;23;58;0.76235276;0.80745333;0.85807127;0.77414787;0.317193;70.38436
0.022;0.016;15;23;59;0.7623534;0.8033126;0.8600351;0.7736599;0.31721535;70.33153
0.023;0.016;15;23;59;0.7623534;0.8033126;0.8600351;0.7736599;0.31721535;70.33153
0.024;0.016;15;23;60;0.76238906;0.7991718;0.8574723;0.77385044;0.31727317;70.20314
0.025;0.016;15;23;60;0.76238906;0.7991718;0.8574723;0.77385044;0.31727317;70.20314
0.026;0.016;15;23;60;0.76238906;0.7991718;0.8574723;0.77385044;0.31727317;70.20314
0.027;0.016;15;23;60;0.76238906;0.7991718;0.8574723;0.77385044;0.31727317;70.20314
0.028;0.016;15;23;60;0.76238906;0.7991718;0.8574723;0.77385044;0.31727317;70.20314
0.029;0.016;15;23;60;0.76238906;0.7991718;0.8574723;0.77385044;0.31727317;70.20314
0.03;0.016;15;23;60;0.76238906;0.7991718;0.8574723;0.77385044;0.31727317;70.20314
0.031;0.016;15;23;60;0.76238906;0.7991718;0.8574723;0.77385044;0.31727317;70.20314
0.006;0.017;15;58;84;0.8158305;0.96613306;0.8446139;0.8783295;0.35529253;77.20399
0.007;0.017;15;52;83;0.79450804;0.95615387;0.85355246;0.8605683;0.3419655;76.134964
0.008;0.017;15;50;84;0.7922242;0.9508333;0.85524935;0.86043894;0.33300126;75.834946
0.009;0.017;15;44;74;0.8044944;0.94372296;0.84851056;0.8466841;0.34728566;75.81395
0.01;0.017;15;43;80;0.7947345;0.93363583;0.84199804;0.842366;0.3484878;75.22444
0.011;0.017;15;40;77;0.77405894;0.925;0.84709275;0.83713675;0.34111646;74.4881
0.012;0.017;15;37;77;0.7345209;0.9096525;0.8452632;0.83801997;0.30201232;72.58938
0.013;0.017;15;30;67;0.72618645;0.8761905;0.85483044;0.8198005;0.29209146;71.38199
0.014;0.017;15;27;58;0.7913651;0.8681481;0.8612731;0.83017206;0.2665301;72.34977
0.015;0.017;15;26;69;0.74042714;0.82051283;0.85441124;0.8041559;0.27389938;69.86813
0.016;0.017;15;25;70;0.7717339;0.8000001;0.85597444;0.79821897;0.27921203;70.10279
0.017;0.017;15;22;60;0.76070094;0.77727276;0.86040384;0.7985299;0.26759836;69.290115
0.018;0.017;15;22;56;0.7775527;0.7954546;0.8578099;0.7903371;0.25965738;69.616234
0.019;0.017;15;20;49;0.75284153;0.78333336;0.84770286;0.8234775;0.26658478;69.4788
0.02;0.017;15;20;45;0.76020175;0.8055556;0.8605215;0.8336641;0.25296497;70.25815
0.021;0.017;15;20;45;0.76020175;0.8055556;0.8605215;0.8336641;0.25296497;70.25815
0.022;0.017;15;20;45;0.75189966;0.8055556;0.8642349;0.82756966;0.25407925;70.06679
0.023;0.017;15;20;44;0.7520264;0.81111115;0.86301744;0.827664;0.25407925;70.157974
0.024;0.017;15;20;44;0.7520264;0.81111115;0.86301744;0.827664;0.25407925;70.157974
0.025;0.017;15;20;44;0.7520264;0.81111115;0.86301744;0.827664;0.25407925;70.157974
0.026;0.017;15;20;44;0.7520264;0.81111115;0.86301744;0.827664;0.25407925;70.157974
0.027;0.017;15;20;44;0.7520264;0.81111115;0.86301744;0.827664;0.25407925;70.157974
0.028;0.017;15;20;44;0.7520264;0.81111115;0.86301744;0.827664;0.25407925;70.157974
0.029;0.017;15;20;44;0.7520264;0.81111115;0.86301744;0.827664;0.25407925;70.157974
0.03;0.017;15;20;44;0.7520264;0.81111115;0.86301744;0.827664;0.25407925;70.157974
0.031;0.017;15;20;44;0.7520264;0.81111115;0.86301744;0.827664;0.25407925;70.157974
0.006;0.018;15;49;72;0.82015127;0.9587495;0.874507;0.862679;0.3509629;77.340996
0.007;0.018;15;49;73;0.80829805;0.95788103;0.86634576;0.8582853;0.352609;76.868385
0.008;0.018;15;44;72;0.7902985;0.94588745;0.8621914;0.839484;0.3367758;75.49275
0.009;0.018;15;37;71;0.723755;0.9189189;0.83445555;0.8109629;0.33888695;72.53959
0.01;0.018;15;33;63;0.7146536;0.90909094;0.8441357;0.812552;0.3433999;72.47664
0.011;0.018;15;33;68;0.7298692;0.8993157;0.8395627;0.7889525;0.33507928;71.85558
0.012;0.018;15;33;68;0.7298692;0.8993157;0.8395627;0.7889525;0.33507928;71.85558
0.013;0.018;15;30;67;0.72444844;0.8761905;0.85965437;0.7800133;0.32359782;71.27808
0.014;0.018;15;30;67;0.709298;0.8761905;0.8502628;0.79552317;0.33617496;71.34898
0.015;0.018;15;29;69;0.7172485;0.86079186;0.8466581;0.7905617;0.33500996;71.0054
0.016;0.018;15;25;59;0.7310024;0.8382609;0.8523501;0.7948696;0.3127579;70.584816
0.017;0.018;15;24;55;0.75420374;0.8371212;0.8397695;0.7204567;0.32465625;69.52415
0.018;0.018;15;22;46;0.7980219;0.8409091;0.84960157;0.8194073;0.31327406;72.42428
0.019;0.018;15;21;45;0.78293884;0.8270676;0.8541681;0.82952493;0.29088742;71.69174
0.02;0.018;15;21;46;0.7919394;0.8220551;0.85759246;0.8141764;0.28508204;71.4169
0.021;0.018;15;21;47;0.79199636;0.8170425;0.8597192;0.81576926;0.28508204;71.39218
0.022;0.018;15;21;47;0.79189515;0.8170425;0.8595781;0.81575847;0.28497016;71.38489
0.023;0.018;15;21;47;0.79189515;0.8170425;0.8595781;0.81575847;0.28497016;71.38489
0.024;0.018;15;21;47;0.79189515;0.8170425;0.8595781;0.81575847;0.28497016;71.38489
0.025;0.018;15;21;47;0.79189515;0.8170425;0.8595781;0.81575847;0.28497016;71.38489
0.026;0.018;15;21;47;0.79189515;0.8170425;0.8595781;0.81575847;0.28497016;71.38489
0.027;0.018;15;21;47;0.79189515;0.8170425;0.8595781;0.81575847;0.28497016;71.38489
0.028;0.018;15;21;47;0.79189515;0.8170425;0.8595781;0.81575847;0.28497016;71.38489
0.029;0.018;15;21;47;0.79189515;0.8170425;0.8595781;0.81575847;0.28497016;71.38489
0.03;0.018;15;21;47;0.79189515;0.8170425;0.8595781;0.81575847;0.28497016;71.38489
0.031;0.018;15;21;47;0.79189515;0.8170425;0.8595781;0.81575847;0.28497016;71.38489
0.006;0.019;15;44;56;0.8176752;0.96320355;0.86898136;0.84930074;0.35611805;77.105576
0.007;0.019;15;42;56;0.80163264;0.9583333;0.85445;0.84543;0.36228222;76.44256
0.008;0.019;15;37;54;0.81020236;0.94517374;0.8626576;0.83371043;0.33986008;75.832085
0.009;0.019;15;33;51;0.7794348;0.9325513;0.8223088;0.821932;0.3593923;74.312386
0.01;0.019;15;32;53;0.7840035;0.92291665;0.8273445;0.8289782;0.36086676;74.48219
0.011;0.019;15;31;51;0.807681;0.9210234;0.8360677;0.8305092;0.362099;75.147606
0.012;0.019;15;29;49;0.79907686;0.91187745;0.83256227;0.83561164;0.36860928;74.95475
0.013;0.019;15;25;45;0.78972185;0.8869566;0.8419797;0.816034;0.34453416;73.584526
0.014;0.019;15;25;45;0.78972185;0.8869566;0.8419797;0.816034;0.34453416;73.584526
0.015;0.019;15;25;45;0.78972185;0.8869566;0.8419797;0.816034;0.34453416;73.584526
0.016;0.019;15;23;44;0.8054046;0.86542445;0.8504796;0.77904147;0.32300732;72.46715
0.017;0.019;15;21;38;0.7839789;0.8621553;0.86799836;0.7812045;0.300812;71.92298
0.018;0.019;15;20;35;0.7909934;0.8611111;0.87101525;0.771114;0.28654608;71.61559
0.019;0.019;15;19;33;0.8117833;0.85448915;0.860491;0.80316883;0.28858632;72.37038
0.02;0.019;15;17;33;0.8089885;0.8078431;0.8602595;0.78536266;0.2850738;70.95055
0.021;0.019;15;17;33;0.8089819;0.80784315;0.86188895;0.78749466;0.2851608;71.02739
0.022;0.019;15;18;37;0.76090056;0.8055555;0.8704478;0.78016156;0.2809205;69.95972
0.023;0.019;15;18;37;0.76090056;0.8055555;0.8704478;0.78016156;0.2809205;69.95972
0.024;0.019;15;18;37;0.76090056;0.8055555;0.8704478;0.78016156;0.2809205;69.95972
0.025;0.019;15;18;37;0.76090056;0.8055555;0.8704478;0.78016156;0.2809205;69.95972
0.026;0.019;15;18;37;0.76090056;0.8055555;0.8704478;0.78016156;0.2809205;69.95972
0.027;0.019;15;18;37;0.76090056;0.8055555;0.8704478;0.78016156;0.2809205;69.95972
0.028;0.019;15;18;37;0.76090056;0.8055555;0.8704478;0.78016156;0.2809205;69.95972
0.029;0.019;15;18;37;0.76090056;0.8055555;0.8704478;0.78016156;0.2809205;69.95972
0.03;0.019;15;18;37;0.76090056;0.8055555;0.8704478;0.78016156;0.2809205;69.95972
0.031;0.019;15;18;37;0.76090056;0.8055555;0.8704478;0.78016156;0.2809205;69.95972
0.006;0.02;15;42;49;0.77970755;0.9666666;0.86381805;0.8471731;0.35221398;76.19159
0.007;0.02;15;39;48;0.76976705;0.9604989;0.8634326;0.8424535;0.3341988;75.40702
0.008;0.02;15;38;46;0.75899416;0.9605262;0.862618;0.83874273;0.3383088;75.18379
0.009;0.02;15;35;46;0.74291724;0.9506493;0.8331506;0.8173338;0.33424118;73.56584
0.01;0.02;15;31;47;0.75961214;0.92992216;0.8312732;0.8105767;0.35831276;73.79394
0.011;0.02;15;28;39;0.7899723;0.9313187;0.79768515;0.821096;0.34863415;73.774124
0.012;0.02;15;27;39;0.7699094;0.92444444;0.7963575;0.8148563;0.34695157;73.05039
0.013;0.02;15;27;39;0.7699094;0.92444444;0.7963575;0.8148563;0.34695157;73.05039
0.014;0.02;15;22;35;0.7371085;0.8909091;0.813943;0.83822227;0.3485468;72.5746
0.015;0.02;15;22;35;0.7371085;0.8909091;0.813943;0.83822227;0.3485468;72.5746
0.016;0.02;15;21;34;0.7622291;0.8822055;0.8035626;0.8042103;0.34273422;71.89883
0.017;0.02;15;19;30;0.7916416;0.873065;0.8140216;0.8124972;0.3422054;72.66862
0.018;0.02;15;18;29;0.76791334;0.8611111;0.8182579;0.7984958;0.33352208;71.586006
0.019;0.02;15;17;26;0.7763168;0.86274505;0.8100676;0.79204243;0.31682727;71.15999
0.02;0.02;15;17;26;0.77779424;0.86274505;0.83567655;0.80679256;0.32555777;72.171326
0.021;0.02;15;17;28;0.77711457;0.84705883;0.82121307;0.7911899;0.32562548;71.24404
0.022;0.02;15;17;31;0.77735925;0.82352936;0.8102435;0.7908382;0.3262232;70.56387
0.023;0.02;15;17;31;0.77735925;0.82352936;0.8102435;0.7908382;0.3262232;70.56387
0.024;0.02;15;17;31;0.77735925;0.82352936;0.8102435;0.7908382;0.3262232;70.56387
0.025;0.02;15;17;31;0.77735925;0.82352936;0.8102435;0.7908382;0.3262232;70.56387
0.026;0.02;15;16;30;0.7826436;0.8035714;0.85336936;0.8016028;0.2986812;70.79737
0.027;0.02;15;16;30;0.7826436;0.8035714;0.85336936;0.8016028;0.2986812;70.79737
0.028;0.02;15;16;30;0.7826436;0.8035714;0.85336936;0.8016028;0.2986812;70.79737
0.029;0.02;15;16;30;0.7826436;0.8035714;0.85336936;0.8016028;0.2986812;70.79737
0.03;0.02;15;16;30;0.7826436;0.8035714;0.85336936;0.8016028;0.2986812;70.79737
0.031;0.02;15;16;30;0.7826436;0.8035714;0.85336936;0.8016028;0.2986812;70.79737
0.006;0.021;15;35;36;0.7275325;0.96796536;0.8693874;0.84108526;0.314036;74.40014
0.007;0.021;15;35;36;0.7275325;0.96796536;0.8693874;0.84108526;0.314036;74.40014
0.008;0.021;15;33;36;0.7217752;0.9618768;0.85797334;0.8312452;0.3185037;73.827484
0.009;0.021;15;34;38;0.73310626;0.96139705;0.8544291;0.8332107;0.32247135;74.09229
0.01;0.021;15;25;31;0.6897884;0.9356522;0.8441312;0.79791117;0.32217434;71.793144
0.011;0.021;15;25;28;0.738424;0.94608694;0.8475917;0.8049519;0.3226183;73.19345
0.012;0.021;15;24;28;0.7133495;0.93939394;0.8453236;0.7972271;0.3213529;72.33294
0.013;0.021;15;22;27;0.7054352;0.9272727;0.84325314;0.8018936;0.32268235;72.01074
0.014;0.021;15;21;26;0.69729424;0.92230576;0.84606636;0.8145216;0.32739612;72.15168
0.015;0.021;15;20;24;0.6914246;0.92222226;0.85263354;0.82273006;0.33541334;72.48848
0.016;0.021;15;20;24;0.6914246;0.92222226;0.85263354;0.82273006;0.33541334;72.48848
0.017;0.021;15;19;24;0.6962414;0.91021675;0.85434127;0.8203125;0.34139717;72.45018
0.018;0.021;15;19;25;0.6958426;0.9040248;0.8206562;0.77338326;0.3414864;70.70786
0.019;0.021;15;16;26;0.6796825;0.83928573;0.8574675;0.79609364;0.28005728;69.051735
0.02;0.021;15;16;27;0.6877748;0.83035713;0.85535514;0.80339205;0.27733302;69.08424
0.021;0.021;15;16;28;0.687779;0.8214286;0.85638756;0.803359;0.27733302;68.925735
0.022;0.021;15;16;29;0.68755174;0.8125;0.85794795;0.79943913;0.27733302;68.695435
0.023;0.021;15;16;29;0.68755174;0.8125;0.85794795;0.79943913;0.27733302;68.695435
0.024;0.021;15;16;29;0.68755174;0.8125;0.85794795;0.79943913;0.27733302;68.695435
0.025;0.021;15;16;29;0.68678606;0.8125;0.8600674;0.80166644;0.27733302;68.76706
0.026;0.021;15;15;24;0.74433386;0.8307692;0.8127454;0.81218153;0.29244548;69.8495
0.027;0.021;15;15;24;0.74433386;0.8307692;0.8127454;0.81218153;0.29244548;69.8495
0.028;0.021;15;15;24;0.74433386;0.8307692;0.8127454;0.81218153;0.29244548;69.8495
0.029;0.021;15;15;24;0.74433386;0.8307692;0.8127454;0.81218153;0.29244548;69.8495
0.03;0.021;15;15;24;0.74433386;0.8307692;0.8127454;0.81218153;0.29244548;69.8495
0.031;0.021;15;15;24;0.74433386;0.8307692;0.8127454;0.81218153;0.29244548;69.8495
0.006;0.022;15;53;57;0.6849983;0.97780246;0.860423;0.7934571;0.29151037;72.163826
0.007;0.022;15;27;27;0.70317423;0.96;0.8542717;0.800433;0.29902133;72.338
0.008;0.022;15;26;27;0.70982355;0.9551282;0.8496979;0.7949411;0.29660603;72.12394
0.009;0.022;15;26;27;0.70982355;0.9551282;0.8496979;0.7949411;0.29660603;72.12394
0.01;0.022;15;24;24;0.7178422;0.95454544;0.84602255;0.7859826;0.30399477;72.16775
0.011;0.022;15;23;24;0.7141423;0.94824016;0.8397599;0.7914961;0.31785426;72.22986
0.012;0.022;15;22;24;0.7390611;0.9409091;0.84040594;0.7850599;0.3191179;72.49107
0.013;0.022;15;20;22;0.7333236;0.9333333;0.83377665;0.78928083;0.3196251;72.18679
0.014;0.022;15;20;22;0.7333236;0.9333333;0.83377665;0.78928083;0.3196251;72.18679
0.015;0.022;15;19;20;0.7296101;0.93498456;0.8420077;0.79756355;0.32735783;72.63048
0.016;0.022;15;19;20;0.7296101;0.93498456;0.8420077;0.79756355;0.32735783;72.63048
0.017;0.022;15;19;20;0.7296101;0.93498456;0.8420077;0.79756355;0.32735783;72.63048
0.018;0.022;15;18;20;0.6939708;0.9236111;0.7974469;0.7535028;0.31909114;69.75246
0.019;0.022;15;15;21;0.64880776;0.86153847;0.8121392;0.7373943;0.31668663;67.53133
0.02;0.022;15;14;19;0.66843605;0.85714287;0.8049183;0.74962115;0.32069322;68.016235
0.021;0.022;15;12;16;0.65640175;0.8333333;0.79209757;0.80729604;0.3319434;68.42144
0.022;0.022;15;12;18;0.68073964;0.8;0.8239311;0.7721534;0.2911513;67.35951
0.023;0.022;15;12;18;0.68073964;0.8;0.8239311;0.7721534;0.2911513;67.35951
0.024;0.022;15;10;14;0.7418792;0.77500004;0.8014953;0.8142391;0.2933231;68.51874
0.025;0.022;15;10;14;0.7409766;0.775;0.80921656;0.79646313;0.2933231;68.29959
0.026;0.022;15;10;19;0.63644874;0.65;0.871617;0.77612036;0.23672673;63.41826
0.027;0.022;15;10;19;0.63644874;0.65;0.871617;0.77612036;0.23672673;63.41826
0.028;0.022;15;10;19;0.63644874;0.65;0.871617;0.77612036;0.23672673;63.41826
0.029;0.022;15;10;19;0.63644874;0.65;0.871617;0.77612036;0.23672673;63.41826
0.03;0.022;15;10;19;0.63644874;0.65;0.871617;0.77612036;0.23672673;63.41826
0.031;0.022;15;10;19;0.63644874;0.65;0.871617;0.77612036;0.23672673;63.41826
0.006;0.023;15;21;21;0.66046953;0.94736844;0.83870745;0.79294825;0.30293888;70.84865
0.007;0.023;15;21;21;0.66046953;0.94736844;0.83870745;0.79294825;0.30293888;70.84865
0.008;0.023;15;21;21;0.66046953;0.94736844;0.83870745;0.79294825;0.30293888;70.84865
0.009;0.023;15;21;21;0.66046953;0.94736844;0.83870745;0.79294825;0.30293888;70.84865
0.01;0.023;15;19;20;0.6638087;0.93498456;0.8412356;0.7878337;0.31200555;70.79736
0.011;0.023;15;19;20;0.65606;0.93498456;0.84155697;0.78847563;0.311741;70.65636
0.012;0.023;15;18;20;0.6844754;0.9236111;0.84341073;0.7801771;0.31207848;70.87505
0.013;0.023;15;16;18;0.6724775;0.91071427;0.8355892;0.78451383;0.31234705;70.312836
0.014;0.023;15;16;18;0.6724775;0.91071427;0.8355892;0.78451383;0.31234705;70.312836
0.015;0.023;15;16;18;0.6724775;0.91071427;0.8355892;0.78451383;0.31234705;70.312836
0.016;0.023;15;16;18;0.6724775;0.91071427;0.8355892;0.78451383;0.31234705;70.312836
0.017;0.023;15;16;18;0.6724775;0.91071427;0.8355892;0.78451383;0.31234705;70.312836
0.018;0.023;15;13;16;0.6049766;0.8671329;0.80226815;0.70676386;0.3158212;65.939255
0.019;0.023;15;13;16;0.6049766;0.8671329;0.80226815;0.70676386;0.3158212;65.939255
0.02;0.023;15;13;16;0.6049766;0.8671329;0.80226815;0.70676386;0.3158212;65.939255
0.021;0.023;15;12;16;0.6132554;0.8333334;0.82349074;0.70232487;0.31175283;65.68314
0.022;0.023;15;12;16;0.6132554;0.8333334;0.82349074;0.70232487;0.31175283;65.68314
0.023;0.023;15;8;13;0.5925215;0.625;0.86131173;0.7014539;0.23211731;60.24809
0.024;0.023;15;6;9;0.6698886;0.5;0.8534948;0.7447694;0.24942067;60.35147
0.025;0.023;15;6;9;0.66831654;0.5;0.8548543;0.73969144;0.24942067;60.245663
0.026;0.023;15;6;8;0.6809008;0.5833333;0.86707;0.7436423;0.23682128;62.23535
0.027;0.023;15;6;8;0.6809008;0.5833333;0.86707;0.7436423;0.23682128;62.23535
0.028;0.023;15;6;8;0.6809008;0.5833333;0.86707;0.7436423;0.23682128;62.23535
0.029;0.023;15;6;8;0.6809008;0.5833333;0.86707;0.7436423;0.23682128;62.23535
0.03;0.023;15;6;8;0.6809008;0.5833333;0.86707;0.7436423;0.23682128;62.23535
0.031;0.023;15;6;8;0.6809008;0.5833333;0.86707;0.7436423;0.23682128;62.23535
0.006;0.024;15;12;12;0.648059;0.9;0.8140984;0.71862847;0.276033;67.136375
0.007;0.024;15;12;12;0.648059;0.9;0.8140984;0.71862847;0.276033;67.136375
0.008;0.024;15;12;12;0.648059;0.9;0.8140984;0.71862847;0.276033;67.136375
0.009;0.024;15;12;12;0.648059;0.9;0.8140984;0.71862847;0.276033;67.136375
0.01;0.024;15;12;12;0.648059;0.9;0.8140984;0.71862847;0.276033;67.136375
0.011;0.024;15;12;12;0.648059;0.9;0.8140984;0.71862847;0.276033;67.136375
0.012;0.024;15;11;12;0.6547669;0.8686869;0.82858866;0.7146489;0.27407035;66.81523
0.013;0.024;15;11;12;0.6547669;0.8686869;0.82858866;0.7146489;0.27407035;66.81523
0.014;0.024;15;10;12;0.67320013;0.825;0.8477065;0.71923304;0.24456814;66.19416
0.015;0.024;15;10;12;0.67320013;0.825;0.8477065;0.71923304;0.24456814;66.19416
0.016;0.024;15;10;12;0.67320013;0.825;0.8477065;0.71923304;0.24456814;66.19416
0.017;0.024;15;10;12;0.67320013;0.825;0.8477065;0.71923304;0.24456814;66.19416
0.018;0.024;15;10;12;0.67320013;0.825;0.8477065;0.71923304;0.24456814;66.19416
0.019;0.024;15;9;10;0.6839733;0.82539684;0.8330935;0.71857804;0.25582504;66.33733
0.02;0.024;15;9;10;0.6839733;0.82539684;0.8330935;0.71857804;0.25582504;66.33733
0.021;0.024;15;9;10;0.6839733;0.82539684;0.8330935;0.71857804;0.25582504;66.33733
0.022;0.024;15;8;9;0.6682446;0.7916667;0.82577634;0.7016057;0.2663287;65.07244
0.023;0.024;15;8;9;0.6682446;0.7916667;0.82577634;0.7016057;0.2663287;65.07244
0.024;0.024;15;6;8;0.6932326;0.5833333;0.8656941;0.6812821;0.21645558;60.799953
0.025;0.024;15;5;6;0.6789017;0.5333333;0.904654;0.7309634;0.16878389;60.332726
0.026;0.024;15;5;6;0.6789017;0.5333333;0.904654;0.7309634;0.16878389;60.332726
0.027;0.024;15;5;6;0.6789017;0.5333333;0.904654;0.7309634;0.16878389;60.332726
0.028;0.024;15;5;6;0.6789017;0.5333333;0.904654;0.7309634;0.16878389;60.332726
0.029;0.024;15;5;6;0.6789017;0.5333333;0.904654;0.7309634;0.16878389;60.332726
0.03;0.024;15;5;6;0.6789017;0.5333333;0.904654;0.7309634;0.16878389;60.332726
0.031;0.024;15;5;6;0.6789017;0.5333333;0.904654;0.7309634;0.16878389;60.332726
