0.001;0.01;15;86;86;0.9681568;0.9880952;0.9666495;0.97305846;0.3469804;84.8588
0.002;0.01;15;79;83;0.9671436;0.98569787;0.95232946;0.9594443;0.35343528;84.36101
0.003;0.01;15;72;79;0.9677469;0.98293656;0.9532379;0.9595803;0.35731128;84.41626
0.004;0.01;15;64;78;0.95110965;0.9768145;0.9293009;0.9452564;0.34655878;82.980804
0.005;0.01;15;55;76;0.9312644;0.9667239;0.8940341;0.9084499;0.3491018;80.99148
0.006;0.01;15;49;77;0.89198124;0.95440733;0.8758905;0.8832093;0.3489397;79.08856
0.007;0.01;15;40;65;0.9003951;0.94078946;0.88082856;0.8716548;0.34608;78.79496
0.008;0.01;15;39;65;0.90048957;0.93693686;0.869759;0.8570906;0.35223135;78.33015
0.009;0.01;15;36;60;0.9226105;0.9313725;0.8670961;0.8547312;0.347048;78.45717
0.01;0.01;15;35;62;0.9106802;0.9229437;0.85062706;0.82238036;0.33866942;76.90602
0.011;0.01;15;33;60;0.91699654;0.91495603;0.8497425;0.84508806;0.32589146;77.0535
0.012;0.01;15;32;58;0.91350156;0.9125;0.85581744;0.8477964;0.31985047;76.98932
0.013;0.01;15;30;59;0.91157365;0.8952381;0.87650967;0.85758245;0.30463764;76.91083
0.014;0.01;15;28;58;0.89602363;0.8791209;0.8717653;0.8414955;0.31117195;75.991554
0.015;0.01;15;28;57;0.89528406;0.8818681;0.8711743;0.8395942;0.31090263;75.97647
0.016;0.01;15;26;57;0.83829683;0.8589744;0.8731916;0.8106646;0.30308095;73.68416
0.017;0.01;15;26;57;0.83829683;0.8589744;0.8731916;0.8106646;0.30308095;73.68416
0.018;0.01;15;26;57;0.83829683;0.8589744;0.8731916;0.8106646;0.30308095;73.68416
0.019;0.01;15;26;57;0.83829683;0.8589744;0.8731916;0.8106646;0.30308095;73.68416
0.02;0.01;15;26;57;0.83829683;0.8589744;0.8731916;0.8106646;0.30308095;73.68416
0.021;0.01;15;26;57;0.83829683;0.8589744;0.8731916;0.8106646;0.30308095;73.68416
0.022;0.01;15;26;57;0.83829683;0.8589744;0.8731916;0.8106646;0.30308095;73.68416
0.023;0.01;15;26;57;0.83829683;0.8589744;0.8731916;0.8106646;0.30308095;73.68416
0.024;0.01;15;26;57;0.83829683;0.8589744;0.8731916;0.8106646;0.30308095;73.68416
0.025;0.01;15;26;57;0.83829683;0.8589744;0.8731916;0.8106646;0.30308095;73.68416
0.026;0.01;15;26;57;0.83829683;0.8589744;0.8731916;0.8106646;0.30308095;73.68416
0.027;0.01;15;26;57;0.83829683;0.8589744;0.8731916;0.8106646;0.30308095;73.68416
0.028;0.01;15;26;57;0.83829683;0.8589744;0.8731916;0.8106646;0.30308095;73.68416
0.029;0.01;15;26;57;0.83829683;0.8589744;0.8731916;0.8106646;0.30308095;73.68416
0.03;0.01;15;26;57;0.83829683;0.8589744;0.8731916;0.8106646;0.30308095;73.68416
0.023;0.011;15;25;43;0.8814459;0.8939131;0.85304815;0.8480653;0.34474272;76.4243
0.024;0.011;15;25;43;0.8814459;0.8939131;0.85304815;0.8480653;0.34474272;76.4243
0.025;0.011;15;25;43;0.8814459;0.8939131;0.85304815;0.8480653;0.34474272;76.4243
0.026;0.011;15;25;43;0.8814459;0.8939131;0.85304815;0.8480653;0.34474272;76.4243
0.027;0.011;15;25;43;0.8814459;0.8939131;0.85304815;0.8480653;0.34474272;76.4243
0.028;0.011;15;25;43;0.8814459;0.8939131;0.85304815;0.8480653;0.34474272;76.4243
0.029;0.011;15;25;43;0.8814459;0.8939131;0.85304815;0.8480653;0.34474272;76.4243
0.03;0.011;15;25;43;0.8814459;0.8939131;0.85304815;0.8480653;0.34474272;76.4243
0.031;0.011;15;25;43;0.8814459;0.8939131;0.85304815;0.8480653;0.34474272;76.4243
0.032;0.011;15;25;43;0.8814459;0.8939131;0.85304815;0.8480653;0.34474272;76.4243
0.033;0.011;15;25;43;0.8814459;0.8939131;0.85304815;0.8480653;0.34474272;76.4243
0.034;0.011;15;25;43;0.8814459;0.8939131;0.85304815;0.8480653;0.34474272;76.4243
0.035;0.011;15;25;43;0.8814459;0.8939131;0.85304815;0.8480653;0.34474272;76.4243
0.036;0.011;15;25;43;0.8814459;0.8939131;0.85304815;0.8480653;0.34474272;76.4243
0.037;0.011;15;25;43;0.8814459;0.8939131;0.85304815;0.8480653;0.34474272;76.4243
0.038;0.011;15;25;43;0.8814459;0.8939131;0.85304815;0.8480653;0.34474272;76.4243
0.039;0.011;15;25;43;0.8814459;0.8939131;0.85304815;0.8480653;0.34474272;76.4243
0.04;0.011;15;25;43;0.8814459;0.8939131;0.85304815;0.8480653;0.34474272;76.4243
0.041;0.011;15;25;43;0.8814459;0.8939131;0.85304815;0.8480653;0.34474272;76.4243
0.042;0.011;15;25;43;0.8814459;0.8939131;0.85304815;0.8480653;0.34474272;76.4243
0.043;0.011;15;25;43;0.8814459;0.8939131;0.85304815;0.8480653;0.34474272;76.4243
0.044;0.011;15;25;43;0.8814459;0.8939131;0.85304815;0.8480653;0.34474272;76.4243
0.045;0.011;15;25;43;0.8814459;0.8939131;0.85304815;0.8480653;0.34474272;76.4243
0.046;0.011;15;25;43;0.8814459;0.8939131;0.85304815;0.8480653;0.34474272;76.4243
0.047;0.011;15;25;43;0.8814459;0.8939131;0.85304815;0.8480653;0.34474272;76.4243
0.048;0.011;15;25;43;0.8814459;0.8939131;0.85304815;0.8480653;0.34474272;76.4243
0.049;0.011;15;25;43;0.8814459;0.8939131;0.85304815;0.8480653;0.34474272;76.4243
0.05;0.011;15;25;43;0.8814459;0.8939131;0.85304815;0.8480653;0.34474272;76.4243
0.051;0.011;15;25;43;0.8814459;0.8939131;0.85304815;0.8480653;0.34474272;76.4243
0.052;0.011;15;25;43;0.8814459;0.8939131;0.85304815;0.8480653;0.34474272;76.4243
0.023;0.012;15;21;43;0.8652222;0.83709264;0.8556951;0.8380195;0.30740646;74.068726
0.024;0.012;15;21;43;0.8652222;0.83709264;0.8556951;0.8380195;0.30740646;74.068726
0.025;0.012;15;21;43;0.8652222;0.83709264;0.8556951;0.8380195;0.30740646;74.068726
0.026;0.012;15;21;43;0.8652222;0.83709264;0.8556951;0.8380195;0.30740646;74.068726
0.027;0.012;15;21;43;0.8652222;0.83709264;0.8556951;0.8380195;0.30740646;74.068726
0.028;0.012;15;21;43;0.8652222;0.83709264;0.8556951;0.8380195;0.30740646;74.068726
0.029;0.012;15;21;43;0.8652222;0.83709264;0.8556951;0.8380195;0.30740646;74.068726
0.03;0.012;15;21;43;0.8652222;0.83709264;0.8556951;0.8380195;0.30740646;74.068726
0.031;0.012;15;21;43;0.8652222;0.83709264;0.8556951;0.8380195;0.30740646;74.068726
0.032;0.012;15;21;43;0.8652222;0.83709264;0.8556951;0.8380195;0.30740646;74.068726
0.033;0.012;15;21;43;0.8652222;0.83709264;0.8556951;0.8380195;0.30740646;74.068726
0.034;0.012;15;21;43;0.8652222;0.83709264;0.8556951;0.8380195;0.30740646;74.068726
0.035;0.012;15;21;43;0.8652222;0.83709264;0.8556951;0.8380195;0.30740646;74.068726
0.036;0.012;15;21;43;0.8652222;0.83709264;0.8556951;0.8380195;0.30740646;74.068726
0.037;0.012;15;21;43;0.8652222;0.83709264;0.8556951;0.8380195;0.30740646;74.068726
0.038;0.012;15;21;43;0.8652222;0.83709264;0.8556951;0.8380195;0.30740646;74.068726
0.039;0.012;15;21;43;0.8652222;0.83709264;0.8556951;0.8380195;0.30740646;74.068726
0.04;0.012;15;21;43;0.8652222;0.83709264;0.8556951;0.8380195;0.30740646;74.068726
0.041;0.012;15;21;43;0.8652222;0.83709264;0.8556951;0.8380195;0.30740646;74.068726
0.042;0.012;15;21;43;0.8652222;0.83709264;0.8556951;0.8380195;0.30740646;74.068726
0.043;0.012;15;21;43;0.8652222;0.83709264;0.8556951;0.8380195;0.30740646;74.068726
0.044;0.012;15;21;43;0.8652222;0.83709264;0.8556951;0.8380195;0.30740646;74.068726
0.045;0.012;15;21;43;0.8652222;0.83709264;0.8556951;0.8380195;0.30740646;74.068726
0.046;0.012;15;21;43;0.8652222;0.83709264;0.8556951;0.8380195;0.30740646;74.068726
0.047;0.012;15;21;43;0.8652222;0.83709264;0.8556951;0.8380195;0.30740646;74.068726
0.048;0.012;15;21;43;0.8652222;0.83709264;0.8556951;0.8380195;0.30740646;74.068726
0.049;0.012;15;21;43;0.8652222;0.83709264;0.8556951;0.8380195;0.30740646;74.068726
0.05;0.012;15;21;43;0.8652222;0.83709264;0.8556951;0.8380195;0.30740646;74.068726
0.051;0.012;15;21;43;0.8652222;0.83709264;0.8556951;0.8380195;0.30740646;74.068726
0.052;0.012;15;21;43;0.8652222;0.83709264;0.8556951;0.8380195;0.30740646;74.068726
0.023;0.013;15;17;29;0.8194505;0.8392156;0.8409508;0.8103182;0.3242546;72.68379
0.024;0.013;15;17;29;0.8194505;0.8392156;0.8409508;0.8103182;0.3242546;72.68379
0.025;0.013;15;17;29;0.8194505;0.8392156;0.8409508;0.8103182;0.3242546;72.68379
0.026;0.013;15;17;29;0.8194505;0.8392156;0.8409508;0.8103182;0.3242546;72.68379
0.027;0.013;15;17;29;0.8194505;0.8392156;0.8409508;0.8103182;0.3242546;72.68379
0.028;0.013;15;17;29;0.8194505;0.8392156;0.8409508;0.8103182;0.3242546;72.68379
0.029;0.013;15;17;29;0.8194505;0.8392156;0.8409508;0.8103182;0.3242546;72.68379
0.03;0.013;15;17;29;0.8194505;0.8392156;0.8409508;0.8103182;0.3242546;72.68379
0.031;0.013;15;17;29;0.8194505;0.8392156;0.8409508;0.8103182;0.3242546;72.68379
0.032;0.013;15;17;29;0.8194505;0.8392156;0.8409508;0.8103182;0.3242546;72.68379
0.033;0.013;15;17;29;0.8194505;0.8392156;0.8409508;0.8103182;0.3242546;72.68379
0.034;0.013;15;17;29;0.8194505;0.8392156;0.8409508;0.8103182;0.3242546;72.68379
0.035;0.013;15;17;29;0.8194505;0.8392156;0.8409508;0.8103182;0.3242546;72.68379
0.036;0.013;15;17;29;0.8194505;0.8392156;0.8409508;0.8103182;0.3242546;72.68379
0.037;0.013;15;17;29;0.8194505;0.8392156;0.8409508;0.8103182;0.3242546;72.68379
0.038;0.013;15;17;29;0.8194505;0.8392156;0.8409508;0.8103182;0.3242546;72.68379
0.039;0.013;15;17;29;0.8194505;0.8392156;0.8409508;0.8103182;0.3242546;72.68379
0.04;0.013;15;17;29;0.8194505;0.8392156;0.8409508;0.8103182;0.3242546;72.68379
0.041;0.013;15;17;29;0.8194505;0.8392156;0.8409508;0.8103182;0.3242546;72.68379
0.042;0.013;15;17;29;0.8194505;0.8392156;0.8409508;0.8103182;0.3242546;72.68379
0.043;0.013;15;17;29;0.8194505;0.8392156;0.8409508;0.8103182;0.3242546;72.68379
0.044;0.013;15;17;29;0.8194505;0.8392156;0.8409508;0.8103182;0.3242546;72.68379
0.045;0.013;15;17;29;0.8194505;0.8392156;0.8409508;0.8103182;0.3242546;72.68379
0.046;0.013;15;17;29;0.8194505;0.8392156;0.8409508;0.8103182;0.3242546;72.68379
0.047;0.013;15;17;29;0.8194505;0.8392156;0.8409508;0.8103182;0.3242546;72.68379
0.048;0.013;15;17;29;0.8194505;0.8392156;0.8409508;0.8103182;0.3242546;72.68379
0.049;0.013;15;17;29;0.8194505;0.8392156;0.8409508;0.8103182;0.3242546;72.68379
0.05;0.013;15;17;29;0.8194505;0.8392156;0.8409508;0.8103182;0.3242546;72.68379
0.051;0.013;15;17;29;0.8194505;0.8392156;0.8409508;0.8103182;0.3242546;72.68379
0.052;0.013;15;17;29;0.8194505;0.8392156;0.8409508;0.8103182;0.3242546;72.68379
0.023;0.014;15;15;29;0.81291133;0.7794872;0.8174959;0.8100196;0.34878594;71.374
0.024;0.014;15;15;29;0.81291133;0.7794872;0.8174959;0.8100196;0.34878594;71.374
0.025;0.014;15;15;29;0.81291133;0.7794872;0.8174959;0.8100196;0.34878594;71.374
0.026;0.014;15;15;29;0.81291133;0.7794872;0.8174959;0.8100196;0.34878594;71.374
0.027;0.014;15;15;29;0.81291133;0.7794872;0.8174959;0.8100196;0.34878594;71.374
0.028;0.014;15;15;29;0.81291133;0.7794872;0.8174959;0.8100196;0.34878594;71.374
0.029;0.014;15;15;29;0.81291133;0.7794872;0.8174959;0.8100196;0.34878594;71.374
0.03;0.014;15;15;29;0.81291133;0.7794872;0.8174959;0.8100196;0.34878594;71.374
0.031;0.014;15;15;29;0.81291133;0.7794872;0.8174959;0.8100196;0.34878594;71.374
0.032;0.014;15;15;29;0.81291133;0.7794872;0.8174959;0.8100196;0.34878594;71.374
0.033;0.014;15;15;29;0.81291133;0.7794872;0.8174959;0.8100196;0.34878594;71.374
0.034;0.014;15;15;29;0.81291133;0.7794872;0.8174959;0.8100196;0.34878594;71.374
0.035;0.014;15;15;29;0.81291133;0.7794872;0.8174959;0.8100196;0.34878594;71.374
0.036;0.014;15;15;29;0.81291133;0.7794872;0.8174959;0.8100196;0.34878594;71.374
0.037;0.014;15;15;29;0.81291133;0.7794872;0.8174959;0.8100196;0.34878594;71.374
0.038;0.014;15;15;29;0.81291133;0.7794872;0.8174959;0.8100196;0.34878594;71.374
0.039;0.014;15;15;29;0.81291133;0.7794872;0.8174959;0.8100196;0.34878594;71.374
0.04;0.014;15;15;29;0.81291133;0.7794872;0.8174959;0.8100196;0.34878594;71.374
0.041;0.014;15;15;29;0.81291133;0.7794872;0.8174959;0.8100196;0.34878594;71.374
0.042;0.014;15;15;29;0.81291133;0.7794872;0.8174959;0.8100196;0.34878594;71.374
0.043;0.014;15;15;29;0.81291133;0.7794872;0.8174959;0.8100196;0.34878594;71.374
0.044;0.014;15;15;29;0.81291133;0.7794872;0.8174959;0.8100196;0.34878594;71.374
0.045;0.014;15;15;29;0.81291133;0.7794872;0.8174959;0.8100196;0.34878594;71.374
0.046;0.014;15;15;29;0.81291133;0.7794872;0.8174959;0.8100196;0.34878594;71.374
0.047;0.014;15;15;29;0.81291133;0.7794872;0.8174959;0.8100196;0.34878594;71.374
0.048;0.014;15;15;29;0.81291133;0.7794872;0.8174959;0.8100196;0.34878594;71.374
0.049;0.014;15;15;29;0.81291133;0.7794872;0.8174959;0.8100196;0.34878594;71.374
0.05;0.014;15;15;29;0.81291133;0.7794872;0.8174959;0.8100196;0.34878594;71.374
0.051;0.014;15;15;29;0.81291133;0.7794872;0.8174959;0.8100196;0.34878594;71.374
0.052;0.014;15;15;29;0.81291133;0.7794872;0.8174959;0.8100196;0.34878594;71.374
0.023;0.015;15;13;23;0.8576945;0.7692308;0.85534614;0.83504134;0.33971825;73.14062
0.024;0.015;15;13;23;0.8576945;0.7692308;0.85534614;0.83504134;0.33971825;73.14062
0.025;0.015;15;13;23;0.8576945;0.7692308;0.85534614;0.83504134;0.33971825;73.14062
0.026;0.015;15;13;23;0.8576945;0.7692308;0.85534614;0.83504134;0.33971825;73.14062
0.027;0.015;15;13;23;0.8576945;0.7692308;0.85534614;0.83504134;0.33971825;73.14062
0.028;0.015;15;13;23;0.8576945;0.7692308;0.85534614;0.83504134;0.33971825;73.14062
0.029;0.015;15;13;23;0.8576945;0.7692308;0.85534614;0.83504134;0.33971825;73.14062
0.03;0.015;15;13;23;0.8576945;0.7692308;0.85534614;0.83504134;0.33971825;73.14062
0.031;0.015;15;13;23;0.8576945;0.7692308;0.85534614;0.83504134;0.33971825;73.14062
0.032;0.015;15;13;23;0.8576945;0.7692308;0.85534614;0.83504134;0.33971825;73.14062
0.033;0.015;15;13;23;0.8576945;0.7692308;0.85534614;0.83504134;0.33971825;73.14062
0.034;0.015;15;13;23;0.8576945;0.7692308;0.85534614;0.83504134;0.33971825;73.14062
0.035;0.015;15;13;23;0.8576945;0.7692308;0.85534614;0.83504134;0.33971825;73.14062
0.036;0.015;15;13;23;0.8576945;0.7692308;0.85534614;0.83504134;0.33971825;73.14062
0.037;0.015;15;13;23;0.8576945;0.7692308;0.85534614;0.83504134;0.33971825;73.14062
0.038;0.015;15;13;23;0.8576945;0.7692308;0.85534614;0.83504134;0.33971825;73.14062
0.039;0.015;15;13;23;0.8576945;0.7692308;0.85534614;0.83504134;0.33971825;73.14062
0.04;0.015;15;13;23;0.8576945;0.7692308;0.85534614;0.83504134;0.33971825;73.14062
0.041;0.015;15;13;23;0.8576945;0.7692308;0.85534614;0.83504134;0.33971825;73.14062
0.042;0.015;15;13;23;0.8576945;0.7692308;0.85534614;0.83504134;0.33971825;73.14062
0.043;0.015;15;13;23;0.8576945;0.7692308;0.85534614;0.83504134;0.33971825;73.14062
0.044;0.015;15;13;23;0.8576945;0.7692308;0.85534614;0.83504134;0.33971825;73.14062
0.045;0.015;15;13;23;0.8576945;0.7692308;0.85534614;0.83504134;0.33971825;73.14062
0.046;0.015;15;13;23;0.8576945;0.7692308;0.85534614;0.83504134;0.33971825;73.14062
0.047;0.015;15;13;23;0.8576945;0.7692308;0.85534614;0.83504134;0.33971825;73.14062
0.048;0.015;15;13;23;0.8576945;0.7692308;0.85534614;0.83504134;0.33971825;73.14062
0.049;0.015;15;13;23;0.8576945;0.7692308;0.85534614;0.83504134;0.33971825;73.14062
0.05;0.015;15;13;23;0.8576945;0.7692308;0.85534614;0.83504134;0.33971825;73.14062
0.051;0.015;15;13;23;0.8576945;0.7692308;0.85534614;0.83504134;0.33971825;73.14062
0.052;0.015;15;13;23;0.8576945;0.7692308;0.85534614;0.83504134;0.33971825;73.14062
0.023;0.016;15;9;12;0.8281417;0.7619047;0.78806734;0.70131546;0.30136487;67.61588
0.024;0.016;15;9;12;0.8281417;0.7619047;0.78806734;0.70131546;0.30136487;67.61588
0.025;0.016;15;9;12;0.8281417;0.7619047;0.78806734;0.70131546;0.30136487;67.61588
0.026;0.016;15;9;12;0.8281417;0.7619047;0.78806734;0.70131546;0.30136487;67.61588
0.027;0.016;15;9;12;0.8281417;0.7619047;0.78806734;0.70131546;0.30136487;67.61588
0.028;0.016;15;9;12;0.8281417;0.7619047;0.78806734;0.70131546;0.30136487;67.61588
0.029;0.016;15;9;12;0.8281417;0.7619047;0.78806734;0.70131546;0.30136487;67.61588
0.03;0.016;15;9;12;0.8281417;0.7619047;0.78806734;0.70131546;0.30136487;67.61588
0.031;0.016;15;9;12;0.8281417;0.7619047;0.78806734;0.70131546;0.30136487;67.61588
0.032;0.016;15;9;12;0.8281417;0.7619047;0.78806734;0.70131546;0.30136487;67.61588
0.033;0.016;15;9;12;0.8281417;0.7619047;0.78806734;0.70131546;0.30136487;67.61588
0.034;0.016;15;9;12;0.8281417;0.7619047;0.78806734;0.70131546;0.30136487;67.61588
0.035;0.016;15;9;12;0.8281417;0.7619047;0.78806734;0.70131546;0.30136487;67.61588
0.036;0.016;15;9;12;0.8281417;0.7619047;0.78806734;0.70131546;0.30136487;67.61588
0.037;0.016;15;9;12;0.8281417;0.7619047;0.78806734;0.70131546;0.30136487;67.61588
0.038;0.016;15;9;12;0.8281417;0.7619047;0.78806734;0.70131546;0.30136487;67.61588
0.039;0.016;15;9;12;0.8281417;0.7619047;0.78806734;0.70131546;0.30136487;67.61588
0.04;0.016;15;9;12;0.8281417;0.7619047;0.78806734;0.70131546;0.30136487;67.61588
0.041;0.016;15;9;12;0.8281417;0.7619047;0.78806734;0.70131546;0.30136487;67.61588
0.042;0.016;15;9;12;0.8281417;0.7619047;0.78806734;0.70131546;0.30136487;67.61588
0.043;0.016;15;9;12;0.8281417;0.7619047;0.78806734;0.70131546;0.30136487;67.61588
0.044;0.016;15;9;12;0.8281417;0.7619047;0.78806734;0.70131546;0.30136487;67.61588
0.045;0.016;15;9;12;0.8281417;0.7619047;0.78806734;0.70131546;0.30136487;67.61588
0.046;0.016;15;9;12;0.8281417;0.7619047;0.78806734;0.70131546;0.30136487;67.61588
0.047;0.016;15;9;12;0.8281417;0.7619047;0.78806734;0.70131546;0.30136487;67.61588
0.048;0.016;15;9;12;0.8281417;0.7619047;0.78806734;0.70131546;0.30136487;67.61588
0.049;0.016;15;9;12;0.8281417;0.7619047;0.78806734;0.70131546;0.30136487;67.61588
0.05;0.016;15;9;12;0.8281417;0.7619047;0.78806734;0.70131546;0.30136487;67.61588
0.051;0.016;15;9;12;0.8281417;0.7619047;0.78806734;0.70131546;0.30136487;67.61588
0.052;0.016;15;9;12;0.8281417;0.7619047;0.78806734;0.70131546;0.30136487;67.61588
0.023;0.017;15;8;15;0.7868031;0.5416667;0.79484755;0.73035604;0.32036486;63.480766
0.024;0.017;15;8;15;0.7868031;0.5416667;0.79484755;0.73035604;0.32036486;63.480766
0.025;0.017;15;8;15;0.7868031;0.5416667;0.79484755;0.73035604;0.32036486;63.480766
0.026;0.017;15;8;15;0.7868031;0.5416667;0.79484755;0.73035604;0.32036486;63.480766
0.027;0.017;15;8;15;0.7868031;0.5416667;0.79484755;0.73035604;0.32036486;63.480766
0.028;0.017;15;8;15;0.7868031;0.5416667;0.79484755;0.73035604;0.32036486;63.480766
0.029;0.017;15;8;15;0.7868031;0.5416667;0.79484755;0.73035604;0.32036486;63.480766
0.03;0.017;15;8;15;0.7868031;0.5416667;0.79484755;0.73035604;0.32036486;63.480766
0.031;0.017;15;8;15;0.7868031;0.5416667;0.79484755;0.73035604;0.32036486;63.480766
0.032;0.017;15;8;15;0.7868031;0.5416667;0.79484755;0.73035604;0.32036486;63.480766
0.033;0.017;15;8;15;0.7868031;0.5416667;0.79484755;0.73035604;0.32036486;63.480766
0.034;0.017;15;8;15;0.7868031;0.5416667;0.79484755;0.73035604;0.32036486;63.480766
0.035;0.017;15;8;15;0.7868031;0.5416667;0.79484755;0.73035604;0.32036486;63.480766
0.036;0.017;15;8;15;0.7868031;0.5416667;0.79484755;0.73035604;0.32036486;63.480766
0.037;0.017;15;8;15;0.7868031;0.5416667;0.79484755;0.73035604;0.32036486;63.480766
0.038;0.017;15;8;15;0.7868031;0.5416667;0.79484755;0.73035604;0.32036486;63.480766
0.039;0.017;15;8;15;0.7868031;0.5416667;0.79484755;0.73035604;0.32036486;63.480766
0.04;0.017;15;8;15;0.7868031;0.5416667;0.79484755;0.73035604;0.32036486;63.480766
0.041;0.017;15;8;15;0.7868031;0.5416667;0.79484755;0.73035604;0.32036486;63.480766
0.042;0.017;15;8;15;0.7868031;0.5416667;0.79484755;0.73035604;0.32036486;63.480766
0.043;0.017;15;8;15;0.7868031;0.5416667;0.79484755;0.73035604;0.32036486;63.480766
0.044;0.017;15;8;15;0.7868031;0.5416667;0.79484755;0.73035604;0.32036486;63.480766
0.045;0.017;15;8;15;0.7868031;0.5416667;0.79484755;0.73035604;0.32036486;63.480766
0.046;0.017;15;8;15;0.7868031;0.5416667;0.79484755;0.73035604;0.32036486;63.480766
0.047;0.017;15;8;15;0.7868031;0.5416667;0.79484755;0.73035604;0.32036486;63.480766
0.048;0.017;15;8;15;0.7868031;0.5416667;0.79484755;0.73035604;0.32036486;63.480766
0.049;0.017;15;8;15;0.7868031;0.5416667;0.79484755;0.73035604;0.32036486;63.480766
0.05;0.017;15;8;15;0.7868031;0.5416667;0.79484755;0.73035604;0.32036486;63.480766
0.051;0.017;15;8;15;0.7868031;0.5416667;0.79484755;0.73035604;0.32036486;63.480766
0.052;0.017;15;8;15;0.7868031;0.5416667;0.79484755;0.73035604;0.32036486;63.480766
0.023;0.018;15;7;11;0.72168887;0.5714285;0.80970716;0.857434;0.2629677;64.46452
0.024;0.018;15;7;11;0.72168887;0.5714285;0.80970716;0.857434;0.2629677;64.46452
0.025;0.018;15;7;11;0.72168887;0.5714285;0.80970716;0.857434;0.2629677;64.46452
0.026;0.018;15;7;11;0.72168887;0.5714285;0.80970716;0.857434;0.2629677;64.46452
0.027;0.018;15;7;11;0.72168887;0.5714285;0.80970716;0.857434;0.2629677;64.46452
0.028;0.018;15;7;11;0.72168887;0.5714285;0.80970716;0.857434;0.2629677;64.46452
0.029;0.018;15;7;11;0.72168887;0.5714285;0.80970716;0.857434;0.2629677;64.46452
0.03;0.018;15;7;11;0.72168887;0.5714285;0.80970716;0.857434;0.2629677;64.46452
0.031;0.018;15;7;11;0.72168887;0.5714285;0.80970716;0.857434;0.2629677;64.46452
0.032;0.018;15;7;11;0.72168887;0.5714285;0.80970716;0.857434;0.2629677;64.46452
0.033;0.018;15;7;11;0.72168887;0.5714285;0.80970716;0.857434;0.2629677;64.46452
0.034;0.018;15;7;11;0.72168887;0.5714285;0.80970716;0.857434;0.2629677;64.46452
0.035;0.018;15;7;11;0.72168887;0.5714285;0.80970716;0.857434;0.2629677;64.46452
0.036;0.018;15;7;11;0.72168887;0.5714285;0.80970716;0.857434;0.2629677;64.46452
0.037;0.018;15;7;11;0.72168887;0.5714285;0.80970716;0.857434;0.2629677;64.46452
0.038;0.018;15;7;11;0.72168887;0.5714285;0.80970716;0.857434;0.2629677;64.46452
0.039;0.018;15;7;11;0.72168887;0.5714285;0.80970716;0.857434;0.2629677;64.46452
0.04;0.018;15;7;11;0.72168887;0.5714285;0.80970716;0.857434;0.2629677;64.46452
0.041;0.018;15;7;11;0.72168887;0.5714285;0.80970716;0.857434;0.2629677;64.46452
0.042;0.018;15;7;11;0.72168887;0.5714285;0.80970716;0.857434;0.2629677;64.46452
0.043;0.018;15;7;11;0.72168887;0.5714285;0.80970716;0.857434;0.2629677;64.46452
0.044;0.018;15;7;11;0.72168887;0.5714285;0.80970716;0.857434;0.2629677;64.46452
0.045;0.018;15;7;11;0.72168887;0.5714285;0.80970716;0.857434;0.2629677;64.46452
0.046;0.018;15;7;11;0.72168887;0.5714285;0.80970716;0.857434;0.2629677;64.46452
0.047;0.018;15;7;11;0.72168887;0.5714285;0.80970716;0.857434;0.2629677;64.46452
0.048;0.018;15;7;11;0.72168887;0.5714285;0.80970716;0.857434;0.2629677;64.46452
0.049;0.018;15;7;11;0.72168887;0.5714285;0.80970716;0.857434;0.2629677;64.46452
0.05;0.018;15;7;11;0.72168887;0.5714285;0.80970716;0.857434;0.2629677;64.46452
0.051;0.018;15;7;11;0.72168887;0.5714285;0.80970716;0.857434;0.2629677;64.46452
0.052;0.018;15;7;11;0.72168887;0.5714285;0.80970716;0.857434;0.2629677;64.46452
0.023;0.019;15;6;9;0.85216963;0.50000006;0.7493066;0.7423442;0.33602917;63.596992
0.024;0.019;15;6;9;0.85216963;0.50000006;0.7493066;0.7423442;0.33602917;63.596992
0.025;0.019;15;6;9;0.85216963;0.50000006;0.7493066;0.7423442;0.33602917;63.596992
0.026;0.019;15;6;9;0.85216963;0.50000006;0.7493066;0.7423442;0.33602917;63.596992
0.027;0.019;15;6;9;0.85216963;0.50000006;0.7493066;0.7423442;0.33602917;63.596992
0.028;0.019;15;6;9;0.85216963;0.50000006;0.7493066;0.7423442;0.33602917;63.596992
0.029;0.019;15;6;9;0.85216963;0.50000006;0.7493066;0.7423442;0.33602917;63.596992
0.03;0.019;15;6;9;0.85216963;0.50000006;0.7493066;0.7423442;0.33602917;63.596992
0.031;0.019;15;6;9;0.85216963;0.50000006;0.7493066;0.7423442;0.33602917;63.596992
0.032;0.019;15;6;9;0.85216963;0.50000006;0.7493066;0.7423442;0.33602917;63.596992
0.033;0.019;15;6;9;0.85216963;0.50000006;0.7493066;0.7423442;0.33602917;63.596992
0.034;0.019;15;6;9;0.85216963;0.50000006;0.7493066;0.7423442;0.33602917;63.596992
0.035;0.019;15;6;9;0.85216963;0.50000006;0.7493066;0.7423442;0.33602917;63.596992
0.036;0.019;15;6;9;0.85216963;0.50000006;0.7493066;0.7423442;0.33602917;63.596992
0.037;0.019;15;6;9;0.85216963;0.50000006;0.7493066;0.7423442;0.33602917;63.596992
0.038;0.019;15;6;9;0.85216963;0.50000006;0.7493066;0.7423442;0.33602917;63.596992
0.039;0.019;15;6;9;0.85216963;0.50000006;0.7493066;0.7423442;0.33602917;63.596992
0.04;0.019;15;6;9;0.85216963;0.50000006;0.7493066;0.7423442;0.33602917;63.596992
0.041;0.019;15;6;9;0.85216963;0.50000006;0.7493066;0.7423442;0.33602917;63.596992
0.042;0.019;15;6;9;0.85216963;0.50000006;0.7493066;0.7423442;0.33602917;63.596992
0.043;0.019;15;6;9;0.85216963;0.50000006;0.7493066;0.7423442;0.33602917;63.596992
0.044;0.019;15;6;9;0.85216963;0.50000006;0.7493066;0.7423442;0.33602917;63.596992
0.045;0.019;15;6;9;0.85216963;0.50000006;0.7493066;0.7423442;0.33602917;63.596992
0.046;0.019;15;6;9;0.85216963;0.50000006;0.7493066;0.7423442;0.33602917;63.596992
0.047;0.019;15;6;9;0.85216963;0.50000006;0.7493066;0.7423442;0.33602917;63.596992
0.048;0.019;15;6;9;0.85216963;0.50000006;0.7493066;0.7423442;0.33602917;63.596992
0.049;0.019;15;6;9;0.85216963;0.50000006;0.7493066;0.7423442;0.33602917;63.596992
0.05;0.019;15;6;9;0.85216963;0.50000006;0.7493066;0.7423442;0.33602917;63.596992
0.051;0.019;15;6;9;0.85216963;0.50000006;0.7493066;0.7423442;0.33602917;63.596992
0.052;0.019;15;6;9;0.85216963;0.50000006;0.7493066;0.7423442;0.33602917;63.596992
0.023;0.02;15;6;8;0.8622;0.5833334;0.7607043;0.7227119;0.3767656;66.1143
0.024;0.02;15;6;8;0.8622;0.5833334;0.7607043;0.7227119;0.3767656;66.1143
0.025;0.02;15;6;8;0.8622;0.5833334;0.7607043;0.7227119;0.3767656;66.1143
0.026;0.02;15;6;8;0.8622;0.5833334;0.7607043;0.7227119;0.3767656;66.1143
0.027;0.02;15;6;8;0.8622;0.5833334;0.7607043;0.7227119;0.3767656;66.1143
0.028;0.02;15;6;8;0.8622;0.5833334;0.7607043;0.7227119;0.3767656;66.1143
0.029;0.02;15;6;8;0.8622;0.5833334;0.7607043;0.7227119;0.3767656;66.1143
0.03;0.02;15;6;8;0.8622;0.5833334;0.7607043;0.7227119;0.3767656;66.1143
0.031;0.02;15;6;8;0.8622;0.5833334;0.7607043;0.7227119;0.3767656;66.1143
0.032;0.02;15;6;8;0.8622;0.5833334;0.7607043;0.7227119;0.3767656;66.1143
0.033;0.02;15;6;8;0.8622;0.5833334;0.7607043;0.7227119;0.3767656;66.1143
0.034;0.02;15;6;8;0.8622;0.5833334;0.7607043;0.7227119;0.3767656;66.1143
0.035;0.02;15;6;8;0.8622;0.5833334;0.7607043;0.7227119;0.3767656;66.1143
0.036;0.02;15;6;8;0.8622;0.5833334;0.7607043;0.7227119;0.3767656;66.1143
0.037;0.02;15;6;8;0.8622;0.5833334;0.7607043;0.7227119;0.3767656;66.1143
0.038;0.02;15;6;8;0.8622;0.5833334;0.7607043;0.7227119;0.3767656;66.1143
0.039;0.02;15;6;8;0.8622;0.5833334;0.7607043;0.7227119;0.3767656;66.1143
0.04;0.02;15;6;8;0.8622;0.5833334;0.7607043;0.7227119;0.3767656;66.1143
0.041;0.02;15;6;8;0.8622;0.5833334;0.7607043;0.7227119;0.3767656;66.1143
0.042;0.02;15;6;8;0.8622;0.5833334;0.7607043;0.7227119;0.3767656;66.1143
0.043;0.02;15;6;8;0.8622;0.5833334;0.7607043;0.7227119;0.3767656;66.1143
0.044;0.02;15;6;8;0.8622;0.5833334;0.7607043;0.7227119;0.3767656;66.1143
0.045;0.02;15;6;8;0.8622;0.5833334;0.7607043;0.7227119;0.3767656;66.1143
0.046;0.02;15;6;8;0.8622;0.5833334;0.7607043;0.7227119;0.3767656;66.1143
0.047;0.02;15;6;8;0.8622;0.5833334;0.7607043;0.7227119;0.3767656;66.1143
0.048;0.02;15;6;8;0.8622;0.5833334;0.7607043;0.7227119;0.3767656;66.1143
0.049;0.02;15;6;8;0.8622;0.5833334;0.7607043;0.7227119;0.3767656;66.1143
0.05;0.02;15;6;8;0.8622;0.5833334;0.7607043;0.7227119;0.3767656;66.1143
0.051;0.02;15;6;8;0.8622;0.5833334;0.7607043;0.7227119;0.3767656;66.1143
0.052;0.02;15;6;8;0.8622;0.5833334;0.7607043;0.7227119;0.3767656;66.1143
0.023;0.021;15;4;3;0.8507047;0.75;0.8323786;0.8095742;0.1988024;68.8292
0.024;0.021;15;4;3;0.8507047;0.75;0.8323786;0.8095742;0.1988024;68.8292
0.025;0.021;15;4;3;0.8507047;0.75;0.8323786;0.8095742;0.1988024;68.8292
0.026;0.021;15;4;3;0.8507047;0.75;0.8323786;0.8095742;0.1988024;68.8292
0.027;0.021;15;4;3;0.8507047;0.75;0.8323786;0.8095742;0.1988024;68.8292
0.028;0.021;15;4;3;0.8507047;0.75;0.8323786;0.8095742;0.1988024;68.8292
0.029;0.021;15;4;3;0.8507047;0.75;0.8323786;0.8095742;0.1988024;68.8292
0.03;0.021;15;4;3;0.8507047;0.75;0.8323786;0.8095742;0.1988024;68.8292
0.031;0.021;15;4;3;0.8507047;0.75;0.8323786;0.8095742;0.1988024;68.8292
0.032;0.021;15;4;3;0.8507047;0.75;0.8323786;0.8095742;0.1988024;68.8292
0.033;0.021;15;4;3;0.8507047;0.75;0.8323786;0.8095742;0.1988024;68.8292
0.034;0.021;15;4;3;0.8507047;0.75;0.8323786;0.8095742;0.1988024;68.8292
0.035;0.021;15;4;3;0.8507047;0.75;0.8323786;0.8095742;0.1988024;68.8292
0.036;0.021;15;4;3;0.8507047;0.75;0.8323786;0.8095742;0.1988024;68.8292
0.037;0.021;15;4;3;0.8507047;0.75;0.8323786;0.8095742;0.1988024;68.8292
0.038;0.021;15;4;3;0.8507047;0.75;0.8323786;0.8095742;0.1988024;68.8292
0.039;0.021;15;4;3;0.8507047;0.75;0.8323786;0.8095742;0.1988024;68.8292
0.04;0.021;15;4;3;0.8507047;0.75;0.8323786;0.8095742;0.1988024;68.8292
0.041;0.021;15;4;3;0.8507047;0.75;0.8323786;0.8095742;0.1988024;68.8292
0.042;0.021;15;4;3;0.8507047;0.75;0.8323786;0.8095742;0.1988024;68.8292
0.043;0.021;15;4;3;0.8507047;0.75;0.8323786;0.8095742;0.1988024;68.8292
0.044;0.021;15;4;3;0.8507047;0.75;0.8323786;0.8095742;0.1988024;68.8292
0.045;0.021;15;4;3;0.8507047;0.75;0.8323786;0.8095742;0.1988024;68.8292
0.046;0.021;15;4;3;0.8507047;0.75;0.8323786;0.8095742;0.1988024;68.8292
0.047;0.021;15;4;3;0.8507047;0.75;0.8323786;0.8095742;0.1988024;68.8292
0.048;0.021;15;4;3;0.8507047;0.75;0.8323786;0.8095742;0.1988024;68.8292
0.049;0.021;15;4;3;0.8507047;0.75;0.8323786;0.8095742;0.1988024;68.8292
0.05;0.021;15;4;3;0.8507047;0.75;0.8323786;0.8095742;0.1988024;68.8292
0.051;0.021;15;4;3;0.8507047;0.75;0.8323786;0.8095742;0.1988024;68.8292
0.052;0.021;15;4;3;0.8507047;0.75;0.8323786;0.8095742;0.1988024;68.8292
0.023;0.022;15;4;3;0.85055876;0.75;0.8340769;0.808672;0.1973524;68.813194
0.024;0.022;15;4;3;0.85055876;0.75;0.8340769;0.808672;0.1973524;68.813194
0.025;0.022;15;4;3;0.85055876;0.75;0.8340769;0.808672;0.1973524;68.813194
0.026;0.022;15;4;3;0.85055876;0.75;0.8340769;0.808672;0.1973524;68.813194
0.027;0.022;15;4;3;0.85055876;0.75;0.8340769;0.808672;0.1973524;68.813194
0.028;0.022;15;4;3;0.85055876;0.75;0.8340769;0.808672;0.1973524;68.813194
0.029;0.022;15;4;3;0.85055876;0.75;0.8340769;0.808672;0.1973524;68.813194
0.03;0.022;15;4;3;0.85055876;0.75;0.8340769;0.808672;0.1973524;68.813194
0.031;0.022;15;4;3;0.85055876;0.75;0.8340769;0.808672;0.1973524;68.813194
0.032;0.022;15;4;3;0.85055876;0.75;0.8340769;0.808672;0.1973524;68.813194
0.033;0.022;15;4;3;0.85055876;0.75;0.8340769;0.808672;0.1973524;68.813194
0.034;0.022;15;4;3;0.85055876;0.75;0.8340769;0.808672;0.1973524;68.813194
0.035;0.022;15;4;3;0.85055876;0.75;0.8340769;0.808672;0.1973524;68.813194
0.036;0.022;15;4;3;0.85055876;0.75;0.8340769;0.808672;0.1973524;68.813194
0.037;0.022;15;4;3;0.85055876;0.75;0.8340769;0.808672;0.1973524;68.813194
0.038;0.022;15;4;3;0.85055876;0.75;0.8340769;0.808672;0.1973524;68.813194
0.039;0.022;15;4;3;0.85055876;0.75;0.8340769;0.808672;0.1973524;68.813194
0.04;0.022;15;4;3;0.85055876;0.75;0.8340769;0.808672;0.1973524;68.813194
0.041;0.022;15;4;3;0.85055876;0.75;0.8340769;0.808672;0.1973524;68.813194
0.042;0.022;15;4;3;0.85055876;0.75;0.8340769;0.808672;0.1973524;68.813194
0.043;0.022;15;4;3;0.85055876;0.75;0.8340769;0.808672;0.1973524;68.813194
0.044;0.022;15;4;3;0.85055876;0.75;0.8340769;0.808672;0.1973524;68.813194
0.045;0.022;15;4;3;0.85055876;0.75;0.8340769;0.808672;0.1973524;68.813194
0.046;0.022;15;4;3;0.85055876;0.75;0.8340769;0.808672;0.1973524;68.813194
0.047;0.022;15;4;3;0.85055876;0.75;0.8340769;0.808672;0.1973524;68.813194
0.048;0.022;15;4;3;0.85055876;0.75;0.8340769;0.808672;0.1973524;68.813194
0.049;0.022;15;4;3;0.85055876;0.75;0.8340769;0.808672;0.1973524;68.813194
0.05;0.022;15;4;3;0.85055876;0.75;0.8340769;0.808672;0.1973524;68.813194
0.051;0.022;15;4;3;0.85055876;0.75;0.8340769;0.808672;0.1973524;68.813194
0.052;0.022;15;4;3;0.85055876;0.75;0.8340769;0.808672;0.1973524;68.813194
0.023;0.023;15;3;2;0.83768356;0.6666666;0.80508876;0.7806449;0.2217684;66.237045
0.024;0.023;15;3;2;0.83768356;0.6666666;0.80508876;0.7806449;0.2217684;66.237045
0.025;0.023;15;3;2;0.83768356;0.6666666;0.80508876;0.7806449;0.2217684;66.237045
0.026;0.023;15;3;2;0.83768356;0.6666666;0.80508876;0.7806449;0.2217684;66.237045
0.027;0.023;15;3;2;0.83768356;0.6666666;0.80508876;0.7806449;0.2217684;66.237045
0.028;0.023;15;3;2;0.83768356;0.6666666;0.80508876;0.7806449;0.2217684;66.237045
0.029;0.023;15;3;2;0.83768356;0.6666666;0.80508876;0.7806449;0.2217684;66.237045
0.03;0.023;15;3;2;0.83768356;0.6666666;0.80508876;0.7806449;0.2217684;66.237045
0.031;0.023;15;3;2;0.83768356;0.6666666;0.80508876;0.7806449;0.2217684;66.237045
0.032;0.023;15;3;2;0.83768356;0.6666666;0.80508876;0.7806449;0.2217684;66.237045
0.033;0.023;15;3;2;0.83768356;0.6666666;0.80508876;0.7806449;0.2217684;66.237045
0.034;0.023;15;3;2;0.83768356;0.6666666;0.80508876;0.7806449;0.2217684;66.237045
0.035;0.023;15;3;2;0.83768356;0.6666666;0.80508876;0.7806449;0.2217684;66.237045
0.036;0.023;15;3;2;0.83768356;0.6666666;0.80508876;0.7806449;0.2217684;66.237045
0.037;0.023;15;3;2;0.83768356;0.6666666;0.80508876;0.7806449;0.2217684;66.237045
0.038;0.023;15;3;2;0.83768356;0.6666666;0.80508876;0.7806449;0.2217684;66.237045
0.039;0.023;15;3;2;0.83768356;0.6666666;0.80508876;0.7806449;0.2217684;66.237045
0.04;0.023;15;3;2;0.83768356;0.6666666;0.80508876;0.7806449;0.2217684;66.237045
0.041;0.023;15;3;2;0.83768356;0.6666666;0.80508876;0.7806449;0.2217684;66.237045
0.042;0.023;15;3;2;0.83768356;0.6666666;0.80508876;0.7806449;0.2217684;66.237045
0.043;0.023;15;3;2;0.83768356;0.6666666;0.80508876;0.7806449;0.2217684;66.237045
0.044;0.023;15;3;2;0.83768356;0.6666666;0.80508876;0.7806449;0.2217684;66.237045
0.045;0.023;15;3;2;0.83768356;0.6666666;0.80508876;0.7806449;0.2217684;66.237045
0.046;0.023;15;3;2;0.83768356;0.6666666;0.80508876;0.7806449;0.2217684;66.237045
0.047;0.023;15;3;2;0.83768356;0.6666666;0.80508876;0.7806449;0.2217684;66.237045
0.048;0.023;15;3;2;0.83768356;0.6666666;0.80508876;0.7806449;0.2217684;66.237045
0.049;0.023;15;3;2;0.83768356;0.6666666;0.80508876;0.7806449;0.2217684;66.237045
0.05;0.023;15;3;2;0.83768356;0.6666666;0.80508876;0.7806449;0.2217684;66.237045
0.051;0.023;15;3;2;0.83768356;0.6666666;0.80508876;0.7806449;0.2217684;66.237045
0.052;0.023;15;3;2;0.83768356;0.6666666;0.80508876;0.7806449;0.2217684;66.237045
0.023;0.024;15;3;2;0.44189733;0.6666666;0.8397372;0.566464;0.23092538;54.91381
0.024;0.024;15;3;2;0.44189733;0.6666666;0.8397372;0.566464;0.23092538;54.91381
0.025;0.024;15;3;2;0.44189733;0.6666666;0.8397372;0.566464;0.23092538;54.91381
0.026;0.024;15;3;2;0.44189733;0.6666666;0.8397372;0.566464;0.23092538;54.91381
0.027;0.024;15;3;2;0.44189733;0.6666666;0.8397372;0.566464;0.23092538;54.91381
0.028;0.024;15;3;2;0.44189733;0.6666666;0.8397372;0.566464;0.23092538;54.91381
0.029;0.024;15;3;2;0.44189733;0.6666666;0.8397372;0.566464;0.23092538;54.91381
0.03;0.024;15;3;2;0.44189733;0.6666666;0.8397372;0.566464;0.23092538;54.91381
0.031;0.024;15;3;2;0.44189733;0.6666666;0.8397372;0.566464;0.23092538;54.91381
0.032;0.024;15;3;2;0.44189733;0.6666666;0.8397372;0.566464;0.23092538;54.91381
0.033;0.024;15;3;2;0.44189733;0.6666666;0.8397372;0.566464;0.23092538;54.91381
0.034;0.024;15;3;2;0.44189733;0.6666666;0.8397372;0.566464;0.23092538;54.91381
0.035;0.024;15;3;2;0.44189733;0.6666666;0.8397372;0.566464;0.23092538;54.91381
0.036;0.024;15;3;2;0.44189733;0.6666666;0.8397372;0.566464;0.23092538;54.91381
0.037;0.024;15;3;2;0.44189733;0.6666666;0.8397372;0.566464;0.23092538;54.91381
0.038;0.024;15;3;2;0.44189733;0.6666666;0.8397372;0.566464;0.23092538;54.91381
0.039;0.024;15;3;2;0.44189733;0.6666666;0.8397372;0.566464;0.23092538;54.91381
0.04;0.024;15;3;2;0.44189733;0.6666666;0.8397372;0.566464;0.23092538;54.91381
0.041;0.024;15;3;2;0.44189733;0.6666666;0.8397372;0.566464;0.23092538;54.91381
0.042;0.024;15;3;2;0.44189733;0.6666666;0.8397372;0.566464;0.23092538;54.91381
0.043;0.024;15;3;2;0.44189733;0.6666666;0.8397372;0.566464;0.23092538;54.91381
0.044;0.024;15;3;2;0.44189733;0.6666666;0.8397372;0.566464;0.23092538;54.91381
0.045;0.024;15;3;2;0.44189733;0.6666666;0.8397372;0.566464;0.23092538;54.91381
0.046;0.024;15;3;2;0.44189733;0.6666666;0.8397372;0.566464;0.23092538;54.91381
0.047;0.024;15;3;2;0.44189733;0.6666666;0.8397372;0.566464;0.23092538;54.91381
0.048;0.024;15;3;2;0.44189733;0.6666666;0.8397372;0.566464;0.23092538;54.91381
0.049;0.024;15;3;2;0.44189733;0.6666666;0.8397372;0.566464;0.23092538;54.91381
0.05;0.024;15;3;2;0.44189733;0.6666666;0.8397372;0.566464;0.23092538;54.91381
0.051;0.024;15;3;2;0.44189733;0.6666666;0.8397372;0.566464;0.23092538;54.91381
0.052;0.024;15;3;2;0.44189733;0.6666666;0.8397372;0.566464;0.23092538;54.91381
0.023;0.025;15;2;1;0.5464346;NaN;0.7452768;0.46164742;0.25472316;NaN
0.024;0.025;15;2;1;0.5464346;NaN;0.7452768;0.46164742;0.25472316;NaN
0.025;0.025;15;2;1;0.5464346;NaN;0.7452768;0.46164742;0.25472316;NaN
0.026;0.025;15;2;1;0.5464346;NaN;0.7452768;0.46164742;0.25472316;NaN
0.027;0.025;15;2;1;0.5464346;NaN;0.7452768;0.46164742;0.25472316;NaN
0.028;0.025;15;2;1;0.5464346;NaN;0.7452768;0.46164742;0.25472316;NaN
0.029;0.025;15;2;1;0.5464346;NaN;0.7452768;0.46164742;0.25472316;NaN
0.03;0.025;15;2;1;0.5464346;NaN;0.7452768;0.46164742;0.25472316;NaN
0.031;0.025;15;2;1;0.5464346;NaN;0.7452768;0.46164742;0.25472316;NaN
0.032;0.025;15;2;1;0.5464346;NaN;0.7452768;0.46164742;0.25472316;NaN
0.033;0.025;15;2;1;0.5464346;NaN;0.7452768;0.46164742;0.25472316;NaN
0.034;0.025;15;2;1;0.5464346;NaN;0.7452768;0.46164742;0.25472316;NaN
0.035;0.025;15;2;1;0.5464346;NaN;0.7452768;0.46164742;0.25472316;NaN
0.036;0.025;15;2;1;0.5464346;NaN;0.7452768;0.46164742;0.25472316;NaN
0.037;0.025;15;2;1;0.5464346;NaN;0.7452768;0.46164742;0.25472316;NaN
0.038;0.025;15;2;1;0.5464346;NaN;0.7452768;0.46164742;0.25472316;NaN
0.039;0.025;15;2;1;0.5464346;NaN;0.7452768;0.46164742;0.25472316;NaN
0.04;0.025;15;2;1;0.5464346;NaN;0.7452768;0.46164742;0.25472316;NaN
0.041;0.025;15;2;1;0.5464346;NaN;0.7452768;0.46164742;0.25472316;NaN
0.042;0.025;15;2;1;0.5464346;NaN;0.7452768;0.46164742;0.25472316;NaN
0.043;0.025;15;2;1;0.5464346;NaN;0.7452768;0.46164742;0.25472316;NaN
0.044;0.025;15;2;1;0.5464346;NaN;0.7452768;0.46164742;0.25472316;NaN
0.045;0.025;15;2;1;0.5464346;NaN;0.7452768;0.46164742;0.25472316;NaN
0.046;0.025;15;2;1;0.5464346;NaN;0.7452768;0.46164742;0.25472316;NaN
0.047;0.025;15;2;1;0.5464346;NaN;0.7452768;0.46164742;0.25472316;NaN
0.048;0.025;15;2;1;0.5464346;NaN;0.7452768;0.46164742;0.25472316;NaN
0.049;0.025;15;2;1;0.5464346;NaN;0.7452768;0.46164742;0.25472316;NaN
0.05;0.025;15;2;1;0.5464346;NaN;0.7452768;0.46164742;0.25472316;NaN
0.051;0.025;15;2;1;0.5464346;NaN;0.7452768;0.46164742;0.25472316;NaN
0.052;0.025;15;2;1;0.5464346;NaN;0.7452768;0.46164742;0.25472316;NaN
0.023;0.026;15;1;0;0.6795512;-0.0;1.0;0.54896754;1.5141541E-8;44.570374
0.024;0.026;15;1;0;0.6795512;-0.0;1.0;0.54896754;1.5141541E-8;44.570374
0.025;0.026;15;1;0;0.6795512;-0.0;1.0;0.54896754;1.5141541E-8;44.570374
0.026;0.026;15;1;0;0.6795512;-0.0;1.0;0.54896754;1.5141541E-8;44.570374
0.027;0.026;15;1;0;0.6795512;-0.0;1.0;0.54896754;1.5141541E-8;44.570374
0.028;0.026;15;1;0;0.6795512;-0.0;1.0;0.54896754;1.5141541E-8;44.570374
0.029;0.026;15;1;0;0.6795512;-0.0;1.0;0.54896754;1.5141541E-8;44.570374
0.03;0.026;15;1;0;0.6795512;-0.0;1.0;0.54896754;1.5141541E-8;44.570374
0.031;0.026;15;1;0;0.6795512;-0.0;1.0;0.54896754;1.5141541E-8;44.570374
0.032;0.026;15;1;0;0.6795512;-0.0;1.0;0.54896754;1.5141541E-8;44.570374
0.033;0.026;15;1;0;0.6795512;-0.0;1.0;0.54896754;1.5141541E-8;44.570374
0.034;0.026;15;1;0;0.6795512;-0.0;1.0;0.54896754;1.5141541E-8;44.570374
0.035;0.026;15;1;0;0.6795512;-0.0;1.0;0.54896754;1.5141541E-8;44.570374
0.036;0.026;15;1;0;0.6795512;-0.0;1.0;0.54896754;1.5141541E-8;44.570374
0.037;0.026;15;1;0;0.6795512;-0.0;1.0;0.54896754;1.5141541E-8;44.570374
0.038;0.026;15;1;0;0.6795512;-0.0;1.0;0.54896754;1.5141541E-8;44.570374
0.039;0.026;15;1;0;0.6795512;-0.0;1.0;0.54896754;1.5141541E-8;44.570374
0.04;0.026;15;1;0;0.6795512;-0.0;1.0;0.54896754;1.5141541E-8;44.570374
0.041;0.026;15;1;0;0.6795512;-0.0;1.0;0.54896754;1.5141541E-8;44.570374
0.042;0.026;15;1;0;0.6795512;-0.0;1.0;0.54896754;1.5141541E-8;44.570374
0.043;0.026;15;1;0;0.6795512;-0.0;1.0;0.54896754;1.5141541E-8;44.570374
0.044;0.026;15;1;0;0.6795512;-0.0;1.0;0.54896754;1.5141541E-8;44.570374
0.045;0.026;15;1;0;0.6795512;-0.0;1.0;0.54896754;1.5141541E-8;44.570374
0.046;0.026;15;1;0;0.6795512;-0.0;1.0;0.54896754;1.5141541E-8;44.570374
0.047;0.026;15;1;0;0.6795512;-0.0;1.0;0.54896754;1.5141541E-8;44.570374
0.048;0.026;15;1;0;0.6795512;-0.0;1.0;0.54896754;1.5141541E-8;44.570374
0.049;0.026;15;1;0;0.6795512;-0.0;1.0;0.54896754;1.5141541E-8;44.570374
0.05;0.026;15;1;0;0.6795512;-0.0;1.0;0.54896754;1.5141541E-8;44.570374
0.051;0.026;15;1;0;0.6795512;-0.0;1.0;0.54896754;1.5141541E-8;44.570374
0.052;0.026;15;1;0;0.6795512;-0.0;1.0;0.54896754;1.5141541E-8;44.570374
0.023;0.027;15;1;0;0.6795512;-0.0;1.0;0.54896754;1.5141541E-8;44.570374
0.024;0.027;15;1;0;0.6795512;-0.0;1.0;0.54896754;1.5141541E-8;44.570374
0.025;0.027;15;1;0;0.6795512;-0.0;1.0;0.54896754;1.5141541E-8;44.570374
0.026;0.027;15;1;0;0.6795512;-0.0;1.0;0.54896754;1.5141541E-8;44.570374
0.027;0.027;15;1;0;0.6795512;-0.0;1.0;0.54896754;1.5141541E-8;44.570374
0.028;0.027;15;1;0;0.6795512;-0.0;1.0;0.54896754;1.5141541E-8;44.570374
0.029;0.027;15;1;0;0.6795512;-0.0;1.0;0.54896754;1.5141541E-8;44.570374
0.03;0.027;15;1;0;0.6795512;-0.0;1.0;0.54896754;1.5141541E-8;44.570374
0.031;0.027;15;1;0;0.6795512;-0.0;1.0;0.54896754;1.5141541E-8;44.570374
0.032;0.027;15;1;0;0.6795512;-0.0;1.0;0.54896754;1.5141541E-8;44.570374
0.033;0.027;15;1;0;0.6795512;-0.0;1.0;0.54896754;1.5141541E-8;44.570374
0.034;0.027;15;1;0;0.6795512;-0.0;1.0;0.54896754;1.5141541E-8;44.570374
0.035;0.027;15;1;0;0.6795512;-0.0;1.0;0.54896754;1.5141541E-8;44.570374
0.036;0.027;15;1;0;0.6795512;-0.0;1.0;0.54896754;1.5141541E-8;44.570374
0.037;0.027;15;1;0;0.6795512;-0.0;1.0;0.54896754;1.5141541E-8;44.570374
0.038;0.027;15;1;0;0.6795512;-0.0;1.0;0.54896754;1.5141541E-8;44.570374
0.039;0.027;15;1;0;0.6795512;-0.0;1.0;0.54896754;1.5141541E-8;44.570374
0.04;0.027;15;1;0;0.6795512;-0.0;1.0;0.54896754;1.5141541E-8;44.570374
0.041;0.027;15;1;0;0.6795512;-0.0;1.0;0.54896754;1.5141541E-8;44.570374
0.042;0.027;15;1;0;0.6795512;-0.0;1.0;0.54896754;1.5141541E-8;44.570374
0.043;0.027;15;1;0;0.6795512;-0.0;1.0;0.54896754;1.5141541E-8;44.570374
0.044;0.027;15;1;0;0.6795512;-0.0;1.0;0.54896754;1.5141541E-8;44.570374
0.045;0.027;15;1;0;0.6795512;-0.0;1.0;0.54896754;1.5141541E-8;44.570374
0.046;0.027;15;1;0;0.6795512;-0.0;1.0;0.54896754;1.5141541E-8;44.570374
0.047;0.027;15;1;0;0.6795512;-0.0;1.0;0.54896754;1.5141541E-8;44.570374
0.048;0.027;15;1;0;0.6795512;-0.0;1.0;0.54896754;1.5141541E-8;44.570374
0.049;0.027;15;1;0;0.6795512;-0.0;1.0;0.54896754;1.5141541E-8;44.570374
0.05;0.027;15;1;0;0.6795512;-0.0;1.0;0.54896754;1.5141541E-8;44.570374
0.051;0.027;15;1;0;0.6795512;-0.0;1.0;0.54896754;1.5141541E-8;44.570374
0.052;0.027;15;1;0;0.6795512;-0.0;1.0;0.54896754;1.5141541E-8;44.570374
0.023;0.028;15;1;0;0.6795512;-0.0;1.0;0.54896754;1.5141541E-8;44.570374
0.024;0.028;15;1;0;0.6795512;-0.0;1.0;0.54896754;1.5141541E-8;44.570374
0.025;0.028;15;1;0;0.6795512;-0.0;1.0;0.54896754;1.5141541E-8;44.570374
0.026;0.028;15;1;0;0.6795512;-0.0;1.0;0.54896754;1.5141541E-8;44.570374
0.027;0.028;15;1;0;0.6795512;-0.0;1.0;0.54896754;1.5141541E-8;44.570374
0.028;0.028;15;1;0;0.6795512;-0.0;1.0;0.54896754;1.5141541E-8;44.570374
0.029;0.028;15;1;0;0.6795512;-0.0;1.0;0.54896754;1.5141541E-8;44.570374
0.03;0.028;15;1;0;0.6795512;-0.0;1.0;0.54896754;1.5141541E-8;44.570374
0.031;0.028;15;1;0;0.6795512;-0.0;1.0;0.54896754;1.5141541E-8;44.570374
0.032;0.028;15;1;0;0.6795512;-0.0;1.0;0.54896754;1.5141541E-8;44.570374
0.033;0.028;15;1;0;0.6795512;-0.0;1.0;0.54896754;1.5141541E-8;44.570374
0.034;0.028;15;1;0;0.6795512;-0.0;1.0;0.54896754;1.5141541E-8;44.570374
0.035;0.028;15;1;0;0.6795512;-0.0;1.0;0.54896754;1.5141541E-8;44.570374
0.036;0.028;15;1;0;0.6795512;-0.0;1.0;0.54896754;1.5141541E-8;44.570374
0.037;0.028;15;1;0;0.6795512;-0.0;1.0;0.54896754;1.5141541E-8;44.570374
0.038;0.028;15;1;0;0.6795512;-0.0;1.0;0.54896754;1.5141541E-8;44.570374
0.039;0.028;15;1;0;0.6795512;-0.0;1.0;0.54896754;1.5141541E-8;44.570374
0.04;0.028;15;1;0;0.6795512;-0.0;1.0;0.54896754;1.5141541E-8;44.570374
0.041;0.028;15;1;0;0.6795512;-0.0;1.0;0.54896754;1.5141541E-8;44.570374
0.042;0.028;15;1;0;0.6795512;-0.0;1.0;0.54896754;1.5141541E-8;44.570374
0.043;0.028;15;1;0;0.6795512;-0.0;1.0;0.54896754;1.5141541E-8;44.570374
0.044;0.028;15;1;0;0.6795512;-0.0;1.0;0.54896754;1.5141541E-8;44.570374
0.045;0.028;15;1;0;0.6795512;-0.0;1.0;0.54896754;1.5141541E-8;44.570374
0.046;0.028;15;1;0;0.6795512;-0.0;1.0;0.54896754;1.5141541E-8;44.570374
0.047;0.028;15;1;0;0.6795512;-0.0;1.0;0.54896754;1.5141541E-8;44.570374
0.048;0.028;15;1;0;0.6795512;-0.0;1.0;0.54896754;1.5141541E-8;44.570374
0.049;0.028;15;1;0;0.6795512;-0.0;1.0;0.54896754;1.5141541E-8;44.570374
0.05;0.028;15;1;0;0.6795512;-0.0;1.0;0.54896754;1.5141541E-8;44.570374
0.051;0.028;15;1;0;0.6795512;-0.0;1.0;0.54896754;1.5141541E-8;44.570374
0.052;0.028;15;1;0;0.6795512;-0.0;1.0;0.54896754;1.5141541E-8;44.570374
0.023;0.029;15;1;0;0.6795512;-0.0;1.0;0.54896754;1.5141541E-8;44.570374
0.024;0.029;15;1;0;0.6795512;-0.0;1.0;0.54896754;1.5141541E-8;44.570374
0.025;0.029;15;1;0;0.6795512;-0.0;1.0;0.54896754;1.5141541E-8;44.570374
0.026;0.029;15;1;0;0.6795512;-0.0;1.0;0.54896754;1.5141541E-8;44.570374
0.027;0.029;15;1;0;0.6795512;-0.0;1.0;0.54896754;1.5141541E-8;44.570374
0.028;0.029;15;1;0;0.6795512;-0.0;1.0;0.54896754;1.5141541E-8;44.570374
0.029;0.029;15;1;0;0.6795512;-0.0;1.0;0.54896754;1.5141541E-8;44.570374
0.03;0.029;15;1;0;0.6795512;-0.0;1.0;0.54896754;1.5141541E-8;44.570374
0.031;0.029;15;1;0;0.6795512;-0.0;1.0;0.54896754;1.5141541E-8;44.570374
0.032;0.029;15;1;0;0.6795512;-0.0;1.0;0.54896754;1.5141541E-8;44.570374
0.033;0.029;15;1;0;0.6795512;-0.0;1.0;0.54896754;1.5141541E-8;44.570374
0.034;0.029;15;1;0;0.6795512;-0.0;1.0;0.54896754;1.5141541E-8;44.570374
0.035;0.029;15;1;0;0.6795512;-0.0;1.0;0.54896754;1.5141541E-8;44.570374
0.036;0.029;15;1;0;0.6795512;-0.0;1.0;0.54896754;1.5141541E-8;44.570374
0.037;0.029;15;1;0;0.6795512;-0.0;1.0;0.54896754;1.5141541E-8;44.570374
0.038;0.029;15;1;0;0.6795512;-0.0;1.0;0.54896754;1.5141541E-8;44.570374
0.039;0.029;15;1;0;0.6795512;-0.0;1.0;0.54896754;1.5141541E-8;44.570374
0.04;0.029;15;1;0;0.6795512;-0.0;1.0;0.54896754;1.5141541E-8;44.570374
0.041;0.029;15;1;0;0.6795512;-0.0;1.0;0.54896754;1.5141541E-8;44.570374
0.042;0.029;15;1;0;0.6795512;-0.0;1.0;0.54896754;1.5141541E-8;44.570374
0.043;0.029;15;1;0;0.6795512;-0.0;1.0;0.54896754;1.5141541E-8;44.570374
0.044;0.029;15;1;0;0.6795512;-0.0;1.0;0.54896754;1.5141541E-8;44.570374
0.045;0.029;15;1;0;0.6795512;-0.0;1.0;0.54896754;1.5141541E-8;44.570374
0.046;0.029;15;1;0;0.6795512;-0.0;1.0;0.54896754;1.5141541E-8;44.570374
0.047;0.029;15;1;0;0.6795512;-0.0;1.0;0.54896754;1.5141541E-8;44.570374
0.048;0.029;15;1;0;0.6795512;-0.0;1.0;0.54896754;1.5141541E-8;44.570374
0.049;0.029;15;1;0;0.6795512;-0.0;1.0;0.54896754;1.5141541E-8;44.570374
0.05;0.029;15;1;0;0.6795512;-0.0;1.0;0.54896754;1.5141541E-8;44.570374
0.051;0.029;15;1;0;0.6795512;-0.0;1.0;0.54896754;1.5141541E-8;44.570374
0.052;0.029;15;1;0;0.6795512;-0.0;1.0;0.54896754;1.5141541E-8;44.570374
0.023;0.03;15;1;0;0.6795512;-0.0;1.0;0.54896754;1.5141541E-8;44.570374
0.024;0.03;15;1;0;0.6795512;-0.0;1.0;0.54896754;1.5141541E-8;44.570374
0.025;0.03;15;1;0;0.6795512;-0.0;1.0;0.54896754;1.5141541E-8;44.570374
0.026;0.03;15;1;0;0.6795512;-0.0;1.0;0.54896754;1.5141541E-8;44.570374
0.027;0.03;15;1;0;0.6795512;-0.0;1.0;0.54896754;1.5141541E-8;44.570374
0.028;0.03;15;1;0;0.6795512;-0.0;1.0;0.54896754;1.5141541E-8;44.570374
0.029;0.03;15;1;0;0.6795512;-0.0;1.0;0.54896754;1.5141541E-8;44.570374
0.03;0.03;15;1;0;0.6795512;-0.0;1.0;0.54896754;1.5141541E-8;44.570374
0.031;0.03;15;1;0;0.6795512;-0.0;1.0;0.54896754;1.5141541E-8;44.570374
0.032;0.03;15;1;0;0.6795512;-0.0;1.0;0.54896754;1.5141541E-8;44.570374
0.033;0.03;15;1;0;0.6795512;-0.0;1.0;0.54896754;1.5141541E-8;44.570374
0.034;0.03;15;1;0;0.6795512;-0.0;1.0;0.54896754;1.5141541E-8;44.570374
0.035;0.03;15;1;0;0.6795512;-0.0;1.0;0.54896754;1.5141541E-8;44.570374
0.036;0.03;15;1;0;0.6795512;-0.0;1.0;0.54896754;1.5141541E-8;44.570374
0.037;0.03;15;1;0;0.6795512;-0.0;1.0;0.54896754;1.5141541E-8;44.570374
0.038;0.03;15;1;0;0.6795512;-0.0;1.0;0.54896754;1.5141541E-8;44.570374
0.039;0.03;15;1;0;0.6795512;-0.0;1.0;0.54896754;1.5141541E-8;44.570374
0.04;0.03;15;1;0;0.6795512;-0.0;1.0;0.54896754;1.5141541E-8;44.570374
0.041;0.03;15;1;0;0.6795512;-0.0;1.0;0.54896754;1.5141541E-8;44.570374
0.042;0.03;15;1;0;0.6795512;-0.0;1.0;0.54896754;1.5141541E-8;44.570374
0.043;0.03;15;1;0;0.6795512;-0.0;1.0;0.54896754;1.5141541E-8;44.570374
0.044;0.03;15;1;0;0.6795512;-0.0;1.0;0.54896754;1.5141541E-8;44.570374
0.045;0.03;15;1;0;0.6795512;-0.0;1.0;0.54896754;1.5141541E-8;44.570374
0.046;0.03;15;1;0;0.6795512;-0.0;1.0;0.54896754;1.5141541E-8;44.570374
0.047;0.03;15;1;0;0.6795512;-0.0;1.0;0.54896754;1.5141541E-8;44.570374
0.048;0.03;15;1;0;0.6795512;-0.0;1.0;0.54896754;1.5141541E-8;44.570374
0.049;0.03;15;1;0;0.6795512;-0.0;1.0;0.54896754;1.5141541E-8;44.570374
0.05;0.03;15;1;0;0.6795512;-0.0;1.0;0.54896754;1.5141541E-8;44.570374
0.051;0.03;15;1;0;0.6795512;-0.0;1.0;0.54896754;1.5141541E-8;44.570374
0.052;0.03;15;1;0;0.6795512;-0.0;1.0;0.54896754;1.5141541E-8;44.570374
0.023;0.031;15;1;0;0.6795512;-0.0;1.0;0.54896754;1.5141541E-8;44.570374
0.024;0.031;15;1;0;0.6795512;-0.0;1.0;0.54896754;1.5141541E-8;44.570374
0.025;0.031;15;1;0;0.6795512;-0.0;1.0;0.54896754;1.5141541E-8;44.570374
0.026;0.031;15;1;0;0.6795512;-0.0;1.0;0.54896754;1.5141541E-8;44.570374
0.027;0.031;15;1;0;0.6795512;-0.0;1.0;0.54896754;1.5141541E-8;44.570374
0.028;0.031;15;1;0;0.6795512;-0.0;1.0;0.54896754;1.5141541E-8;44.570374
0.029;0.031;15;1;0;0.6795512;-0.0;1.0;0.54896754;1.5141541E-8;44.570374
