0.001;0.01;15;85;84;0.9702357;0.9882353;0.9732028;0.97565943;0.38038447;85.75436
0.002;0.01;15;80;86;0.9677852;0.9852564;0.93934906;0.9471694;0.3795544;84.382286
0.003;0.01;15;72;82;0.9568755;0.981746;0.9356264;0.94726455;0.37955973;84.02145
0.004;0.01;15;58;74;0.9121955;0.97229064;0.88203573;0.90672725;0.39160538;81.29709
0.005;0.01;15;45;66;0.8999758;0.9550387;0.8738786;0.9071465;0.38939145;80.50861
0.006;0.01;15;42;66;0.87680787;0.9464285;0.85428196;0.8789487;0.38794383;78.888214
0.007;0.01;15;38;65;0.8627982;0.9327485;0.846974;0.8424678;0.37209144;77.141594
0.008;0.01;15;33;65;0.8104122;0.9051809;0.8050025;0.7973771;0.3719541;73.79853
0.009;0.01;15;28;62;0.8248009;0.86813176;0.81649965;0.8039978;0.3419308;73.107216
0.01;0.01;15;27;62;0.82265544;0.85629624;0.8086495;0.8209851;0.3428957;73.02963
0.011;0.01;15;26;62;0.84406877;0.84294873;0.80128026;0.7985472;0.34289396;72.59477
0.012;0.01;15;26;60;0.85059106;0.84935904;0.80720997;0.80159473;0.34776217;73.13034
0.013;0.01;15;26;62;0.84912044;0.84294873;0.80248284;0.8005815;0.34759146;72.8545
0.014;0.01;15;26;58;0.8581336;0.8557692;0.7969069;0.8000542;0.3442205;73.101685
0.015;0.01;15;26;57;0.85826916;0.8589744;0.79554003;0.80163;0.3437902;73.16407
0.016;0.01;15;26;57;0.85826916;0.8589744;0.79554003;0.80163;0.3437902;73.16407
0.017;0.01;15;26;57;0.85826916;0.8589744;0.79554003;0.80163;0.3437902;73.16407
0.018;0.01;15;26;57;0.85826916;0.8589744;0.79554003;0.80163;0.3437902;73.16407
0.019;0.01;15;26;57;0.85826916;0.8589744;0.79554003;0.80163;0.3437902;73.16407
0.02;0.01;15;26;57;0.85826916;0.8589744;0.79554003;0.80163;0.3437902;73.16407
0.021;0.01;15;26;57;0.85826916;0.8589744;0.79554003;0.80163;0.3437902;73.16407
0.022;0.01;15;26;57;0.85826916;0.8589744;0.79554003;0.80163;0.3437902;73.16407
0.023;0.01;15;26;57;0.85826916;0.8589744;0.79554003;0.80163;0.3437902;73.16407
0.024;0.01;15;26;57;0.85826916;0.8589744;0.79554003;0.80163;0.3437902;73.16407
0.025;0.01;15;26;57;0.85826916;0.8589744;0.79554003;0.80163;0.3437902;73.16407
0.026;0.01;15;26;57;0.85826916;0.8589744;0.79554003;0.80163;0.3437902;73.16407
0.027;0.01;15;26;57;0.85826916;0.8589744;0.79554003;0.80163;0.3437902;73.16407
0.028;0.01;15;26;57;0.85826916;0.8589744;0.79554003;0.80163;0.3437902;73.16407
0.029;0.01;15;26;57;0.85826916;0.8589744;0.79554003;0.80163;0.3437902;73.16407
0.03;0.01;15;26;57;0.85826916;0.8589744;0.79554003;0.80163;0.3437902;73.16407
0.023;0.011;15;22;46;0.8347572;0.8409091;0.79677206;0.8664711;0.3314442;73.407074
0.024;0.011;15;22;46;0.8347572;0.8409091;0.79677206;0.8664711;0.3314442;73.407074
0.025;0.011;15;22;46;0.8347572;0.8409091;0.79677206;0.8664711;0.3314442;73.407074
0.026;0.011;15;22;46;0.8347572;0.8409091;0.79677206;0.8664711;0.3314442;73.407074
0.027;0.011;15;22;46;0.8347572;0.8409091;0.79677206;0.8664711;0.3314442;73.407074
0.028;0.011;15;22;46;0.8347572;0.8409091;0.79677206;0.8664711;0.3314442;73.407074
0.029;0.011;15;22;46;0.8347572;0.8409091;0.79677206;0.8664711;0.3314442;73.407074
0.03;0.011;15;22;46;0.8347572;0.8409091;0.79677206;0.8664711;0.3314442;73.407074
0.031;0.011;15;22;46;0.8347572;0.8409091;0.79677206;0.8664711;0.3314442;73.407074
0.032;0.011;15;22;46;0.8347572;0.8409091;0.79677206;0.8664711;0.3314442;73.407074
0.033;0.011;15;22;46;0.8347572;0.8409091;0.79677206;0.8664711;0.3314442;73.407074
0.034;0.011;15;22;46;0.8347572;0.8409091;0.79677206;0.8664711;0.3314442;73.407074
0.035;0.011;15;22;46;0.8347572;0.8409091;0.79677206;0.8664711;0.3314442;73.407074
0.036;0.011;15;22;46;0.8347572;0.8409091;0.79677206;0.8664711;0.3314442;73.407074
0.037;0.011;15;22;46;0.8347572;0.8409091;0.79677206;0.8664711;0.3314442;73.407074
0.038;0.011;15;22;46;0.8347572;0.8409091;0.79677206;0.8664711;0.3314442;73.407074
0.039;0.011;15;22;46;0.8347572;0.8409091;0.79677206;0.8664711;0.3314442;73.407074
0.04;0.011;15;22;46;0.8347572;0.8409091;0.79677206;0.8664711;0.3314442;73.407074
0.041;0.011;15;22;46;0.8347572;0.8409091;0.79677206;0.8664711;0.3314442;73.407074
0.042;0.011;15;22;46;0.8347572;0.8409091;0.79677206;0.8664711;0.3314442;73.407074
0.043;0.011;15;22;46;0.8347572;0.8409091;0.79677206;0.8664711;0.3314442;73.407074
0.044;0.011;15;22;46;0.8347572;0.8409091;0.79677206;0.8664711;0.3314442;73.407074
0.045;0.011;15;22;46;0.8347572;0.8409091;0.79677206;0.8664711;0.3314442;73.407074
0.046;0.011;15;22;46;0.8347572;0.8409091;0.79677206;0.8664711;0.3314442;73.407074
0.047;0.011;15;22;46;0.8347572;0.8409091;0.79677206;0.8664711;0.3314442;73.407074
0.048;0.011;15;22;46;0.8347572;0.8409091;0.79677206;0.8664711;0.3314442;73.407074
0.049;0.011;15;22;46;0.8347572;0.8409091;0.79677206;0.8664711;0.3314442;73.407074
0.05;0.011;15;22;46;0.8347572;0.8409091;0.79677206;0.8664711;0.3314442;73.407074
0.051;0.011;15;22;46;0.8347572;0.8409091;0.79677206;0.8664711;0.3314442;73.407074
0.052;0.011;15;22;46;0.8347572;0.8409091;0.79677206;0.8664711;0.3314442;73.407074
0.023;0.012;15;17;42;0.7992941;0.73725486;0.7735647;0.77381873;0.3209834;68.09832
0.024;0.012;15;17;42;0.7992941;0.73725486;0.7735647;0.77381873;0.3209834;68.09832
0.025;0.012;15;17;42;0.7992941;0.73725486;0.7735647;0.77381873;0.3209834;68.09832
0.026;0.012;15;17;42;0.7992941;0.73725486;0.7735647;0.77381873;0.3209834;68.09832
0.027;0.012;15;17;42;0.7992941;0.73725486;0.7735647;0.77381873;0.3209834;68.09832
0.028;0.012;15;17;42;0.7992941;0.73725486;0.7735647;0.77381873;0.3209834;68.09832
0.029;0.012;15;17;42;0.7992941;0.73725486;0.7735647;0.77381873;0.3209834;68.09832
0.03;0.012;15;17;42;0.7992941;0.73725486;0.7735647;0.77381873;0.3209834;68.09832
0.031;0.012;15;17;42;0.7992941;0.73725486;0.7735647;0.77381873;0.3209834;68.09832
0.032;0.012;15;17;42;0.7992941;0.73725486;0.7735647;0.77381873;0.3209834;68.09832
0.033;0.012;15;17;42;0.7992941;0.73725486;0.7735647;0.77381873;0.3209834;68.09832
0.034;0.012;15;17;42;0.7992941;0.73725486;0.7735647;0.77381873;0.3209834;68.09832
0.035;0.012;15;17;42;0.7992941;0.73725486;0.7735647;0.77381873;0.3209834;68.09832
0.036;0.012;15;17;42;0.7992941;0.73725486;0.7735647;0.77381873;0.3209834;68.09832
0.037;0.012;15;17;42;0.7992941;0.73725486;0.7735647;0.77381873;0.3209834;68.09832
0.038;0.012;15;17;42;0.7992941;0.73725486;0.7735647;0.77381873;0.3209834;68.09832
0.039;0.012;15;17;42;0.7992941;0.73725486;0.7735647;0.77381873;0.3209834;68.09832
0.04;0.012;15;17;42;0.7992941;0.73725486;0.7735647;0.77381873;0.3209834;68.09832
0.041;0.012;15;17;42;0.7992941;0.73725486;0.7735647;0.77381873;0.3209834;68.09832
0.042;0.012;15;17;42;0.7992941;0.73725486;0.7735647;0.77381873;0.3209834;68.09832
0.043;0.012;15;17;42;0.7992941;0.73725486;0.7735647;0.77381873;0.3209834;68.09832
0.044;0.012;15;17;42;0.7992941;0.73725486;0.7735647;0.77381873;0.3209834;68.09832
0.045;0.012;15;17;42;0.7992941;0.73725486;0.7735647;0.77381873;0.3209834;68.09832
0.046;0.012;15;17;42;0.7992941;0.73725486;0.7735647;0.77381873;0.3209834;68.09832
0.047;0.012;15;17;42;0.7992941;0.73725486;0.7735647;0.77381873;0.3209834;68.09832
0.048;0.012;15;17;42;0.7992941;0.73725486;0.7735647;0.77381873;0.3209834;68.09832
0.049;0.012;15;17;42;0.7992941;0.73725486;0.7735647;0.77381873;0.3209834;68.09832
0.05;0.012;15;17;42;0.7992941;0.73725486;0.7735647;0.77381873;0.3209834;68.09832
0.051;0.012;15;17;42;0.7992941;0.73725486;0.7735647;0.77381873;0.3209834;68.09832
0.052;0.012;15;17;42;0.7992941;0.73725486;0.7735647;0.77381873;0.3209834;68.09832
0.023;0.013;15;15;29;0.80681825;0.7794871;0.8231742;0.7081668;0.30299532;68.412834
0.024;0.013;15;15;29;0.80681825;0.7794871;0.8231742;0.7081668;0.30299532;68.412834
0.025;0.013;15;15;29;0.80681825;0.7794871;0.8231742;0.7081668;0.30299532;68.412834
0.026;0.013;15;15;29;0.80681825;0.7794871;0.8231742;0.7081668;0.30299532;68.412834
0.027;0.013;15;15;29;0.80681825;0.7794871;0.8231742;0.7081668;0.30299532;68.412834
0.028;0.013;15;15;29;0.80681825;0.7794871;0.8231742;0.7081668;0.30299532;68.412834
0.029;0.013;15;15;29;0.80681825;0.7794871;0.8231742;0.7081668;0.30299532;68.412834
0.03;0.013;15;15;29;0.80681825;0.7794871;0.8231742;0.7081668;0.30299532;68.412834
0.031;0.013;15;15;29;0.80681825;0.7794871;0.8231742;0.7081668;0.30299532;68.412834
0.032;0.013;15;15;29;0.80681825;0.7794871;0.8231742;0.7081668;0.30299532;68.412834
0.033;0.013;15;15;29;0.80681825;0.7794871;0.8231742;0.7081668;0.30299532;68.412834
0.034;0.013;15;15;29;0.80681825;0.7794871;0.8231742;0.7081668;0.30299532;68.412834
0.035;0.013;15;15;29;0.80681825;0.7794871;0.8231742;0.7081668;0.30299532;68.412834
0.036;0.013;15;15;29;0.80681825;0.7794871;0.8231742;0.7081668;0.30299532;68.412834
0.037;0.013;15;15;29;0.80681825;0.7794871;0.8231742;0.7081668;0.30299532;68.412834
0.038;0.013;15;15;29;0.80681825;0.7794871;0.8231742;0.7081668;0.30299532;68.412834
0.039;0.013;15;15;29;0.80681825;0.7794871;0.8231742;0.7081668;0.30299532;68.412834
0.04;0.013;15;15;29;0.80681825;0.7794871;0.8231742;0.7081668;0.30299532;68.412834
0.041;0.013;15;15;29;0.80681825;0.7794871;0.8231742;0.7081668;0.30299532;68.412834
0.042;0.013;15;15;29;0.80681825;0.7794871;0.8231742;0.7081668;0.30299532;68.412834
0.043;0.013;15;15;29;0.80681825;0.7794871;0.8231742;0.7081668;0.30299532;68.412834
0.044;0.013;15;15;29;0.80681825;0.7794871;0.8231742;0.7081668;0.30299532;68.412834
0.045;0.013;15;15;29;0.80681825;0.7794871;0.8231742;0.7081668;0.30299532;68.412834
0.046;0.013;15;15;29;0.80681825;0.7794871;0.8231742;0.7081668;0.30299532;68.412834
0.047;0.013;15;15;29;0.80681825;0.7794871;0.8231742;0.7081668;0.30299532;68.412834
0.048;0.013;15;15;29;0.80681825;0.7794871;0.8231742;0.7081668;0.30299532;68.412834
0.049;0.013;15;15;29;0.80681825;0.7794871;0.8231742;0.7081668;0.30299532;68.412834
0.05;0.013;15;15;29;0.80681825;0.7794871;0.8231742;0.7081668;0.30299532;68.412834
0.051;0.013;15;15;29;0.80681825;0.7794871;0.8231742;0.7081668;0.30299532;68.412834
0.052;0.013;15;15;29;0.80681825;0.7794871;0.8231742;0.7081668;0.30299532;68.412834
0.023;0.014;15;12;22;0.8176296;0.7333333;0.806023;0.76943386;0.3224323;68.97704
0.024;0.014;15;12;22;0.8176296;0.7333333;0.806023;0.76943386;0.3224323;68.97704
0.025;0.014;15;12;22;0.8176296;0.7333333;0.806023;0.76943386;0.3224323;68.97704
0.026;0.014;15;12;22;0.8176296;0.7333333;0.806023;0.76943386;0.3224323;68.97704
0.027;0.014;15;12;22;0.8176296;0.7333333;0.806023;0.76943386;0.3224323;68.97704
0.028;0.014;15;12;22;0.8176296;0.7333333;0.806023;0.76943386;0.3224323;68.97704
0.029;0.014;15;12;22;0.8176296;0.7333333;0.806023;0.76943386;0.3224323;68.97704
0.03;0.014;15;12;22;0.8176296;0.7333333;0.806023;0.76943386;0.3224323;68.97704
0.031;0.014;15;12;22;0.8176296;0.7333333;0.806023;0.76943386;0.3224323;68.97704
0.032;0.014;15;12;22;0.8176296;0.7333333;0.806023;0.76943386;0.3224323;68.97704
0.033;0.014;15;12;22;0.8176296;0.7333333;0.806023;0.76943386;0.3224323;68.97704
0.034;0.014;15;12;22;0.8176296;0.7333333;0.806023;0.76943386;0.3224323;68.97704
0.035;0.014;15;12;22;0.8176296;0.7333333;0.806023;0.76943386;0.3224323;68.97704
0.036;0.014;15;12;22;0.8176296;0.7333333;0.806023;0.76943386;0.3224323;68.97704
0.037;0.014;15;12;22;0.8176296;0.7333333;0.806023;0.76943386;0.3224323;68.97704
0.038;0.014;15;12;22;0.8176296;0.7333333;0.806023;0.76943386;0.3224323;68.97704
0.039;0.014;15;12;22;0.8176296;0.7333333;0.806023;0.76943386;0.3224323;68.97704
0.04;0.014;15;12;22;0.8176296;0.7333333;0.806023;0.76943386;0.3224323;68.97704
0.041;0.014;15;12;22;0.8176296;0.7333333;0.806023;0.76943386;0.3224323;68.97704
0.042;0.014;15;12;22;0.8176296;0.7333333;0.806023;0.76943386;0.3224323;68.97704
0.043;0.014;15;12;22;0.8176296;0.7333333;0.806023;0.76943386;0.3224323;68.97704
0.044;0.014;15;12;22;0.8176296;0.7333333;0.806023;0.76943386;0.3224323;68.97704
0.045;0.014;15;12;22;0.8176296;0.7333333;0.806023;0.76943386;0.3224323;68.97704
0.046;0.014;15;12;22;0.8176296;0.7333333;0.806023;0.76943386;0.3224323;68.97704
0.047;0.014;15;12;22;0.8176296;0.7333333;0.806023;0.76943386;0.3224323;68.97704
0.048;0.014;15;12;22;0.8176296;0.7333333;0.806023;0.76943386;0.3224323;68.97704
0.049;0.014;15;12;22;0.8176296;0.7333333;0.806023;0.76943386;0.3224323;68.97704
0.05;0.014;15;12;22;0.8176296;0.7333333;0.806023;0.76943386;0.3224323;68.97704
0.051;0.014;15;12;22;0.8176296;0.7333333;0.806023;0.76943386;0.3224323;68.97704
0.052;0.014;15;12;22;0.8176296;0.7333333;0.806023;0.76943386;0.3224323;68.97704
0.023;0.015;15;10;15;0.7666135;0.75;0.7673753;0.77402294;0.36248967;68.41003
0.024;0.015;15;10;15;0.7666135;0.75;0.7673753;0.77402294;0.36248967;68.41003
0.025;0.015;15;10;15;0.7666135;0.75;0.7673753;0.77402294;0.36248967;68.41003
0.026;0.015;15;10;15;0.7666135;0.75;0.7673753;0.77402294;0.36248967;68.41003
0.027;0.015;15;10;15;0.7666135;0.75;0.7673753;0.77402294;0.36248967;68.41003
0.028;0.015;15;10;15;0.7666135;0.75;0.7673753;0.77402294;0.36248967;68.41003
0.029;0.015;15;10;15;0.7666135;0.75;0.7673753;0.77402294;0.36248967;68.41003
0.03;0.015;15;10;15;0.7666135;0.75;0.7673753;0.77402294;0.36248967;68.41003
0.031;0.015;15;10;15;0.7666135;0.75;0.7673753;0.77402294;0.36248967;68.41003
0.032;0.015;15;10;15;0.7666135;0.75;0.7673753;0.77402294;0.36248967;68.41003
0.033;0.015;15;10;15;0.7666135;0.75;0.7673753;0.77402294;0.36248967;68.41003
0.034;0.015;15;10;15;0.7666135;0.75;0.7673753;0.77402294;0.36248967;68.41003
0.035;0.015;15;10;15;0.7666135;0.75;0.7673753;0.77402294;0.36248967;68.41003
0.036;0.015;15;10;15;0.7666135;0.75;0.7673753;0.77402294;0.36248967;68.41003
0.037;0.015;15;10;15;0.7666135;0.75;0.7673753;0.77402294;0.36248967;68.41003
0.038;0.015;15;10;15;0.7666135;0.75;0.7673753;0.77402294;0.36248967;68.41003
0.039;0.015;15;10;15;0.7666135;0.75;0.7673753;0.77402294;0.36248967;68.41003
0.04;0.015;15;10;15;0.7666135;0.75;0.7673753;0.77402294;0.36248967;68.41003
0.041;0.015;15;10;15;0.7666135;0.75;0.7673753;0.77402294;0.36248967;68.41003
0.042;0.015;15;10;15;0.7666135;0.75;0.7673753;0.77402294;0.36248967;68.41003
0.043;0.015;15;10;15;0.7666135;0.75;0.7673753;0.77402294;0.36248967;68.41003
0.044;0.015;15;10;15;0.7666135;0.75;0.7673753;0.77402294;0.36248967;68.41003
0.045;0.015;15;10;15;0.7666135;0.75;0.7673753;0.77402294;0.36248967;68.41003
0.046;0.015;15;10;15;0.7666135;0.75;0.7673753;0.77402294;0.36248967;68.41003
0.047;0.015;15;10;15;0.7666135;0.75;0.7673753;0.77402294;0.36248967;68.41003
0.048;0.015;15;10;15;0.7666135;0.75;0.7673753;0.77402294;0.36248967;68.41003
0.049;0.015;15;10;15;0.7666135;0.75;0.7673753;0.77402294;0.36248967;68.41003
0.05;0.015;15;10;15;0.7666135;0.75;0.7673753;0.77402294;0.36248967;68.41003
0.051;0.015;15;10;15;0.7666135;0.75;0.7673753;0.77402294;0.36248967;68.41003
0.052;0.015;15;10;15;0.7666135;0.75;0.7673753;0.77402294;0.36248967;68.41003
0.023;0.016;15;9;12;0.8406157;0.7619047;0.7967109;0.69754577;0.3590554;69.11665
0.024;0.016;15;9;12;0.8406157;0.7619047;0.7967109;0.69754577;0.3590554;69.11665
0.025;0.016;15;9;12;0.8406157;0.7619047;0.7967109;0.69754577;0.3590554;69.11665
0.026;0.016;15;9;12;0.8406157;0.7619047;0.7967109;0.69754577;0.3590554;69.11665
0.027;0.016;15;9;12;0.8406157;0.7619047;0.7967109;0.69754577;0.3590554;69.11665
0.028;0.016;15;9;12;0.8406157;0.7619047;0.7967109;0.69754577;0.3590554;69.11665
0.029;0.016;15;9;12;0.8406157;0.7619047;0.7967109;0.69754577;0.3590554;69.11665
0.03;0.016;15;9;12;0.8406157;0.7619047;0.7967109;0.69754577;0.3590554;69.11665
0.031;0.016;15;9;12;0.8406157;0.7619047;0.7967109;0.69754577;0.3590554;69.11665
0.032;0.016;15;9;12;0.8406157;0.7619047;0.7967109;0.69754577;0.3590554;69.11665
0.033;0.016;15;9;12;0.8406157;0.7619047;0.7967109;0.69754577;0.3590554;69.11665
0.034;0.016;15;9;12;0.8406157;0.7619047;0.7967109;0.69754577;0.3590554;69.11665
0.035;0.016;15;9;12;0.8406157;0.7619047;0.7967109;0.69754577;0.3590554;69.11665
0.036;0.016;15;9;12;0.8406157;0.7619047;0.7967109;0.69754577;0.3590554;69.11665
0.037;0.016;15;9;12;0.8406157;0.7619047;0.7967109;0.69754577;0.3590554;69.11665
0.038;0.016;15;9;12;0.8406157;0.7619047;0.7967109;0.69754577;0.3590554;69.11665
0.039;0.016;15;9;12;0.8406157;0.7619047;0.7967109;0.69754577;0.3590554;69.11665
0.04;0.016;15;9;12;0.8406157;0.7619047;0.7967109;0.69754577;0.3590554;69.11665
0.041;0.016;15;9;12;0.8406157;0.7619047;0.7967109;0.69754577;0.3590554;69.11665
0.042;0.016;15;9;12;0.8406157;0.7619047;0.7967109;0.69754577;0.3590554;69.11665
0.043;0.016;15;9;12;0.8406157;0.7619047;0.7967109;0.69754577;0.3590554;69.11665
0.044;0.016;15;9;12;0.8406157;0.7619047;0.7967109;0.69754577;0.3590554;69.11665
0.045;0.016;15;9;12;0.8406157;0.7619047;0.7967109;0.69754577;0.3590554;69.11665
0.046;0.016;15;9;12;0.8406157;0.7619047;0.7967109;0.69754577;0.3590554;69.11665
0.047;0.016;15;9;12;0.8406157;0.7619047;0.7967109;0.69754577;0.3590554;69.11665
0.048;0.016;15;9;12;0.8406157;0.7619047;0.7967109;0.69754577;0.3590554;69.11665
0.049;0.016;15;9;12;0.8406157;0.7619047;0.7967109;0.69754577;0.3590554;69.11665
0.05;0.016;15;9;12;0.8406157;0.7619047;0.7967109;0.69754577;0.3590554;69.11665
0.051;0.016;15;9;12;0.8406157;0.7619047;0.7967109;0.69754577;0.3590554;69.11665
0.052;0.016;15;9;12;0.8406157;0.7619047;0.7967109;0.69754577;0.3590554;69.11665
0.023;0.017;15;6;8;0.8219282;0.5833334;0.7915055;0.74164194;0.33376765;65.443535
0.024;0.017;15;6;8;0.8219282;0.5833334;0.7915055;0.74164194;0.33376765;65.443535
0.025;0.017;15;6;8;0.8219282;0.5833334;0.7915055;0.74164194;0.33376765;65.443535
0.026;0.017;15;6;8;0.8219282;0.5833334;0.7915055;0.74164194;0.33376765;65.443535
0.027;0.017;15;6;8;0.8219282;0.5833334;0.7915055;0.74164194;0.33376765;65.443535
0.028;0.017;15;6;8;0.8219282;0.5833334;0.7915055;0.74164194;0.33376765;65.443535
0.029;0.017;15;6;8;0.8219282;0.5833334;0.7915055;0.74164194;0.33376765;65.443535
0.03;0.017;15;6;8;0.8219282;0.5833334;0.7915055;0.74164194;0.33376765;65.443535
0.031;0.017;15;6;8;0.8219282;0.5833334;0.7915055;0.74164194;0.33376765;65.443535
0.032;0.017;15;6;8;0.8219282;0.5833334;0.7915055;0.74164194;0.33376765;65.443535
0.033;0.017;15;6;8;0.8219282;0.5833334;0.7915055;0.74164194;0.33376765;65.443535
0.034;0.017;15;6;8;0.8219282;0.5833334;0.7915055;0.74164194;0.33376765;65.443535
0.035;0.017;15;6;8;0.8219282;0.5833334;0.7915055;0.74164194;0.33376765;65.443535
0.036;0.017;15;6;8;0.8219282;0.5833334;0.7915055;0.74164194;0.33376765;65.443535
0.037;0.017;15;6;8;0.8219282;0.5833334;0.7915055;0.74164194;0.33376765;65.443535
0.038;0.017;15;6;8;0.8219282;0.5833334;0.7915055;0.74164194;0.33376765;65.443535
0.039;0.017;15;6;8;0.8219282;0.5833334;0.7915055;0.74164194;0.33376765;65.443535
0.04;0.017;15;6;8;0.8219282;0.5833334;0.7915055;0.74164194;0.33376765;65.443535
0.041;0.017;15;6;8;0.8219282;0.5833334;0.7915055;0.74164194;0.33376765;65.443535
0.042;0.017;15;6;8;0.8219282;0.5833334;0.7915055;0.74164194;0.33376765;65.443535
0.043;0.017;15;6;8;0.8219282;0.5833334;0.7915055;0.74164194;0.33376765;65.443535
0.044;0.017;15;6;8;0.8219282;0.5833334;0.7915055;0.74164194;0.33376765;65.443535
0.045;0.017;15;6;8;0.8219282;0.5833334;0.7915055;0.74164194;0.33376765;65.443535
0.046;0.017;15;6;8;0.8219282;0.5833334;0.7915055;0.74164194;0.33376765;65.443535
0.047;0.017;15;6;8;0.8219282;0.5833334;0.7915055;0.74164194;0.33376765;65.443535
0.048;0.017;15;6;8;0.8219282;0.5833334;0.7915055;0.74164194;0.33376765;65.443535
0.049;0.017;15;6;8;0.8219282;0.5833334;0.7915055;0.74164194;0.33376765;65.443535
0.05;0.017;15;6;8;0.8219282;0.5833334;0.7915055;0.74164194;0.33376765;65.443535
0.051;0.017;15;6;8;0.8219282;0.5833334;0.7915055;0.74164194;0.33376765;65.443535
0.052;0.017;15;6;8;0.8219282;0.5833334;0.7915055;0.74164194;0.33376765;65.443535
0.023;0.018;15;6;8;0.8342189;0.5833334;0.79488546;0.757427;0.3220808;65.83891
0.024;0.018;15;6;8;0.8342189;0.5833334;0.79488546;0.757427;0.3220808;65.83891
0.025;0.018;15;6;8;0.8342189;0.5833334;0.79488546;0.757427;0.3220808;65.83891
0.026;0.018;15;6;8;0.8342189;0.5833334;0.79488546;0.757427;0.3220808;65.83891
0.027;0.018;15;6;8;0.8342189;0.5833334;0.79488546;0.757427;0.3220808;65.83891
0.028;0.018;15;6;8;0.8342189;0.5833334;0.79488546;0.757427;0.3220808;65.83891
0.029;0.018;15;6;8;0.8342189;0.5833334;0.79488546;0.757427;0.3220808;65.83891
0.03;0.018;15;6;8;0.8342189;0.5833334;0.79488546;0.757427;0.3220808;65.83891
0.031;0.018;15;6;8;0.8342189;0.5833334;0.79488546;0.757427;0.3220808;65.83891
0.032;0.018;15;6;8;0.8342189;0.5833334;0.79488546;0.757427;0.3220808;65.83891
0.033;0.018;15;6;8;0.8342189;0.5833334;0.79488546;0.757427;0.3220808;65.83891
0.034;0.018;15;6;8;0.8342189;0.5833334;0.79488546;0.757427;0.3220808;65.83891
0.035;0.018;15;6;8;0.8342189;0.5833334;0.79488546;0.757427;0.3220808;65.83891
0.036;0.018;15;6;8;0.8342189;0.5833334;0.79488546;0.757427;0.3220808;65.83891
0.037;0.018;15;6;8;0.8342189;0.5833334;0.79488546;0.757427;0.3220808;65.83891
0.038;0.018;15;6;8;0.8342189;0.5833334;0.79488546;0.757427;0.3220808;65.83891
0.039;0.018;15;6;8;0.8342189;0.5833334;0.79488546;0.757427;0.3220808;65.83891
0.04;0.018;15;6;8;0.8342189;0.5833334;0.79488546;0.757427;0.3220808;65.83891
0.041;0.018;15;6;8;0.8342189;0.5833334;0.79488546;0.757427;0.3220808;65.83891
0.042;0.018;15;6;8;0.8342189;0.5833334;0.79488546;0.757427;0.3220808;65.83891
0.043;0.018;15;6;8;0.8342189;0.5833334;0.79488546;0.757427;0.3220808;65.83891
0.044;0.018;15;6;8;0.8342189;0.5833334;0.79488546;0.757427;0.3220808;65.83891
0.045;0.018;15;6;8;0.8342189;0.5833334;0.79488546;0.757427;0.3220808;65.83891
0.046;0.018;15;6;8;0.8342189;0.5833334;0.79488546;0.757427;0.3220808;65.83891
0.047;0.018;15;6;8;0.8342189;0.5833334;0.79488546;0.757427;0.3220808;65.83891
0.048;0.018;15;6;8;0.8342189;0.5833334;0.79488546;0.757427;0.3220808;65.83891
0.049;0.018;15;6;8;0.8342189;0.5833334;0.79488546;0.757427;0.3220808;65.83891
0.05;0.018;15;6;8;0.8342189;0.5833334;0.79488546;0.757427;0.3220808;65.83891
0.051;0.018;15;6;8;0.8342189;0.5833334;0.79488546;0.757427;0.3220808;65.83891
0.052;0.018;15;6;8;0.8342189;0.5833334;0.79488546;0.757427;0.3220808;65.83891
0.023;0.019;15;5;6;0.79354155;0.5333333;0.74894977;0.5942418;0.38159013;61.03313
0.024;0.019;15;4;5;0.6956967;0.25;0.781685;0.56481385;0.36840728;53.212055
0.025;0.019;15;4;5;0.6956967;0.25;0.781685;0.56481385;0.36840728;53.212055
0.026;0.019;15;4;5;0.6956967;0.25;0.781685;0.56481385;0.36840728;53.212055
0.027;0.019;15;4;5;0.6956967;0.25;0.781685;0.56481385;0.36840728;53.212055
0.028;0.019;15;4;5;0.6956967;0.25;0.781685;0.56481385;0.36840728;53.212055
0.029;0.019;15;4;5;0.6956967;0.25;0.781685;0.56481385;0.36840728;53.212055
0.03;0.019;15;4;5;0.6956967;0.25;0.781685;0.56481385;0.36840728;53.212055
0.031;0.019;15;4;5;0.6956967;0.25;0.781685;0.56481385;0.36840728;53.212055
0.032;0.019;15;4;5;0.6956967;0.25;0.781685;0.56481385;0.36840728;53.212055
0.033;0.019;15;4;5;0.6956967;0.25;0.781685;0.56481385;0.36840728;53.212055
0.034;0.019;15;4;5;0.6956967;0.25;0.781685;0.56481385;0.36840728;53.212055
0.035;0.019;15;4;5;0.6956967;0.25;0.781685;0.56481385;0.36840728;53.212055
0.036;0.019;15;4;5;0.6956967;0.25;0.781685;0.56481385;0.36840728;53.212055
0.037;0.019;15;4;5;0.6956967;0.25;0.781685;0.56481385;0.36840728;53.212055
0.038;0.019;15;4;5;0.6956967;0.25;0.781685;0.56481385;0.36840728;53.212055
0.039;0.019;15;4;5;0.6956967;0.25;0.781685;0.56481385;0.36840728;53.212055
0.04;0.019;15;4;5;0.6956967;0.25;0.781685;0.56481385;0.36840728;53.212055
0.041;0.019;15;4;5;0.6956967;0.25;0.781685;0.56481385;0.36840728;53.212055
0.042;0.019;15;4;5;0.6956967;0.25;0.781685;0.56481385;0.36840728;53.212055
0.043;0.019;15;4;5;0.6956967;0.25;0.781685;0.56481385;0.36840728;53.212055
0.044;0.019;15;4;5;0.6956967;0.25;0.781685;0.56481385;0.36840728;53.212055
0.045;0.019;15;4;5;0.6956967;0.25;0.781685;0.56481385;0.36840728;53.212055
0.046;0.019;15;4;5;0.6956967;0.25;0.781685;0.56481385;0.36840728;53.212055
0.047;0.019;15;4;5;0.6956967;0.25;0.781685;0.56481385;0.36840728;53.212055
0.048;0.019;15;4;5;0.6956967;0.25;0.781685;0.56481385;0.36840728;53.212055
0.049;0.019;15;4;5;0.6956967;0.25;0.781685;0.56481385;0.36840728;53.212055
0.05;0.019;15;4;5;0.6956967;0.25;0.781685;0.56481385;0.36840728;53.212055
0.051;0.019;15;4;5;0.6956967;0.25;0.781685;0.56481385;0.36840728;53.212055
0.052;0.019;15;4;5;0.6956967;0.25;0.781685;0.56481385;0.36840728;53.212055
0.023;0.02;15;3;2;0.6395303;0.6666666;0.73705316;0.64544857;0.27947778;59.363525
0.024;0.02;15;3;2;0.6395303;0.6666666;0.73705316;0.64544857;0.27947778;59.363525
0.025;0.02;15;3;2;0.6395303;0.6666666;0.73705316;0.64544857;0.27947778;59.363525
0.026;0.02;15;3;2;0.6395303;0.6666666;0.73705316;0.64544857;0.27947778;59.363525
0.027;0.02;15;3;2;0.6395303;0.6666666;0.73705316;0.64544857;0.27947778;59.363525
0.028;0.02;15;3;2;0.6395303;0.6666666;0.73705316;0.64544857;0.27947778;59.363525
0.029;0.02;15;3;2;0.6395303;0.6666666;0.73705316;0.64544857;0.27947778;59.363525
0.03;0.02;15;3;2;0.6395303;0.6666666;0.73705316;0.64544857;0.27947778;59.363525
0.031;0.02;15;3;2;0.6395303;0.6666666;0.73705316;0.64544857;0.27947778;59.363525
0.032;0.02;15;3;2;0.6395303;0.6666666;0.73705316;0.64544857;0.27947778;59.363525
0.033;0.02;15;3;2;0.6395303;0.6666666;0.73705316;0.64544857;0.27947778;59.363525
0.034;0.02;15;3;2;0.6395303;0.6666666;0.73705316;0.64544857;0.27947778;59.363525
0.035;0.02;15;3;2;0.6395303;0.6666666;0.73705316;0.64544857;0.27947778;59.363525
0.036;0.02;15;3;2;0.6395303;0.6666666;0.73705316;0.64544857;0.27947778;59.363525
0.037;0.02;15;3;2;0.6395303;0.6666666;0.73705316;0.64544857;0.27947778;59.363525
0.038;0.02;15;3;2;0.6395303;0.6666666;0.73705316;0.64544857;0.27947778;59.363525
0.039;0.02;15;3;2;0.6395303;0.6666666;0.73705316;0.64544857;0.27947778;59.363525
0.04;0.02;15;3;2;0.6395303;0.6666666;0.73705316;0.64544857;0.27947778;59.363525
0.041;0.02;15;3;2;0.6395303;0.6666666;0.73705316;0.64544857;0.27947778;59.363525
0.042;0.02;15;3;2;0.6395303;0.6666666;0.73705316;0.64544857;0.27947778;59.363525
0.043;0.02;15;3;2;0.6395303;0.6666666;0.73705316;0.64544857;0.27947778;59.363525
0.044;0.02;15;3;2;0.6395303;0.6666666;0.73705316;0.64544857;0.27947778;59.363525
0.045;0.02;15;3;2;0.6395303;0.6666666;0.73705316;0.64544857;0.27947778;59.363525
0.046;0.02;15;3;2;0.6395303;0.6666666;0.73705316;0.64544857;0.27947778;59.363525
0.047;0.02;15;3;2;0.6395303;0.6666666;0.73705316;0.64544857;0.27947778;59.363525
0.048;0.02;15;3;2;0.6395303;0.6666666;0.73705316;0.64544857;0.27947778;59.363525
0.049;0.02;15;3;2;0.6395303;0.6666666;0.73705316;0.64544857;0.27947778;59.363525
0.05;0.02;15;3;2;0.6395303;0.6666666;0.73705316;0.64544857;0.27947778;59.363525
0.051;0.02;15;3;2;0.6395303;0.6666666;0.73705316;0.64544857;0.27947778;59.363525
0.052;0.02;15;3;2;0.6395303;0.6666666;0.73705316;0.64544857;0.27947778;59.363525
0.023;0.021;15;3;2;0.63656396;0.6666666;0.7356243;0.6452837;0.27944708;59.271713
0.024;0.021;15;3;2;0.63656396;0.6666666;0.7356243;0.6452837;0.27944708;59.271713
0.025;0.021;15;3;2;0.63656396;0.6666666;0.7356243;0.6452837;0.27944708;59.271713
0.026;0.021;15;3;2;0.63656396;0.6666666;0.7356243;0.6452837;0.27944708;59.271713
0.027;0.021;15;3;2;0.63656396;0.6666666;0.7356243;0.6452837;0.27944708;59.271713
0.028;0.021;15;3;2;0.63656396;0.6666666;0.7356243;0.6452837;0.27944708;59.271713
0.029;0.021;15;3;2;0.63656396;0.6666666;0.7356243;0.6452837;0.27944708;59.271713
0.03;0.021;15;3;2;0.63656396;0.6666666;0.7356243;0.6452837;0.27944708;59.271713
0.031;0.021;15;3;2;0.63656396;0.6666666;0.7356243;0.6452837;0.27944708;59.271713
0.032;0.021;15;3;2;0.63656396;0.6666666;0.7356243;0.6452837;0.27944708;59.271713
0.033;0.021;15;3;2;0.63656396;0.6666666;0.7356243;0.6452837;0.27944708;59.271713
0.034;0.021;15;3;2;0.63656396;0.6666666;0.7356243;0.6452837;0.27944708;59.271713
0.035;0.021;15;3;2;0.63656396;0.6666666;0.7356243;0.6452837;0.27944708;59.271713
0.036;0.021;15;3;2;0.63656396;0.6666666;0.7356243;0.6452837;0.27944708;59.271713
0.037;0.021;15;3;2;0.63656396;0.6666666;0.7356243;0.6452837;0.27944708;59.271713
0.038;0.021;15;3;2;0.63656396;0.6666666;0.7356243;0.6452837;0.27944708;59.271713
0.039;0.021;15;3;2;0.63656396;0.6666666;0.7356243;0.6452837;0.27944708;59.271713
0.04;0.021;15;3;2;0.63656396;0.6666666;0.7356243;0.6452837;0.27944708;59.271713
0.041;0.021;15;3;2;0.63656396;0.6666666;0.7356243;0.6452837;0.27944708;59.271713
0.042;0.021;15;3;2;0.63656396;0.6666666;0.7356243;0.6452837;0.27944708;59.271713
0.043;0.021;15;3;2;0.63656396;0.6666666;0.7356243;0.6452837;0.27944708;59.271713
0.044;0.021;15;3;2;0.63656396;0.6666666;0.7356243;0.6452837;0.27944708;59.271713
0.045;0.021;15;3;2;0.63656396;0.6666666;0.7356243;0.6452837;0.27944708;59.271713
0.046;0.021;15;3;2;0.63656396;0.6666666;0.7356243;0.6452837;0.27944708;59.271713
0.047;0.021;15;3;2;0.63656396;0.6666666;0.7356243;0.6452837;0.27944708;59.271713
0.048;0.021;15;3;2;0.63656396;0.6666666;0.7356243;0.6452837;0.27944708;59.271713
0.049;0.021;15;3;2;0.63656396;0.6666666;0.7356243;0.6452837;0.27944708;59.271713
0.05;0.021;15;3;2;0.63656396;0.6666666;0.7356243;0.6452837;0.27944708;59.271713
0.051;0.021;15;3;2;0.63656396;0.6666666;0.7356243;0.6452837;0.27944708;59.271713
0.052;0.021;15;3;2;0.63656396;0.6666666;0.7356243;0.6452837;0.27944708;59.271713
0.023;0.022;15;3;2;0.6344496;0.6666666;0.7381797;0.6457037;0.2784439;59.268867
0.024;0.022;15;3;2;0.6344496;0.6666666;0.7381797;0.6457037;0.2784439;59.268867
0.025;0.022;15;3;2;0.6344496;0.6666666;0.7381797;0.6457037;0.2784439;59.268867
0.026;0.022;15;3;2;0.6344496;0.6666666;0.7381797;0.6457037;0.2784439;59.268867
0.027;0.022;15;3;2;0.6344496;0.6666666;0.7381797;0.6457037;0.2784439;59.268867
0.028;0.022;15;3;2;0.6344496;0.6666666;0.7381797;0.6457037;0.2784439;59.268867
0.029;0.022;15;3;2;0.6344496;0.6666666;0.7381797;0.6457037;0.2784439;59.268867
0.03;0.022;15;3;2;0.6344496;0.6666666;0.7381797;0.6457037;0.2784439;59.268867
0.031;0.022;15;3;2;0.6344496;0.6666666;0.7381797;0.6457037;0.2784439;59.268867
0.032;0.022;15;3;2;0.6344496;0.6666666;0.7381797;0.6457037;0.2784439;59.268867
0.033;0.022;15;3;2;0.6344496;0.6666666;0.7381797;0.6457037;0.2784439;59.268867
0.034;0.022;15;3;2;0.6344496;0.6666666;0.7381797;0.6457037;0.2784439;59.268867
0.035;0.022;15;3;2;0.6344496;0.6666666;0.7381797;0.6457037;0.2784439;59.268867
0.036;0.022;15;3;2;0.6344496;0.6666666;0.7381797;0.6457037;0.2784439;59.268867
0.037;0.022;15;3;2;0.6344496;0.6666666;0.7381797;0.6457037;0.2784439;59.268867
0.038;0.022;15;3;2;0.6344496;0.6666666;0.7381797;0.6457037;0.2784439;59.268867
0.039;0.022;15;3;2;0.6344496;0.6666666;0.7381797;0.6457037;0.2784439;59.268867
0.04;0.022;15;3;2;0.6344496;0.6666666;0.7381797;0.6457037;0.2784439;59.268867
0.041;0.022;15;3;2;0.6344496;0.6666666;0.7381797;0.6457037;0.2784439;59.268867
0.042;0.022;15;3;2;0.6344496;0.6666666;0.7381797;0.6457037;0.2784439;59.268867
0.043;0.022;15;3;2;0.6344496;0.6666666;0.7381797;0.6457037;0.2784439;59.268867
0.044;0.022;15;3;2;0.6344496;0.6666666;0.7381797;0.6457037;0.2784439;59.268867
0.045;0.022;15;3;2;0.6344496;0.6666666;0.7381797;0.6457037;0.2784439;59.268867
0.046;0.022;15;3;2;0.6344496;0.6666666;0.7381797;0.6457037;0.2784439;59.268867
0.047;0.022;15;3;2;0.6344496;0.6666666;0.7381797;0.6457037;0.2784439;59.268867
0.048;0.022;15;3;2;0.6344496;0.6666666;0.7381797;0.6457037;0.2784439;59.268867
0.049;0.022;15;3;2;0.6344496;0.6666666;0.7381797;0.6457037;0.2784439;59.268867
0.05;0.022;15;3;2;0.6344496;0.6666666;0.7381797;0.6457037;0.2784439;59.268867
0.051;0.022;15;3;2;0.6344496;0.6666666;0.7381797;0.6457037;0.2784439;59.268867
0.052;0.022;15;3;2;0.6344496;0.6666666;0.7381797;0.6457037;0.2784439;59.268867
0.023;0.023;15;3;2;0.5503449;0.6666666;0.7582175;0.5847731;0.25313613;56.262764
0.024;0.023;15;2;1;0.64746803;NaN;0.7705688;0.667053;0.22943117;NaN
0.025;0.023;15;2;1;0.64746803;NaN;0.7705688;0.667053;0.22943117;NaN
0.026;0.023;15;2;1;0.64746803;NaN;0.7705688;0.667053;0.22943117;NaN
0.027;0.023;15;2;1;0.64746803;NaN;0.7705688;0.667053;0.22943117;NaN
0.028;0.023;15;2;1;0.64746803;NaN;0.7705688;0.667053;0.22943117;NaN
0.029;0.023;15;2;1;0.64746803;NaN;0.7705688;0.667053;0.22943117;NaN
0.03;0.023;15;2;1;0.64746803;NaN;0.7705688;0.667053;0.22943117;NaN
0.031;0.023;15;2;1;0.64746803;NaN;0.7705688;0.667053;0.22943117;NaN
0.032;0.023;15;2;1;0.64746803;NaN;0.7705688;0.667053;0.22943117;NaN
0.033;0.023;15;2;1;0.64746803;NaN;0.7705688;0.667053;0.22943117;NaN
0.034;0.023;15;2;1;0.64746803;NaN;0.7705688;0.667053;0.22943117;NaN
0.035;0.023;15;2;1;0.64746803;NaN;0.7705688;0.667053;0.22943117;NaN
0.036;0.023;15;2;1;0.64746803;NaN;0.7705688;0.667053;0.22943117;NaN
0.037;0.023;15;2;1;0.64746803;NaN;0.7705688;0.667053;0.22943117;NaN
0.038;0.023;15;2;1;0.64746803;NaN;0.7705688;0.667053;0.22943117;NaN
0.039;0.023;15;2;1;0.64746803;NaN;0.7705688;0.667053;0.22943117;NaN
0.04;0.023;15;2;1;0.64746803;NaN;0.7705688;0.667053;0.22943117;NaN
0.041;0.023;15;2;1;0.64746803;NaN;0.7705688;0.667053;0.22943117;NaN
0.042;0.023;15;2;1;0.64746803;NaN;0.7705688;0.667053;0.22943117;NaN
0.043;0.023;15;2;1;0.64746803;NaN;0.7705688;0.667053;0.22943117;NaN
0.044;0.023;15;2;1;0.64746803;NaN;0.7705688;0.667053;0.22943117;NaN
0.045;0.023;15;2;1;0.64746803;NaN;0.7705688;0.667053;0.22943117;NaN
0.046;0.023;15;2;1;0.64746803;NaN;0.7705688;0.667053;0.22943117;NaN
0.047;0.023;15;2;1;0.64746803;NaN;0.7705688;0.667053;0.22943117;NaN
0.048;0.023;15;2;1;0.64746803;NaN;0.7705688;0.667053;0.22943117;NaN
0.049;0.023;15;2;1;0.64746803;NaN;0.7705688;0.667053;0.22943117;NaN
0.05;0.023;15;2;1;0.64746803;NaN;0.7705688;0.667053;0.22943117;NaN
0.051;0.023;15;2;1;0.64746803;NaN;0.7705688;0.667053;0.22943117;NaN
0.052;0.023;15;2;1;0.64746803;NaN;0.7705688;0.667053;0.22943117;NaN
0.023;0.024;15;2;1;0.51495564;NaN;0.9935817;0.4589832;0.006418285;NaN
0.024;0.024;15;2;1;0.51495564;NaN;0.9935817;0.4589832;0.006418285;NaN
0.025;0.024;15;2;1;0.51495564;NaN;0.9935817;0.4589832;0.006418285;NaN
0.026;0.024;15;2;1;0.51495564;NaN;0.9935817;0.4589832;0.006418285;NaN
0.027;0.024;15;2;1;0.51495564;NaN;0.9935817;0.4589832;0.006418285;NaN
0.028;0.024;15;2;1;0.51495564;NaN;0.9935817;0.4589832;0.006418285;NaN
0.029;0.024;15;2;1;0.51495564;NaN;0.9935817;0.4589832;0.006418285;NaN
0.03;0.024;15;2;1;0.51495564;NaN;0.9935817;0.4589832;0.006418285;NaN
0.031;0.024;15;2;1;0.51495564;NaN;0.9935817;0.4589832;0.006418285;NaN
0.032;0.024;15;2;1;0.51495564;NaN;0.9935817;0.4589832;0.006418285;NaN
0.033;0.024;15;2;1;0.51495564;NaN;0.9935817;0.4589832;0.006418285;NaN
0.034;0.024;15;2;1;0.51495564;NaN;0.9935817;0.4589832;0.006418285;NaN
0.035;0.024;15;2;1;0.51495564;NaN;0.9935817;0.4589832;0.006418285;NaN
0.036;0.024;15;2;1;0.51495564;NaN;0.9935817;0.4589832;0.006418285;NaN
0.037;0.024;15;2;1;0.51495564;NaN;0.9935817;0.4589832;0.006418285;NaN
0.038;0.024;15;2;1;0.51495564;NaN;0.9935817;0.4589832;0.006418285;NaN
0.039;0.024;15;2;1;0.51495564;NaN;0.9935817;0.4589832;0.006418285;NaN
0.04;0.024;15;2;1;0.51495564;NaN;0.9935817;0.4589832;0.006418285;NaN
0.041;0.024;15;2;1;0.51495564;NaN;0.9935817;0.4589832;0.006418285;NaN
0.042;0.024;15;2;1;0.51495564;NaN;0.9935817;0.4589832;0.006418285;NaN
0.043;0.024;15;2;1;0.51495564;NaN;0.9935817;0.4589832;0.006418285;NaN
0.044;0.024;15;2;1;0.51495564;NaN;0.9935817;0.4589832;0.006418285;NaN
0.045;0.024;15;2;1;0.51495564;NaN;0.9935817;0.4589832;0.006418285;NaN
0.046;0.024;15;2;1;0.51495564;NaN;0.9935817;0.4589832;0.006418285;NaN
0.047;0.024;15;2;1;0.51495564;NaN;0.9935817;0.4589832;0.006418285;NaN
0.048;0.024;15;2;1;0.51495564;NaN;0.9935817;0.4589832;0.006418285;NaN
0.049;0.024;15;2;1;0.51495564;NaN;0.9935817;0.4589832;0.006418285;NaN
0.05;0.024;15;2;1;0.51495564;NaN;0.9935817;0.4589832;0.006418285;NaN
0.051;0.024;15;2;1;0.51495564;NaN;0.9935817;0.4589832;0.006418285;NaN
0.052;0.024;15;2;1;0.51495564;NaN;0.9935817;0.4589832;0.006418285;NaN
0.023;0.025;15;2;1;0.5150862;NaN;0.99477273;0.46001807;0.0052272724;NaN
0.024;0.025;15;2;1;0.5150862;NaN;0.99477273;0.46001807;0.0052272724;NaN
0.025;0.025;15;2;1;0.5150862;NaN;0.99477273;0.46001807;0.0052272724;NaN
0.026;0.025;15;2;1;0.5150862;NaN;0.99477273;0.46001807;0.0052272724;NaN
0.027;0.025;15;2;1;0.5150862;NaN;0.99477273;0.46001807;0.0052272724;NaN
0.028;0.025;15;2;1;0.5150862;NaN;0.99477273;0.46001807;0.0052272724;NaN
0.029;0.025;15;2;1;0.5150862;NaN;0.99477273;0.46001807;0.0052272724;NaN
0.03;0.025;15;2;1;0.5150862;NaN;0.99477273;0.46001807;0.0052272724;NaN
0.031;0.025;15;2;1;0.5150862;NaN;0.99477273;0.46001807;0.0052272724;NaN
0.032;0.025;15;2;1;0.5150862;NaN;0.99477273;0.46001807;0.0052272724;NaN
0.033;0.025;15;2;1;0.5150862;NaN;0.99477273;0.46001807;0.0052272724;NaN
0.034;0.025;15;2;1;0.5150862;NaN;0.99477273;0.46001807;0.0052272724;NaN
0.035;0.025;15;2;1;0.5150862;NaN;0.99477273;0.46001807;0.0052272724;NaN
0.036;0.025;15;2;1;0.5150862;NaN;0.99477273;0.46001807;0.0052272724;NaN
0.037;0.025;15;2;1;0.5150862;NaN;0.99477273;0.46001807;0.0052272724;NaN
0.038;0.025;15;2;1;0.5150862;NaN;0.99477273;0.46001807;0.0052272724;NaN
0.039;0.025;15;2;1;0.5150862;NaN;0.99477273;0.46001807;0.0052272724;NaN
0.04;0.025;15;2;1;0.5150862;NaN;0.99477273;0.46001807;0.0052272724;NaN
0.041;0.025;15;2;1;0.5150862;NaN;0.99477273;0.46001807;0.0052272724;NaN
0.042;0.025;15;2;1;0.5150862;NaN;0.99477273;0.46001807;0.0052272724;NaN
0.043;0.025;15;2;1;0.5150862;NaN;0.99477273;0.46001807;0.0052272724;NaN
0.044;0.025;15;2;1;0.5150862;NaN;0.99477273;0.46001807;0.0052272724;NaN
0.045;0.025;15;2;1;0.5150862;NaN;0.99477273;0.46001807;0.0052272724;NaN
0.046;0.025;15;2;1;0.5150862;NaN;0.99477273;0.46001807;0.0052272724;NaN
0.047;0.025;15;2;1;0.5150862;NaN;0.99477273;0.46001807;0.0052272724;NaN
0.048;0.025;15;2;1;0.5150862;NaN;0.99477273;0.46001807;0.0052272724;NaN
0.049;0.025;15;2;1;0.5150862;NaN;0.99477273;0.46001807;0.0052272724;NaN
0.05;0.025;15;2;1;0.5150862;NaN;0.99477273;0.46001807;0.0052272724;NaN
0.051;0.025;15;2;1;0.5150862;NaN;0.99477273;0.46001807;0.0052272724;NaN
0.052;0.025;15;2;1;0.5150862;NaN;0.99477273;0.46001807;0.0052272724;NaN
0.023;0.026;15;2;1;0.5150862;NaN;0.99477273;0.46001807;0.0052272724;NaN
0.024;0.026;15;2;1;0.5150862;NaN;0.99477273;0.46001807;0.0052272724;NaN
0.025;0.026;15;2;1;0.5150862;NaN;0.99477273;0.46001807;0.0052272724;NaN
0.026;0.026;15;2;1;0.5150862;NaN;0.99477273;0.46001807;0.0052272724;NaN
0.027;0.026;15;2;1;0.5150862;NaN;0.99477273;0.46001807;0.0052272724;NaN
0.028;0.026;15;2;1;0.5150862;NaN;0.99477273;0.46001807;0.0052272724;NaN
0.029;0.026;15;2;1;0.5150862;NaN;0.99477273;0.46001807;0.0052272724;NaN
0.03;0.026;15;2;1;0.5150862;NaN;0.99477273;0.46001807;0.0052272724;NaN
0.031;0.026;15;2;1;0.5150862;NaN;0.99477273;0.46001807;0.0052272724;NaN
0.032;0.026;15;2;1;0.5150862;NaN;0.99477273;0.46001807;0.0052272724;NaN
0.033;0.026;15;2;1;0.5150862;NaN;0.99477273;0.46001807;0.0052272724;NaN
0.034;0.026;15;2;1;0.5150862;NaN;0.99477273;0.46001807;0.0052272724;NaN
0.035;0.026;15;2;1;0.5150862;NaN;0.99477273;0.46001807;0.0052272724;NaN
0.036;0.026;15;2;1;0.5150862;NaN;0.99477273;0.46001807;0.0052272724;NaN
0.037;0.026;15;2;1;0.5150862;NaN;0.99477273;0.46001807;0.0052272724;NaN
0.038;0.026;15;2;1;0.5150862;NaN;0.99477273;0.46001807;0.0052272724;NaN
0.039;0.026;15;2;1;0.5150862;NaN;0.99477273;0.46001807;0.0052272724;NaN
0.04;0.026;15;2;1;0.5150862;NaN;0.99477273;0.46001807;0.0052272724;NaN
0.041;0.026;15;2;1;0.5150862;NaN;0.99477273;0.46001807;0.0052272724;NaN
0.042;0.026;15;2;1;0.5150862;NaN;0.99477273;0.46001807;0.0052272724;NaN
0.043;0.026;15;2;1;0.5150862;NaN;0.99477273;0.46001807;0.0052272724;NaN
0.044;0.026;15;2;1;0.5150862;NaN;0.99477273;0.46001807;0.0052272724;NaN
0.045;0.026;15;2;1;0.5150862;NaN;0.99477273;0.46001807;0.0052272724;NaN
0.046;0.026;15;2;1;0.5150862;NaN;0.99477273;0.46001807;0.0052272724;NaN
0.047;0.026;15;2;1;0.5150862;NaN;0.99477273;0.46001807;0.0052272724;NaN
0.048;0.026;15;2;1;0.5150862;NaN;0.99477273;0.46001807;0.0052272724;NaN
0.049;0.026;15;2;1;0.5150862;NaN;0.99477273;0.46001807;0.0052272724;NaN
0.05;0.026;15;2;1;0.5150862;NaN;0.99477273;0.46001807;0.0052272724;NaN
0.051;0.026;15;2;1;0.5150862;NaN;0.99477273;0.46001807;0.0052272724;NaN
0.052;0.026;15;2;1;0.5150862;NaN;0.99477273;0.46001807;0.0052272724;NaN
0.023;0.027;15;1;0;0.70220584;-0.0;1.0;0.60777307;3.0145166E-8;46.199577
0.024;0.027;15;1;0;0.70220584;-0.0;1.0;0.60777307;3.0145166E-8;46.199577
0.025;0.027;15;1;0;0.70220584;-0.0;1.0;0.60777307;3.0145166E-8;46.199577
0.026;0.027;15;1;0;0.70220584;-0.0;1.0;0.60777307;3.0145166E-8;46.199577
0.027;0.027;15;1;0;0.70220584;-0.0;1.0;0.60777307;3.0145166E-8;46.199577
0.028;0.027;15;1;0;0.70220584;-0.0;1.0;0.60777307;3.0145166E-8;46.199577
0.029;0.027;15;1;0;0.70220584;-0.0;1.0;0.60777307;3.0145166E-8;46.199577
0.03;0.027;15;1;0;0.70220584;-0.0;1.0;0.60777307;3.0145166E-8;46.199577
0.031;0.027;15;1;0;0.70220584;-0.0;1.0;0.60777307;3.0145166E-8;46.199577
0.032;0.027;15;1;0;0.70220584;-0.0;1.0;0.60777307;3.0145166E-8;46.199577
0.033;0.027;15;1;0;0.70220584;-0.0;1.0;0.60777307;3.0145166E-8;46.199577
0.034;0.027;15;1;0;0.70220584;-0.0;1.0;0.60777307;3.0145166E-8;46.199577
0.035;0.027;15;1;0;0.70220584;-0.0;1.0;0.60777307;3.0145166E-8;46.199577
0.036;0.027;15;1;0;0.70220584;-0.0;1.0;0.60777307;3.0145166E-8;46.199577
0.037;0.027;15;1;0;0.70220584;-0.0;1.0;0.60777307;3.0145166E-8;46.199577
0.038;0.027;15;1;0;0.70220584;-0.0;1.0;0.60777307;3.0145166E-8;46.199577
0.039;0.027;15;1;0;0.70220584;-0.0;1.0;0.60777307;3.0145166E-8;46.199577
0.04;0.027;15;1;0;0.70220584;-0.0;1.0;0.60777307;3.0145166E-8;46.199577
0.041;0.027;15;1;0;0.70220584;-0.0;1.0;0.60777307;3.0145166E-8;46.199577
0.042;0.027;15;1;0;0.70220584;-0.0;1.0;0.60777307;3.0145166E-8;46.199577
0.043;0.027;15;1;0;0.70220584;-0.0;1.0;0.60777307;3.0145166E-8;46.199577
0.044;0.027;15;1;0;0.70220584;-0.0;1.0;0.60777307;3.0145166E-8;46.199577
0.045;0.027;15;1;0;0.70220584;-0.0;1.0;0.60777307;3.0145166E-8;46.199577
0.046;0.027;15;1;0;0.70220584;-0.0;1.0;0.60777307;3.0145166E-8;46.199577
0.047;0.027;15;1;0;0.70220584;-0.0;1.0;0.60777307;3.0145166E-8;46.199577
0.048;0.027;15;1;0;0.70220584;-0.0;1.0;0.60777307;3.0145166E-8;46.199577
0.049;0.027;15;1;0;0.70220584;-0.0;1.0;0.60777307;3.0145166E-8;46.199577
0.05;0.027;15;1;0;0.70220584;-0.0;1.0;0.60777307;3.0145166E-8;46.199577
0.051;0.027;15;1;0;0.70220584;-0.0;1.0;0.60777307;3.0145166E-8;46.199577
0.052;0.027;15;1;0;0.70220584;-0.0;1.0;0.60777307;3.0145166E-8;46.199577
0.023;0.028;15;1;0;0.70220584;-0.0;1.0;0.60777307;3.0145166E-8;46.199577
0.024;0.028;15;1;0;0.70220584;-0.0;1.0;0.60777307;3.0145166E-8;46.199577
0.025;0.028;15;1;0;0.70220584;-0.0;1.0;0.60777307;3.0145166E-8;46.199577
0.026;0.028;15;1;0;0.70220584;-0.0;1.0;0.60777307;3.0145166E-8;46.199577
0.027;0.028;15;1;0;0.70220584;-0.0;1.0;0.60777307;3.0145166E-8;46.199577
0.028;0.028;15;1;0;0.70220584;-0.0;1.0;0.60777307;3.0145166E-8;46.199577
0.029;0.028;15;1;0;0.70220584;-0.0;1.0;0.60777307;3.0145166E-8;46.199577
0.03;0.028;15;1;0;0.70220584;-0.0;1.0;0.60777307;3.0145166E-8;46.199577
0.031;0.028;15;1;0;0.70220584;-0.0;1.0;0.60777307;3.0145166E-8;46.199577
0.032;0.028;15;1;0;0.70220584;-0.0;1.0;0.60777307;3.0145166E-8;46.199577
0.033;0.028;15;1;0;0.70220584;-0.0;1.0;0.60777307;3.0145166E-8;46.199577
0.034;0.028;15;1;0;0.70220584;-0.0;1.0;0.60777307;3.0145166E-8;46.199577
0.035;0.028;15;1;0;0.70220584;-0.0;1.0;0.60777307;3.0145166E-8;46.199577
0.036;0.028;15;1;0;0.70220584;-0.0;1.0;0.60777307;3.0145166E-8;46.199577
0.037;0.028;15;1;0;0.70220584;-0.0;1.0;0.60777307;3.0145166E-8;46.199577
0.038;0.028;15;1;0;0.70220584;-0.0;1.0;0.60777307;3.0145166E-8;46.199577
0.039;0.028;15;1;0;0.70220584;-0.0;1.0;0.60777307;3.0145166E-8;46.199577
0.04;0.028;15;1;0;0.70220584;-0.0;1.0;0.60777307;3.0145166E-8;46.199577
0.041;0.028;15;1;0;0.70220584;-0.0;1.0;0.60777307;3.0145166E-8;46.199577
0.042;0.028;15;1;0;0.70220584;-0.0;1.0;0.60777307;3.0145166E-8;46.199577
0.043;0.028;15;1;0;0.70220584;-0.0;1.0;0.60777307;3.0145166E-8;46.199577
0.044;0.028;15;1;0;0.70220584;-0.0;1.0;0.60777307;3.0145166E-8;46.199577
0.045;0.028;15;1;0;0.70220584;-0.0;1.0;0.60777307;3.0145166E-8;46.199577
0.046;0.028;15;1;0;0.70220584;-0.0;1.0;0.60777307;3.0145166E-8;46.199577
0.047;0.028;15;1;0;0.70220584;-0.0;1.0;0.60777307;3.0145166E-8;46.199577
0.048;0.028;15;1;0;0.70220584;-0.0;1.0;0.60777307;3.0145166E-8;46.199577
0.049;0.028;15;1;0;0.70220584;-0.0;1.0;0.60777307;3.0145166E-8;46.199577
0.05;0.028;15;1;0;0.70220584;-0.0;1.0;0.60777307;3.0145166E-8;46.199577
0.051;0.028;15;1;0;0.70220584;-0.0;1.0;0.60777307;3.0145166E-8;46.199577
0.052;0.028;15;1;0;0.70220584;-0.0;1.0;0.60777307;3.0145166E-8;46.199577
0.023;0.029;15;1;0;0.70220584;-0.0;1.0;0.60777307;3.0145166E-8;46.199577
0.024;0.029;15;1;0;0.70220584;-0.0;1.0;0.60777307;3.0145166E-8;46.199577
0.025;0.029;15;1;0;0.70220584;-0.0;1.0;0.60777307;3.0145166E-8;46.199577
0.026;0.029;15;1;0;0.70220584;-0.0;1.0;0.60777307;3.0145166E-8;46.199577
0.027;0.029;15;1;0;0.70220584;-0.0;1.0;0.60777307;3.0145166E-8;46.199577
0.028;0.029;15;1;0;0.70220584;-0.0;1.0;0.60777307;3.0145166E-8;46.199577
0.029;0.029;15;1;0;0.70220584;-0.0;1.0;0.60777307;3.0145166E-8;46.199577
0.03;0.029;15;1;0;0.70220584;-0.0;1.0;0.60777307;3.0145166E-8;46.199577
0.031;0.029;15;1;0;0.70220584;-0.0;1.0;0.60777307;3.0145166E-8;46.199577
0.032;0.029;15;1;0;0.70220584;-0.0;1.0;0.60777307;3.0145166E-8;46.199577
0.033;0.029;15;1;0;0.70220584;-0.0;1.0;0.60777307;3.0145166E-8;46.199577
0.034;0.029;15;1;0;0.70220584;-0.0;1.0;0.60777307;3.0145166E-8;46.199577
0.035;0.029;15;1;0;0.70220584;-0.0;1.0;0.60777307;3.0145166E-8;46.199577
0.036;0.029;15;1;0;0.70220584;-0.0;1.0;0.60777307;3.0145166E-8;46.199577
0.037;0.029;15;1;0;0.70220584;-0.0;1.0;0.60777307;3.0145166E-8;46.199577
0.038;0.029;15;1;0;0.70220584;-0.0;1.0;0.60777307;3.0145166E-8;46.199577
0.039;0.029;15;1;0;0.70220584;-0.0;1.0;0.60777307;3.0145166E-8;46.199577
0.04;0.029;15;1;0;0.70220584;-0.0;1.0;0.60777307;3.0145166E-8;46.199577
0.041;0.029;15;1;0;0.70220584;-0.0;1.0;0.60777307;3.0145166E-8;46.199577
0.042;0.029;15;1;0;0.70220584;-0.0;1.0;0.60777307;3.0145166E-8;46.199577
0.043;0.029;15;1;0;0.70220584;-0.0;1.0;0.60777307;3.0145166E-8;46.199577
0.044;0.029;15;1;0;0.70220584;-0.0;1.0;0.60777307;3.0145166E-8;46.199577
0.045;0.029;15;1;0;0.70220584;-0.0;1.0;0.60777307;3.0145166E-8;46.199577
0.046;0.029;15;1;0;0.70220584;-0.0;1.0;0.60777307;3.0145166E-8;46.199577
0.047;0.029;15;1;0;0.70220584;-0.0;1.0;0.60777307;3.0145166E-8;46.199577
0.048;0.029;15;1;0;0.70220584;-0.0;1.0;0.60777307;3.0145166E-8;46.199577
0.049;0.029;15;1;0;0.70220584;-0.0;1.0;0.60777307;3.0145166E-8;46.199577
0.05;0.029;15;1;0;0.70220584;-0.0;1.0;0.60777307;3.0145166E-8;46.199577
0.051;0.029;15;1;0;0.70220584;-0.0;1.0;0.60777307;3.0145166E-8;46.199577
0.052;0.029;15;1;0;0.70220584;-0.0;1.0;0.60777307;3.0145166E-8;46.199577
0.023;0.03;15;1;0;0.70220584;-0.0;1.0;0.60777307;3.0145166E-8;46.199577
0.024;0.03;15;1;0;0.70220584;-0.0;1.0;0.60777307;3.0145166E-8;46.199577
0.025;0.03;15;1;0;0.70220584;-0.0;1.0;0.60777307;3.0145166E-8;46.199577
0.026;0.03;15;1;0;0.70220584;-0.0;1.0;0.60777307;3.0145166E-8;46.199577
0.027;0.03;15;1;0;0.70220584;-0.0;1.0;0.60777307;3.0145166E-8;46.199577
0.028;0.03;15;1;0;0.70220584;-0.0;1.0;0.60777307;3.0145166E-8;46.199577
0.029;0.03;15;1;0;0.70220584;-0.0;1.0;0.60777307;3.0145166E-8;46.199577
0.03;0.03;15;1;0;0.70220584;-0.0;1.0;0.60777307;3.0145166E-8;46.199577
0.031;0.03;15;1;0;0.70220584;-0.0;1.0;0.60777307;3.0145166E-8;46.199577
0.032;0.03;15;1;0;0.70220584;-0.0;1.0;0.60777307;3.0145166E-8;46.199577
0.033;0.03;15;1;0;0.70220584;-0.0;1.0;0.60777307;3.0145166E-8;46.199577
0.034;0.03;15;1;0;0.70220584;-0.0;1.0;0.60777307;3.0145166E-8;46.199577
0.035;0.03;15;1;0;0.70220584;-0.0;1.0;0.60777307;3.0145166E-8;46.199577
0.036;0.03;15;1;0;0.70220584;-0.0;1.0;0.60777307;3.0145166E-8;46.199577
0.037;0.03;15;1;0;0.70220584;-0.0;1.0;0.60777307;3.0145166E-8;46.199577
0.038;0.03;15;1;0;0.70220584;-0.0;1.0;0.60777307;3.0145166E-8;46.199577
0.039;0.03;15;1;0;0.70220584;-0.0;1.0;0.60777307;3.0145166E-8;46.199577
0.04;0.03;15;1;0;0.70220584;-0.0;1.0;0.60777307;3.0145166E-8;46.199577
0.041;0.03;15;1;0;0.70220584;-0.0;1.0;0.60777307;3.0145166E-8;46.199577
0.042;0.03;15;1;0;0.70220584;-0.0;1.0;0.60777307;3.0145166E-8;46.199577
0.043;0.03;15;1;0;0.70220584;-0.0;1.0;0.60777307;3.0145166E-8;46.199577
0.044;0.03;15;1;0;0.70220584;-0.0;1.0;0.60777307;3.0145166E-8;46.199577
0.045;0.03;15;1;0;0.70220584;-0.0;1.0;0.60777307;3.0145166E-8;46.199577
0.046;0.03;15;1;0;0.70220584;-0.0;1.0;0.60777307;3.0145166E-8;46.199577
0.047;0.03;15;1;0;0.70220584;-0.0;1.0;0.60777307;3.0145166E-8;46.199577
0.048;0.03;15;1;0;0.70220584;-0.0;1.0;0.60777307;3.0145166E-8;46.199577
0.049;0.03;15;1;0;0.70220584;-0.0;1.0;0.60777307;3.0145166E-8;46.199577
0.05;0.03;15;1;0;0.70220584;-0.0;1.0;0.60777307;3.0145166E-8;46.199577
0.051;0.03;15;1;0;0.70220584;-0.0;1.0;0.60777307;3.0145166E-8;46.199577
0.052;0.03;15;1;0;0.70220584;-0.0;1.0;0.60777307;3.0145166E-8;46.199577
0.023;0.031;15;1;0;0.70220584;-0.0;1.0;0.60777307;3.0145166E-8;46.199577
0.024;0.031;15;1;0;0.70220584;-0.0;1.0;0.60777307;3.0145166E-8;46.199577
0.025;0.031;15;1;0;0.70220584;-0.0;1.0;0.60777307;3.0145166E-8;46.199577
0.026;0.031;15;1;0;0.70220584;-0.0;1.0;0.60777307;3.0145166E-8;46.199577
0.027;0.031;15;1;0;0.70220584;-0.0;1.0;0.60777307;3.0145166E-8;46.199577
0.028;0.031;15;1;0;0.70220584;-0.0;1.0;0.60777307;3.0145166E-8;46.199577
0.029;0.031;15;1;0;0.70220584;-0.0;1.0;0.60777307;3.0145166E-8;46.199577
0.03;0.031;15;1;0;0.70220584;-0.0;1.0;0.60777307;3.0145166E-8;46.199577
0.031;0.031;15;1;0;0.70220584;-0.0;1.0;0.60777307;3.0145166E-8;46.199577
0.032;0.031;15;1;0;0.70220584;-0.0;1.0;0.60777307;3.0145166E-8;46.199577
0.033;0.031;15;1;0;0.70220584;-0.0;1.0;0.60777307;3.0145166E-8;46.199577
0.034;0.031;15;1;0;0.70220584;-0.0;1.0;0.60777307;3.0145166E-8;46.199577
0.035;0.031;15;1;0;0.70220584;-0.0;1.0;0.60777307;3.0145166E-8;46.199577
0.036;0.031;15;1;0;0.70220584;-0.0;1.0;0.60777307;3.0145166E-8;46.199577
0.037;0.031;15;1;0;0.70220584;-0.0;1.0;0.60777307;3.0145166E-8;46.199577
0.038;0.031;15;1;0;0.70220584;-0.0;1.0;0.60777307;3.0145166E-8;46.199577
0.039;0.031;15;1;0;0.70220584;-0.0;1.0;0.60777307;3.0145166E-8;46.199577
0.04;0.031;15;1;0;0.70220584;-0.0;1.0;0.60777307;3.0145166E-8;46.199577
0.041;0.031;15;1;0;0.70220584;-0.0;1.0;0.60777307;3.0145166E-8;46.199577
0.042;0.031;15;1;0;0.70220584;-0.0;1.0;0.60777307;3.0145166E-8;46.199577
0.043;0.031;15;1;0;0.70220584;-0.0;1.0;0.60777307;3.0145166E-8;46.199577
0.044;0.031;15;1;0;0.70220584;-0.0;1.0;0.60777307;3.0145166E-8;46.199577
0.045;0.031;15;1;0;0.70220584;-0.0;1.0;0.60777307;3.0145166E-8;46.199577
0.046;0.031;15;1;0;0.70220584;-0.0;1.0;0.60777307;3.0145166E-8;46.199577
0.047;0.031;15;1;0;0.70220584;-0.0;1.0;0.60777307;3.0145166E-8;46.199577
