0.001;0.01;15;74;73;0.9578172;0.98648655;0.96713996;0.97000337;0.3708119;85.04517
0.001;0.01;15;74;73;0.9578172;0.98648655;0.96713996;0.97000337;0.3708119;85.04517
0.002;0.01;15;74;73;0.9578172;0.98648655;0.96713996;0.97000337;0.3708119;85.04517
0.003;0.01;15;67;72;0.9479826;0.9823192;0.95863897;0.9635126;0.37371188;84.5233
0.004;0.01;15;61;72;0.94944733;0.976938;0.9326744;0.9479295;0.3804185;83.74815
0.005;0.01;15;53;73;0.91746664;0.9655938;0.89759165;0.90566945;0.38728824;81.4722
0.006;0.01;15;49;73;0.91552943;0.95788103;0.88975036;0.9039062;0.38407093;81.02276
0.007;0.01;15;46;70;0.9200185;0.95355725;0.881283;0.89071506;0.38362995;80.58407
0.008;0.01;15;37;64;0.8965188;0.92972976;0.84772235;0.8693966;0.38004416;78.46823
0.009;0.01;15;31;59;0.8456171;0.90322584;0.8482858;0.81776637;0.35176957;75.3333
0.01;0.01;15;30;58;0.7924993;0.8976191;0.8431978;0.81336707;0.3524784;73.98324
0.011;0.01;15;28;55;0.77740866;0.8873626;0.8404201;0.78551346;0.35477895;72.90968
0.012;0.01;15;28;58;0.7937;0.8791209;0.84942824;0.8012229;0.32966754;73.06279
0.013;0.01;15;28;58;0.7937;0.8791209;0.84942824;0.8012229;0.32966754;73.06279
0.014;0.01;15;28;56;0.8316774;0.88461536;0.8273268;0.7859042;0.36238983;73.838264
0.015;0.01;15;28;57;0.82957655;0.8818681;0.82346845;0.77411056;0.36238798;73.42824
0.016;0.01;15;28;57;0.82957655;0.8818681;0.82346845;0.77411056;0.36238798;73.42824
0.017;0.01;15;28;57;0.82957655;0.8818681;0.82346845;0.77411056;0.36238798;73.42824
0.018;0.01;15;28;57;0.82957655;0.8818681;0.82346845;0.77411056;0.36238798;73.42824
0.019;0.01;15;28;57;0.82957655;0.8818681;0.82346845;0.77411056;0.36238798;73.42824
0.02;0.01;15;28;58;0.8363793;0.8791209;0.8144589;0.75791085;0.36231548;73.00371
0.021;0.01;15;28;58;0.8363793;0.8791209;0.8144589;0.75791085;0.36231548;73.00371
0.022;0.01;15;28;58;0.8363793;0.8791209;0.8144589;0.75791085;0.36231548;73.00371
0.023;0.01;15;28;58;0.8363793;0.8791209;0.8144589;0.75791085;0.36231548;73.00371
0.024;0.01;15;28;58;0.8363793;0.8791209;0.8144589;0.75791085;0.36231548;73.00371
0.025;0.01;15;28;58;0.8363793;0.8791209;0.8144589;0.75791085;0.36231548;73.00371
0.026;0.01;15;28;58;0.8363793;0.8791209;0.8144589;0.75791085;0.36231548;73.00371
0.027;0.01;15;28;58;0.8363793;0.8791209;0.8144589;0.75791085;0.36231548;73.00371
0.028;0.01;15;28;58;0.8363793;0.8791209;0.8144589;0.75791085;0.36231548;73.00371
0.029;0.01;15;28;58;0.8363793;0.8791209;0.8144589;0.75791085;0.36231548;73.00371
0.03;0.01;15;28;58;0.8363793;0.8791209;0.8144589;0.75791085;0.36231548;73.00371
0.023;0.011;15;24;45;0.8981103;0.875;0.8430682;0.83779395;0.30747017;75.22885
0.024;0.011;15;24;45;0.8981103;0.875;0.8430682;0.83779395;0.30747017;75.22885
0.025;0.011;15;24;45;0.8981103;0.875;0.8430682;0.83779395;0.30747017;75.22885
0.026;0.011;15;24;45;0.8981103;0.875;0.8430682;0.83779395;0.30747017;75.22885
0.027;0.011;15;24;45;0.8981103;0.875;0.8430682;0.83779395;0.30747017;75.22885
0.028;0.011;15;24;45;0.8981103;0.875;0.8430682;0.83779395;0.30747017;75.22885
0.029;0.011;15;24;45;0.8981103;0.875;0.8430682;0.83779395;0.30747017;75.22885
0.03;0.011;15;24;45;0.8981103;0.875;0.8430682;0.83779395;0.30747017;75.22885
0.031;0.011;15;24;45;0.8981103;0.875;0.8430682;0.83779395;0.30747017;75.22885
0.032;0.011;15;24;45;0.8981103;0.875;0.8430682;0.83779395;0.30747017;75.22885
0.033;0.011;15;24;45;0.8981103;0.875;0.8430682;0.83779395;0.30747017;75.22885
0.034;0.011;15;24;45;0.8981103;0.875;0.8430682;0.83779395;0.30747017;75.22885
0.035;0.011;15;24;45;0.8981103;0.875;0.8430682;0.83779395;0.30747017;75.22885
0.036;0.011;15;24;45;0.8981103;0.875;0.8430682;0.83779395;0.30747017;75.22885
0.037;0.011;15;24;45;0.8981103;0.875;0.8430682;0.83779395;0.30747017;75.22885
0.038;0.011;15;24;45;0.8981103;0.875;0.8430682;0.83779395;0.30747017;75.22885
0.039;0.011;15;24;45;0.8981103;0.875;0.8430682;0.83779395;0.30747017;75.22885
0.04;0.011;15;24;45;0.8981103;0.875;0.8430682;0.83779395;0.30747017;75.22885
0.041;0.011;15;24;45;0.8981103;0.875;0.8430682;0.83779395;0.30747017;75.22885
0.042;0.011;15;24;45;0.8981103;0.875;0.8430682;0.83779395;0.30747017;75.22885
0.043;0.011;15;24;45;0.8981103;0.875;0.8430682;0.83779395;0.30747017;75.22885
0.044;0.011;15;24;45;0.8981103;0.875;0.8430682;0.83779395;0.30747017;75.22885
0.045;0.011;15;24;45;0.8981103;0.875;0.8430682;0.83779395;0.30747017;75.22885
0.046;0.011;15;24;45;0.8981103;0.875;0.8430682;0.83779395;0.30747017;75.22885
0.047;0.011;15;24;45;0.8981103;0.875;0.8430682;0.83779395;0.30747017;75.22885
0.048;0.011;15;24;45;0.8981103;0.875;0.8430682;0.83779395;0.30747017;75.22885
0.049;0.011;15;24;45;0.8981103;0.875;0.8430682;0.83779395;0.30747017;75.22885
0.05;0.011;15;24;45;0.8981103;0.875;0.8430682;0.83779395;0.30747017;75.22885
0.051;0.011;15;24;45;0.8981103;0.875;0.8430682;0.83779395;0.30747017;75.22885
0.052;0.011;15;24;45;0.8981103;0.875;0.8430682;0.83779395;0.30747017;75.22885
0.023;0.012;15;22;39;0.81076705;0.8727273;0.81730115;0.8237733;0.34106454;73.31267
0.024;0.012;15;22;39;0.81076705;0.8727273;0.81730115;0.8237733;0.34106454;73.31267
0.025;0.012;15;22;39;0.81076705;0.8727273;0.81730115;0.8237733;0.34106454;73.31267
0.026;0.012;15;22;39;0.81076705;0.8727273;0.81730115;0.8237733;0.34106454;73.31267
0.027;0.012;15;22;39;0.81076705;0.8727273;0.81730115;0.8237733;0.34106454;73.31267
0.028;0.012;15;22;39;0.81076705;0.8727273;0.81730115;0.8237733;0.34106454;73.31267
0.029;0.012;15;22;39;0.81076705;0.8727273;0.81730115;0.8237733;0.34106454;73.31267
0.03;0.012;15;22;39;0.81076705;0.8727273;0.81730115;0.8237733;0.34106454;73.31267
0.031;0.012;15;22;39;0.81076705;0.8727273;0.81730115;0.8237733;0.34106454;73.31267
0.032;0.012;15;22;39;0.81076705;0.8727273;0.81730115;0.8237733;0.34106454;73.31267
0.033;0.012;15;22;39;0.81076705;0.8727273;0.81730115;0.8237733;0.34106454;73.31267
0.034;0.012;15;22;39;0.81076705;0.8727273;0.81730115;0.8237733;0.34106454;73.31267
0.035;0.012;15;22;39;0.81076705;0.8727273;0.81730115;0.8237733;0.34106454;73.31267
0.036;0.012;15;22;39;0.81076705;0.8727273;0.81730115;0.8237733;0.34106454;73.31267
0.037;0.012;15;22;39;0.81076705;0.8727273;0.81730115;0.8237733;0.34106454;73.31267
0.038;0.012;15;22;39;0.81076705;0.8727273;0.81730115;0.8237733;0.34106454;73.31267
0.039;0.012;15;22;39;0.81076705;0.8727273;0.81730115;0.8237733;0.34106454;73.31267
0.04;0.012;15;22;39;0.81076705;0.8727273;0.81730115;0.8237733;0.34106454;73.31267
0.041;0.012;15;22;39;0.81076705;0.8727273;0.81730115;0.8237733;0.34106454;73.31267
0.042;0.012;15;22;39;0.81076705;0.8727273;0.81730115;0.8237733;0.34106454;73.31267
0.043;0.012;15;22;39;0.81076705;0.8727273;0.81730115;0.8237733;0.34106454;73.31267
0.044;0.012;15;22;39;0.81076705;0.8727273;0.81730115;0.8237733;0.34106454;73.31267
0.045;0.012;15;22;39;0.81076705;0.8727273;0.81730115;0.8237733;0.34106454;73.31267
0.046;0.012;15;22;39;0.81076705;0.8727273;0.81730115;0.8237733;0.34106454;73.31267
0.047;0.012;15;22;39;0.81076705;0.8727273;0.81730115;0.8237733;0.34106454;73.31267
0.048;0.012;15;22;39;0.81076705;0.8727273;0.81730115;0.8237733;0.34106454;73.31267
0.049;0.012;15;22;39;0.81076705;0.8727273;0.81730115;0.8237733;0.34106454;73.31267
0.05;0.012;15;22;39;0.81076705;0.8727273;0.81730115;0.8237733;0.34106454;73.31267
0.051;0.012;15;22;39;0.81076705;0.8727273;0.81730115;0.8237733;0.34106454;73.31267
0.052;0.012;15;22;39;0.81076705;0.8727273;0.81730115;0.8237733;0.34106454;73.31267
0.023;0.013;15;19;36;0.84874177;0.83591324;0.794768;0.73659575;0.36712518;71.66288
0.024;0.013;15;19;36;0.84874177;0.83591324;0.794768;0.73659575;0.36712518;71.66288
0.025;0.013;15;19;36;0.84874177;0.83591324;0.794768;0.73659575;0.36712518;71.66288
0.026;0.013;15;19;36;0.84874177;0.83591324;0.794768;0.73659575;0.36712518;71.66288
0.027;0.013;15;19;36;0.84874177;0.83591324;0.794768;0.73659575;0.36712518;71.66288
0.028;0.013;15;19;36;0.84874177;0.83591324;0.794768;0.73659575;0.36712518;71.66288
0.029;0.013;15;19;36;0.84874177;0.83591324;0.794768;0.73659575;0.36712518;71.66288
0.03;0.013;15;19;36;0.84874177;0.83591324;0.794768;0.73659575;0.36712518;71.66288
0.031;0.013;15;19;36;0.84874177;0.83591324;0.794768;0.73659575;0.36712518;71.66288
0.032;0.013;15;19;36;0.84874177;0.83591324;0.794768;0.73659575;0.36712518;71.66288
0.033;0.013;15;19;36;0.84874177;0.83591324;0.794768;0.73659575;0.36712518;71.66288
0.034;0.013;15;19;36;0.84874177;0.83591324;0.794768;0.73659575;0.36712518;71.66288
0.035;0.013;15;19;36;0.84874177;0.83591324;0.794768;0.73659575;0.36712518;71.66288
0.036;0.013;15;19;36;0.84874177;0.83591324;0.794768;0.73659575;0.36712518;71.66288
0.037;0.013;15;19;36;0.84874177;0.83591324;0.794768;0.73659575;0.36712518;71.66288
0.038;0.013;15;19;36;0.84874177;0.83591324;0.794768;0.73659575;0.36712518;71.66288
0.039;0.013;15;19;36;0.84874177;0.83591324;0.794768;0.73659575;0.36712518;71.66288
0.04;0.013;15;19;36;0.84874177;0.83591324;0.794768;0.73659575;0.36712518;71.66288
0.041;0.013;15;19;36;0.84874177;0.83591324;0.794768;0.73659575;0.36712518;71.66288
0.042;0.013;15;19;36;0.84874177;0.83591324;0.794768;0.73659575;0.36712518;71.66288
0.043;0.013;15;19;36;0.84874177;0.83591324;0.794768;0.73659575;0.36712518;71.66288
0.044;0.013;15;19;36;0.84874177;0.83591324;0.794768;0.73659575;0.36712518;71.66288
0.045;0.013;15;19;36;0.84874177;0.83591324;0.794768;0.73659575;0.36712518;71.66288
0.046;0.013;15;19;36;0.84874177;0.83591324;0.794768;0.73659575;0.36712518;71.66288
0.047;0.013;15;19;36;0.84874177;0.83591324;0.794768;0.73659575;0.36712518;71.66288
0.048;0.013;15;19;36;0.84874177;0.83591324;0.794768;0.73659575;0.36712518;71.66288
0.049;0.013;15;19;36;0.84874177;0.83591324;0.794768;0.73659575;0.36712518;71.66288
0.05;0.013;15;19;36;0.84874177;0.83591324;0.794768;0.73659575;0.36712518;71.66288
0.051;0.013;15;19;36;0.84874177;0.83591324;0.794768;0.73659575;0.36712518;71.66288
0.052;0.013;15;19;36;0.84874177;0.83591324;0.794768;0.73659575;0.36712518;71.66288
0.023;0.014;15;14;24;0.8835207;0.79761904;0.8163139;0.80246115;0.33724093;72.74312
0.024;0.014;15;14;24;0.8835207;0.79761904;0.8163139;0.80246115;0.33724093;72.74312
0.025;0.014;15;14;24;0.8835207;0.79761904;0.8163139;0.80246115;0.33724093;72.74312
0.026;0.014;15;14;24;0.8835207;0.79761904;0.8163139;0.80246115;0.33724093;72.74312
0.027;0.014;15;14;24;0.8835207;0.79761904;0.8163139;0.80246115;0.33724093;72.74312
0.028;0.014;15;14;24;0.8835207;0.79761904;0.8163139;0.80246115;0.33724093;72.74312
0.029;0.014;15;14;24;0.8835207;0.79761904;0.8163139;0.80246115;0.33724093;72.74312
0.03;0.014;15;14;24;0.8835207;0.79761904;0.8163139;0.80246115;0.33724093;72.74312
0.031;0.014;15;14;24;0.8835207;0.79761904;0.8163139;0.80246115;0.33724093;72.74312
0.032;0.014;15;14;24;0.8835207;0.79761904;0.8163139;0.80246115;0.33724093;72.74312
0.033;0.014;15;14;24;0.8835207;0.79761904;0.8163139;0.80246115;0.33724093;72.74312
0.034;0.014;15;14;24;0.8835207;0.79761904;0.8163139;0.80246115;0.33724093;72.74312
0.035;0.014;15;14;24;0.8835207;0.79761904;0.8163139;0.80246115;0.33724093;72.74312
0.036;0.014;15;14;24;0.8835207;0.79761904;0.8163139;0.80246115;0.33724093;72.74312
0.037;0.014;15;14;24;0.8835207;0.79761904;0.8163139;0.80246115;0.33724093;72.74312
0.038;0.014;15;14;24;0.8835207;0.79761904;0.8163139;0.80246115;0.33724093;72.74312
0.039;0.014;15;14;24;0.8835207;0.79761904;0.8163139;0.80246115;0.33724093;72.74312
0.04;0.014;15;14;24;0.8835207;0.79761904;0.8163139;0.80246115;0.33724093;72.74312
0.041;0.014;15;14;24;0.8835207;0.79761904;0.8163139;0.80246115;0.33724093;72.74312
0.042;0.014;15;14;24;0.8835207;0.79761904;0.8163139;0.80246115;0.33724093;72.74312
0.043;0.014;15;14;24;0.8835207;0.79761904;0.8163139;0.80246115;0.33724093;72.74312
0.044;0.014;15;14;24;0.8835207;0.79761904;0.8163139;0.80246115;0.33724093;72.74312
0.045;0.014;15;14;24;0.8835207;0.79761904;0.8163139;0.80246115;0.33724093;72.74312
0.046;0.014;15;14;24;0.8835207;0.79761904;0.8163139;0.80246115;0.33724093;72.74312
0.047;0.014;15;14;24;0.8835207;0.79761904;0.8163139;0.80246115;0.33724093;72.74312
0.048;0.014;15;14;24;0.8835207;0.79761904;0.8163139;0.80246115;0.33724093;72.74312
0.049;0.014;15;14;24;0.8835207;0.79761904;0.8163139;0.80246115;0.33724093;72.74312
0.05;0.014;15;14;24;0.8835207;0.79761904;0.8163139;0.80246115;0.33724093;72.74312
0.051;0.014;15;14;24;0.8835207;0.79761904;0.8163139;0.80246115;0.33724093;72.74312
0.052;0.014;15;14;24;0.8835207;0.79761904;0.8163139;0.80246115;0.33724093;72.74312
0.023;0.015;15;12;21;0.8306748;0.75;0.8323661;0.82187265;0.3217495;71.13326
0.024;0.015;15;12;21;0.8306748;0.75;0.8323661;0.82187265;0.3217495;71.13326
0.025;0.015;15;12;21;0.8306748;0.75;0.8323661;0.82187265;0.3217495;71.13326
0.026;0.015;15;12;21;0.8306748;0.75;0.8323661;0.82187265;0.3217495;71.13326
0.027;0.015;15;12;21;0.8306748;0.75;0.8323661;0.82187265;0.3217495;71.13326
0.028;0.015;15;12;21;0.8306748;0.75;0.8323661;0.82187265;0.3217495;71.13326
0.029;0.015;15;12;21;0.8306748;0.75;0.8323661;0.82187265;0.3217495;71.13326
0.03;0.015;15;12;21;0.8306748;0.75;0.8323661;0.82187265;0.3217495;71.13326
0.031;0.015;15;12;21;0.8306748;0.75;0.8323661;0.82187265;0.3217495;71.13326
0.032;0.015;15;12;21;0.8306748;0.75;0.8323661;0.82187265;0.3217495;71.13326
0.033;0.015;15;12;21;0.8306748;0.75;0.8323661;0.82187265;0.3217495;71.13326
0.034;0.015;15;12;21;0.8306748;0.75;0.8323661;0.82187265;0.3217495;71.13326
0.035;0.015;15;12;21;0.8306748;0.75;0.8323661;0.82187265;0.3217495;71.13326
0.036;0.015;15;12;21;0.8306748;0.75;0.8323661;0.82187265;0.3217495;71.13326
0.037;0.015;15;12;21;0.8306748;0.75;0.8323661;0.82187265;0.3217495;71.13326
0.038;0.015;15;12;21;0.8306748;0.75;0.8323661;0.82187265;0.3217495;71.13326
0.039;0.015;15;12;21;0.8306748;0.75;0.8323661;0.82187265;0.3217495;71.13326
0.04;0.015;15;12;21;0.8306748;0.75;0.8323661;0.82187265;0.3217495;71.13326
0.041;0.015;15;12;21;0.8306748;0.75;0.8323661;0.82187265;0.3217495;71.13326
0.042;0.015;15;12;21;0.8306748;0.75;0.8323661;0.82187265;0.3217495;71.13326
0.043;0.015;15;12;21;0.8306748;0.75;0.8323661;0.82187265;0.3217495;71.13326
0.044;0.015;15;12;21;0.8306748;0.75;0.8323661;0.82187265;0.3217495;71.13326
0.045;0.015;15;12;21;0.8306748;0.75;0.8323661;0.82187265;0.3217495;71.13326
0.046;0.015;15;12;21;0.8306748;0.75;0.8323661;0.82187265;0.3217495;71.13326
0.047;0.015;15;12;21;0.8306748;0.75;0.8323661;0.82187265;0.3217495;71.13326
0.048;0.015;15;12;21;0.8306748;0.75;0.8323661;0.82187265;0.3217495;71.13326
0.049;0.015;15;12;21;0.8306748;0.75;0.8323661;0.82187265;0.3217495;71.13326
0.05;0.015;15;12;21;0.8306748;0.75;0.8323661;0.82187265;0.3217495;71.13326
0.051;0.015;15;12;21;0.8306748;0.75;0.8323661;0.82187265;0.3217495;71.13326
0.052;0.015;15;12;21;0.8306748;0.75;0.8323661;0.82187265;0.3217495;71.13326
0.023;0.016;15;12;17;0.8647302;0.8166666;0.8393953;0.7430034;0.32923827;71.86067
0.024;0.016;15;11;16;0.85271513;0.78787875;0.8456038;0.76304716;0.32062495;71.3974
0.025;0.016;15;11;16;0.85271513;0.78787875;0.8456038;0.76304716;0.32062495;71.3974
0.026;0.016;15;11;16;0.85271513;0.78787875;0.8456038;0.76304716;0.32062495;71.3974
0.027;0.016;15;11;16;0.85271513;0.78787875;0.8456038;0.76304716;0.32062495;71.3974
0.028;0.016;15;11;16;0.85271513;0.78787875;0.8456038;0.76304716;0.32062495;71.3974
0.029;0.016;15;11;16;0.85271513;0.78787875;0.8456038;0.76304716;0.32062495;71.3974
0.03;0.016;15;11;16;0.85271513;0.78787875;0.8456038;0.76304716;0.32062495;71.3974
0.031;0.016;15;11;16;0.85271513;0.78787875;0.8456038;0.76304716;0.32062495;71.3974
0.032;0.016;15;11;16;0.85271513;0.78787875;0.8456038;0.76304716;0.32062495;71.3974
0.033;0.016;15;11;16;0.85271513;0.78787875;0.8456038;0.76304716;0.32062495;71.3974
0.034;0.016;15;11;16;0.85271513;0.78787875;0.8456038;0.76304716;0.32062495;71.3974
0.035;0.016;15;11;16;0.85271513;0.78787875;0.8456038;0.76304716;0.32062495;71.3974
0.036;0.016;15;11;16;0.85271513;0.78787875;0.8456038;0.76304716;0.32062495;71.3974
0.037;0.016;15;11;16;0.85271513;0.78787875;0.8456038;0.76304716;0.32062495;71.3974
0.038;0.016;15;11;16;0.85271513;0.78787875;0.8456038;0.76304716;0.32062495;71.3974
0.039;0.016;15;11;16;0.85271513;0.78787875;0.8456038;0.76304716;0.32062495;71.3974
0.04;0.016;15;11;16;0.85271513;0.78787875;0.8456038;0.76304716;0.32062495;71.3974
0.041;0.016;15;11;16;0.85271513;0.78787875;0.8456038;0.76304716;0.32062495;71.3974
0.042;0.016;15;11;16;0.85271513;0.78787875;0.8456038;0.76304716;0.32062495;71.3974
0.043;0.016;15;11;16;0.85271513;0.78787875;0.8456038;0.76304716;0.32062495;71.3974
0.044;0.016;15;11;16;0.85271513;0.78787875;0.8456038;0.76304716;0.32062495;71.3974
0.045;0.016;15;11;16;0.85271513;0.78787875;0.8456038;0.76304716;0.32062495;71.3974
0.046;0.016;15;11;16;0.85271513;0.78787875;0.8456038;0.76304716;0.32062495;71.3974
0.047;0.016;15;11;16;0.85271513;0.78787875;0.8456038;0.76304716;0.32062495;71.3974
0.048;0.016;15;11;16;0.85271513;0.78787875;0.8456038;0.76304716;0.32062495;71.3974
0.049;0.016;15;11;16;0.85271513;0.78787875;0.8456038;0.76304716;0.32062495;71.3974
0.05;0.016;15;11;16;0.85271513;0.78787875;0.8456038;0.76304716;0.32062495;71.3974
0.051;0.016;15;11;16;0.85271513;0.78787875;0.8456038;0.76304716;0.32062495;71.3974
0.052;0.016;15;11;16;0.85271513;0.78787875;0.8456038;0.76304716;0.32062495;71.3974
0.023;0.017;15;12;17;0.8202928;0.8166666;0.82460725;0.67647195;0.3224914;69.2106
0.024;0.017;15;11;16;0.8068124;0.78787875;0.81908077;0.69988763;0.314212;68.55743
0.025;0.017;15;11;16;0.8068124;0.78787875;0.81908077;0.69988763;0.314212;68.55743
0.026;0.017;15;11;16;0.8068124;0.78787875;0.81908077;0.69988763;0.314212;68.55743
0.027;0.017;15;11;16;0.8068124;0.78787875;0.81908077;0.69988763;0.314212;68.55743
0.028;0.017;15;11;16;0.8068124;0.78787875;0.81908077;0.69988763;0.314212;68.55743
0.029;0.017;15;11;16;0.8068124;0.78787875;0.81908077;0.69988763;0.314212;68.55743
0.03;0.017;15;11;16;0.8068124;0.78787875;0.81908077;0.69988763;0.314212;68.55743
0.031;0.017;15;11;16;0.8068124;0.78787875;0.81908077;0.69988763;0.314212;68.55743
0.032;0.017;15;11;16;0.8068124;0.78787875;0.81908077;0.69988763;0.314212;68.55743
0.033;0.017;15;11;16;0.8068124;0.78787875;0.81908077;0.69988763;0.314212;68.55743
0.034;0.017;15;11;16;0.8068124;0.78787875;0.81908077;0.69988763;0.314212;68.55743
0.035;0.017;15;11;16;0.8068124;0.78787875;0.81908077;0.69988763;0.314212;68.55743
0.036;0.017;15;11;16;0.8068124;0.78787875;0.81908077;0.69988763;0.314212;68.55743
0.037;0.017;15;11;16;0.8068124;0.78787875;0.81908077;0.69988763;0.314212;68.55743
0.038;0.017;15;11;16;0.8068124;0.78787875;0.81908077;0.69988763;0.314212;68.55743
0.039;0.017;15;11;16;0.8068124;0.78787875;0.81908077;0.69988763;0.314212;68.55743
0.04;0.017;15;11;16;0.8068124;0.78787875;0.81908077;0.69988763;0.314212;68.55743
0.041;0.017;15;11;16;0.8068124;0.78787875;0.81908077;0.69988763;0.314212;68.55743
0.042;0.017;15;11;16;0.8068124;0.78787875;0.81908077;0.69988763;0.314212;68.55743
0.043;0.017;15;11;16;0.8068124;0.78787875;0.81908077;0.69988763;0.314212;68.55743
0.044;0.017;15;11;16;0.8068124;0.78787875;0.81908077;0.69988763;0.314212;68.55743
0.045;0.017;15;11;16;0.8068124;0.78787875;0.81908077;0.69988763;0.314212;68.55743
0.046;0.017;15;11;16;0.8068124;0.78787875;0.81908077;0.69988763;0.314212;68.55743
0.047;0.017;15;11;16;0.8068124;0.78787875;0.81908077;0.69988763;0.314212;68.55743
0.048;0.017;15;11;16;0.8068124;0.78787875;0.81908077;0.69988763;0.314212;68.55743
0.049;0.017;15;11;16;0.8068124;0.78787875;0.81908077;0.69988763;0.314212;68.55743
0.05;0.017;15;11;16;0.8068124;0.78787875;0.81908077;0.69988763;0.314212;68.55743
0.051;0.017;15;11;16;0.8068124;0.78787875;0.81908077;0.69988763;0.314212;68.55743
0.052;0.017;15;11;16;0.8068124;0.78787875;0.81908077;0.69988763;0.314212;68.55743
0.023;0.018;15;8;13;0.7350135;0.625;0.7886698;0.6409041;0.27901658;61.372078
0.024;0.018;15;8;13;0.7350135;0.625;0.7886698;0.6409041;0.27901658;61.372078
0.025;0.018;15;8;13;0.7350135;0.625;0.7886698;0.6409041;0.27901658;61.372078
0.026;0.018;15;8;13;0.7350135;0.625;0.7886698;0.6409041;0.27901658;61.372078
0.027;0.018;15;8;13;0.7350135;0.625;0.7886698;0.6409041;0.27901658;61.372078
0.028;0.018;15;8;13;0.7350135;0.625;0.7886698;0.6409041;0.27901658;61.372078
0.029;0.018;15;8;13;0.7350135;0.625;0.7886698;0.6409041;0.27901658;61.372078
0.03;0.018;15;8;13;0.7350135;0.625;0.7886698;0.6409041;0.27901658;61.372078
0.031;0.018;15;8;13;0.7350135;0.625;0.7886698;0.6409041;0.27901658;61.372078
0.032;0.018;15;8;13;0.7350135;0.625;0.7886698;0.6409041;0.27901658;61.372078
0.033;0.018;15;8;13;0.7350135;0.625;0.7886698;0.6409041;0.27901658;61.372078
0.034;0.018;15;8;13;0.7350135;0.625;0.7886698;0.6409041;0.27901658;61.372078
0.035;0.018;15;8;13;0.7350135;0.625;0.7886698;0.6409041;0.27901658;61.372078
0.036;0.018;15;8;13;0.7350135;0.625;0.7886698;0.6409041;0.27901658;61.372078
0.037;0.018;15;8;13;0.7350135;0.625;0.7886698;0.6409041;0.27901658;61.372078
0.038;0.018;15;8;13;0.7350135;0.625;0.7886698;0.6409041;0.27901658;61.372078
0.039;0.018;15;8;13;0.7350135;0.625;0.7886698;0.6409041;0.27901658;61.372078
0.04;0.018;15;8;13;0.7350135;0.625;0.7886698;0.6409041;0.27901658;61.372078
0.041;0.018;15;8;13;0.7350135;0.625;0.7886698;0.6409041;0.27901658;61.372078
0.042;0.018;15;8;13;0.7350135;0.625;0.7886698;0.6409041;0.27901658;61.372078
0.043;0.018;15;8;13;0.7350135;0.625;0.7886698;0.6409041;0.27901658;61.372078
0.044;0.018;15;8;13;0.7350135;0.625;0.7886698;0.6409041;0.27901658;61.372078
0.045;0.018;15;8;13;0.7350135;0.625;0.7886698;0.6409041;0.27901658;61.372078
0.046;0.018;15;8;13;0.7350135;0.625;0.7886698;0.6409041;0.27901658;61.372078
0.047;0.018;15;8;13;0.7350135;0.625;0.7886698;0.6409041;0.27901658;61.372078
0.048;0.018;15;8;13;0.7350135;0.625;0.7886698;0.6409041;0.27901658;61.372078
0.049;0.018;15;8;13;0.7350135;0.625;0.7886698;0.6409041;0.27901658;61.372078
0.05;0.018;15;8;13;0.7350135;0.625;0.7886698;0.6409041;0.27901658;61.372078
0.051;0.018;15;8;13;0.7350135;0.625;0.7886698;0.6409041;0.27901658;61.372078
0.052;0.018;15;8;13;0.7350135;0.625;0.7886698;0.6409041;0.27901658;61.372078
0.023;0.019;15;8;12;0.78234005;0.6666667;0.80703515;0.62062055;0.33168736;64.16699
0.024;0.019;15;8;12;0.78234005;0.6666667;0.80703515;0.62062055;0.33168736;64.16699
0.025;0.019;15;8;12;0.78234005;0.6666667;0.80703515;0.62062055;0.33168736;64.16699
0.026;0.019;15;8;12;0.78234005;0.6666667;0.80703515;0.62062055;0.33168736;64.16699
0.027;0.019;15;8;12;0.78234005;0.6666667;0.80703515;0.62062055;0.33168736;64.16699
0.028;0.019;15;8;12;0.78234005;0.6666667;0.80703515;0.62062055;0.33168736;64.16699
0.029;0.019;15;8;12;0.78234005;0.6666667;0.80703515;0.62062055;0.33168736;64.16699
0.03;0.019;15;8;12;0.78234005;0.6666667;0.80703515;0.62062055;0.33168736;64.16699
0.031;0.019;15;8;12;0.78234005;0.6666667;0.80703515;0.62062055;0.33168736;64.16699
0.032;0.019;15;8;12;0.78234005;0.6666667;0.80703515;0.62062055;0.33168736;64.16699
0.033;0.019;15;8;12;0.78234005;0.6666667;0.80703515;0.62062055;0.33168736;64.16699
0.034;0.019;15;8;12;0.78234005;0.6666667;0.80703515;0.62062055;0.33168736;64.16699
0.035;0.019;15;8;12;0.78234005;0.6666667;0.80703515;0.62062055;0.33168736;64.16699
0.036;0.019;15;8;12;0.78234005;0.6666667;0.80703515;0.62062055;0.33168736;64.16699
0.037;0.019;15;8;12;0.78234005;0.6666667;0.80703515;0.62062055;0.33168736;64.16699
0.038;0.019;15;8;12;0.78234005;0.6666667;0.80703515;0.62062055;0.33168736;64.16699
0.039;0.019;15;8;12;0.78234005;0.6666667;0.80703515;0.62062055;0.33168736;64.16699
0.04;0.019;15;8;12;0.78234005;0.6666667;0.80703515;0.62062055;0.33168736;64.16699
0.041;0.019;15;8;12;0.78234005;0.6666667;0.80703515;0.62062055;0.33168736;64.16699
0.042;0.019;15;8;12;0.78234005;0.6666667;0.80703515;0.62062055;0.33168736;64.16699
0.043;0.019;15;8;12;0.78234005;0.6666667;0.80703515;0.62062055;0.33168736;64.16699
0.044;0.019;15;8;12;0.78234005;0.6666667;0.80703515;0.62062055;0.33168736;64.16699
0.045;0.019;15;8;12;0.78234005;0.6666667;0.80703515;0.62062055;0.33168736;64.16699
0.046;0.019;15;8;12;0.78234005;0.6666667;0.80703515;0.62062055;0.33168736;64.16699
0.047;0.019;15;8;12;0.78234005;0.6666667;0.80703515;0.62062055;0.33168736;64.16699
0.048;0.019;15;8;12;0.78234005;0.6666667;0.80703515;0.62062055;0.33168736;64.16699
0.049;0.019;15;8;12;0.78234005;0.6666667;0.80703515;0.62062055;0.33168736;64.16699
0.05;0.019;15;8;12;0.78234005;0.6666667;0.80703515;0.62062055;0.33168736;64.16699
0.051;0.019;15;8;12;0.78234005;0.6666667;0.80703515;0.62062055;0.33168736;64.16699
0.052;0.019;15;8;12;0.78234005;0.6666667;0.80703515;0.62062055;0.33168736;64.16699
0.023;0.02;15;8;9;0.76961005;0.7916667;0.8784491;0.7685647;0.25793537;69.32452
0.024;0.02;15;8;9;0.76961005;0.7916667;0.8784491;0.7685647;0.25793537;69.32452
0.025;0.02;15;8;9;0.76961005;0.7916667;0.8784491;0.7685647;0.25793537;69.32452
0.026;0.02;15;8;9;0.76961005;0.7916667;0.8784491;0.7685647;0.25793537;69.32452
0.027;0.02;15;8;9;0.76961005;0.7916667;0.8784491;0.7685647;0.25793537;69.32452
0.028;0.02;15;8;9;0.76961005;0.7916667;0.8784491;0.7685647;0.25793537;69.32452
0.029;0.02;15;8;9;0.76961005;0.7916667;0.8784491;0.7685647;0.25793537;69.32452
0.03;0.02;15;8;9;0.76961005;0.7916667;0.8784491;0.7685647;0.25793537;69.32452
0.031;0.02;15;8;9;0.76961005;0.7916667;0.8784491;0.7685647;0.25793537;69.32452
0.032;0.02;15;8;9;0.76961005;0.7916667;0.8784491;0.7685647;0.25793537;69.32452
0.033;0.02;15;8;9;0.76961005;0.7916667;0.8784491;0.7685647;0.25793537;69.32452
0.034;0.02;15;8;9;0.76961005;0.7916667;0.8784491;0.7685647;0.25793537;69.32452
0.035;0.02;15;8;9;0.76961005;0.7916667;0.8784491;0.7685647;0.25793537;69.32452
0.036;0.02;15;8;9;0.76961005;0.7916667;0.8784491;0.7685647;0.25793537;69.32452
0.037;0.02;15;8;9;0.76961005;0.7916667;0.8784491;0.7685647;0.25793537;69.32452
0.038;0.02;15;8;9;0.76961005;0.7916667;0.8784491;0.7685647;0.25793537;69.32452
0.039;0.02;15;8;9;0.76961005;0.7916667;0.8784491;0.7685647;0.25793537;69.32452
0.04;0.02;15;8;9;0.76961005;0.7916667;0.8784491;0.7685647;0.25793537;69.32452
0.041;0.02;15;8;9;0.76961005;0.7916667;0.8784491;0.7685647;0.25793537;69.32452
0.042;0.02;15;8;9;0.76961005;0.7916667;0.8784491;0.7685647;0.25793537;69.32452
0.043;0.02;15;8;9;0.76961005;0.7916667;0.8784491;0.7685647;0.25793537;69.32452
0.044;0.02;15;8;9;0.76961005;0.7916667;0.8784491;0.7685647;0.25793537;69.32452
0.045;0.02;15;8;9;0.76961005;0.7916667;0.8784491;0.7685647;0.25793537;69.32452
0.046;0.02;15;8;9;0.76961005;0.7916667;0.8784491;0.7685647;0.25793537;69.32452
0.047;0.02;15;8;9;0.76961005;0.7916667;0.8784491;0.7685647;0.25793537;69.32452
0.048;0.02;15;8;9;0.76961005;0.7916667;0.8784491;0.7685647;0.25793537;69.32452
0.049;0.02;15;8;9;0.76961005;0.7916667;0.8784491;0.7685647;0.25793537;69.32452
0.05;0.02;15;8;9;0.76961005;0.7916667;0.8784491;0.7685647;0.25793537;69.32452
0.051;0.02;15;8;9;0.76961005;0.7916667;0.8784491;0.7685647;0.25793537;69.32452
0.052;0.02;15;8;9;0.76961005;0.7916667;0.8784491;0.7685647;0.25793537;69.32452
0.023;0.021;15;5;6;0.6208304;0.5333333;0.87066656;0.7015864;0.1902222;58.33278
0.024;0.021;15;5;6;0.6208304;0.5333333;0.87066656;0.7015864;0.1902222;58.33278
0.025;0.021;15;5;6;0.6208304;0.5333333;0.87066656;0.7015864;0.1902222;58.33278
0.026;0.021;15;5;6;0.6208304;0.5333333;0.87066656;0.7015864;0.1902222;58.33278
0.027;0.021;15;5;6;0.6208304;0.5333333;0.87066656;0.7015864;0.1902222;58.33278
0.028;0.021;15;5;6;0.6208304;0.5333333;0.87066656;0.7015864;0.1902222;58.33278
0.029;0.021;15;5;6;0.6208304;0.5333333;0.87066656;0.7015864;0.1902222;58.33278
0.03;0.021;15;5;6;0.6208304;0.5333333;0.87066656;0.7015864;0.1902222;58.33278
0.031;0.021;15;5;6;0.6208304;0.5333333;0.87066656;0.7015864;0.1902222;58.33278
0.032;0.021;15;5;6;0.6208304;0.5333333;0.87066656;0.7015864;0.1902222;58.33278
0.033;0.021;15;5;6;0.6208304;0.5333333;0.87066656;0.7015864;0.1902222;58.33278
0.034;0.021;15;5;6;0.6208304;0.5333333;0.87066656;0.7015864;0.1902222;58.33278
0.035;0.021;15;5;6;0.6208304;0.5333333;0.87066656;0.7015864;0.1902222;58.33278
0.036;0.021;15;5;6;0.6208304;0.5333333;0.87066656;0.7015864;0.1902222;58.33278
0.037;0.021;15;5;6;0.6208304;0.5333333;0.87066656;0.7015864;0.1902222;58.33278
0.038;0.021;15;5;6;0.6208304;0.5333333;0.87066656;0.7015864;0.1902222;58.33278
0.039;0.021;15;5;6;0.6208304;0.5333333;0.87066656;0.7015864;0.1902222;58.33278
0.04;0.021;15;5;6;0.6208304;0.5333333;0.87066656;0.7015864;0.1902222;58.33278
0.041;0.021;15;5;6;0.6208304;0.5333333;0.87066656;0.7015864;0.1902222;58.33278
0.042;0.021;15;5;6;0.6208304;0.5333333;0.87066656;0.7015864;0.1902222;58.33278
0.043;0.021;15;5;6;0.6208304;0.5333333;0.87066656;0.7015864;0.1902222;58.33278
0.044;0.021;15;5;6;0.6208304;0.5333333;0.87066656;0.7015864;0.1902222;58.33278
0.045;0.021;15;5;6;0.6208304;0.5333333;0.87066656;0.7015864;0.1902222;58.33278
0.046;0.021;15;5;6;0.6208304;0.5333333;0.87066656;0.7015864;0.1902222;58.33278
0.047;0.021;15;5;6;0.6208304;0.5333333;0.87066656;0.7015864;0.1902222;58.33278
0.048;0.021;15;5;6;0.6208304;0.5333333;0.87066656;0.7015864;0.1902222;58.33278
0.049;0.021;15;5;6;0.6208304;0.5333333;0.87066656;0.7015864;0.1902222;58.33278
0.05;0.021;15;5;6;0.6208304;0.5333333;0.87066656;0.7015864;0.1902222;58.33278
0.051;0.021;15;5;6;0.6208304;0.5333333;0.87066656;0.7015864;0.1902222;58.33278
0.052;0.021;15;5;6;0.6208304;0.5333333;0.87066656;0.7015864;0.1902222;58.33278
0.023;0.022;15;4;4;0.74183345;0.5;0.7770162;0.70269144;0.28930527;60.21693
0.024;0.022;15;4;4;0.75170183;0.5;0.7703271;0.66695327;0.27558511;59.291344
0.025;0.022;15;4;4;0.75170183;0.5;0.7703271;0.66695327;0.27558511;59.291344
0.026;0.022;15;4;4;0.75170183;0.5;0.7703271;0.66695327;0.27558511;59.291344
0.027;0.022;15;4;4;0.75170183;0.5;0.7703271;0.66695327;0.27558511;59.291344
0.028;0.022;15;4;4;0.75170183;0.5;0.7703271;0.66695327;0.27558511;59.291344
0.029;0.022;15;4;4;0.75170183;0.5;0.7703271;0.66695327;0.27558511;59.291344
0.03;0.022;15;4;4;0.75170183;0.5;0.7703271;0.66695327;0.27558511;59.291344
0.031;0.022;15;4;4;0.75170183;0.5;0.7703271;0.66695327;0.27558511;59.291344
0.032;0.022;15;4;4;0.75170183;0.5;0.7703271;0.66695327;0.27558511;59.291344
0.033;0.022;15;4;4;0.75170183;0.5;0.7703271;0.66695327;0.27558511;59.291344
0.034;0.022;15;4;4;0.75170183;0.5;0.7703271;0.66695327;0.27558511;59.291344
0.035;0.022;15;4;4;0.75170183;0.5;0.7703271;0.66695327;0.27558511;59.291344
0.036;0.022;15;4;4;0.75170183;0.5;0.7703271;0.66695327;0.27558511;59.291344
0.037;0.022;15;4;4;0.75170183;0.5;0.7703271;0.66695327;0.27558511;59.291344
0.038;0.022;15;4;4;0.75170183;0.5;0.7703271;0.66695327;0.27558511;59.291344
0.039;0.022;15;4;4;0.75170183;0.5;0.7703271;0.66695327;0.27558511;59.291344
0.04;0.022;15;4;4;0.75170183;0.5;0.7703271;0.66695327;0.27558511;59.291344
0.041;0.022;15;4;4;0.75170183;0.5;0.7703271;0.66695327;0.27558511;59.291344
0.042;0.022;15;4;4;0.75170183;0.5;0.7703271;0.66695327;0.27558511;59.291344
0.043;0.022;15;4;4;0.75170183;0.5;0.7703271;0.66695327;0.27558511;59.291344
0.044;0.022;15;4;4;0.75170183;0.5;0.7703271;0.66695327;0.27558511;59.291344
0.045;0.022;15;4;4;0.75170183;0.5;0.7703271;0.66695327;0.27558511;59.291344
0.046;0.022;15;4;4;0.75170183;0.5;0.7703271;0.66695327;0.27558511;59.291344
0.047;0.022;15;4;4;0.75170183;0.5;0.7703271;0.66695327;0.27558511;59.291344
0.048;0.022;15;4;4;0.75170183;0.5;0.7703271;0.66695327;0.27558511;59.291344
0.049;0.022;15;4;4;0.75170183;0.5;0.7703271;0.66695327;0.27558511;59.291344
0.05;0.022;15;4;4;0.75170183;0.5;0.7703271;0.66695327;0.27558511;59.291344
0.051;0.022;15;4;4;0.75170183;0.5;0.7703271;0.66695327;0.27558511;59.291344
0.052;0.022;15;4;4;0.75170183;0.5;0.7703271;0.66695327;0.27558511;59.291344
0.023;0.023;15;4;5;0.64229524;0.25;0.7852485;0.69802964;0.28089082;53.129284
0.024;0.023;15;4;4;0.60583687;0.5;0.7806837;0.70236295;0.278261;57.34289
0.025;0.023;15;4;4;0.60583687;0.5;0.7806837;0.70236295;0.278261;57.34289
0.026;0.023;15;4;4;0.60583687;0.5;0.7806837;0.70236295;0.278261;57.34289
0.027;0.023;15;4;4;0.60583687;0.5;0.7806837;0.70236295;0.278261;57.34289
0.028;0.023;15;4;4;0.60583687;0.5;0.7806837;0.70236295;0.278261;57.34289
0.029;0.023;15;4;4;0.60583687;0.5;0.7806837;0.70236295;0.278261;57.34289
0.03;0.023;15;4;4;0.60583687;0.5;0.7806837;0.70236295;0.278261;57.34289
0.031;0.023;15;4;4;0.60583687;0.5;0.7806837;0.70236295;0.278261;57.34289
0.032;0.023;15;4;4;0.60583687;0.5;0.7806837;0.70236295;0.278261;57.34289
0.033;0.023;15;4;4;0.60583687;0.5;0.7806837;0.70236295;0.278261;57.34289
0.034;0.023;15;4;4;0.60583687;0.5;0.7806837;0.70236295;0.278261;57.34289
0.035;0.023;15;4;4;0.60583687;0.5;0.7806837;0.70236295;0.278261;57.34289
0.036;0.023;15;4;4;0.60583687;0.5;0.7806837;0.70236295;0.278261;57.34289
0.037;0.023;15;4;4;0.60583687;0.5;0.7806837;0.70236295;0.278261;57.34289
0.038;0.023;15;4;4;0.60583687;0.5;0.7806837;0.70236295;0.278261;57.34289
0.039;0.023;15;4;4;0.60583687;0.5;0.7806837;0.70236295;0.278261;57.34289
0.04;0.023;15;4;4;0.60583687;0.5;0.7806837;0.70236295;0.278261;57.34289
0.041;0.023;15;4;4;0.60583687;0.5;0.7806837;0.70236295;0.278261;57.34289
0.042;0.023;15;4;4;0.60583687;0.5;0.7806837;0.70236295;0.278261;57.34289
0.043;0.023;15;4;4;0.60583687;0.5;0.7806837;0.70236295;0.278261;57.34289
0.044;0.023;15;4;4;0.60583687;0.5;0.7806837;0.70236295;0.278261;57.34289
0.045;0.023;15;4;4;0.60583687;0.5;0.7806837;0.70236295;0.278261;57.34289
0.046;0.023;15;4;4;0.60583687;0.5;0.7806837;0.70236295;0.278261;57.34289
0.047;0.023;15;4;4;0.60583687;0.5;0.7806837;0.70236295;0.278261;57.34289
0.048;0.023;15;4;4;0.60583687;0.5;0.7806837;0.70236295;0.278261;57.34289
0.049;0.023;15;4;4;0.60583687;0.5;0.7806837;0.70236295;0.278261;57.34289
0.05;0.023;15;4;4;0.60583687;0.5;0.7806837;0.70236295;0.278261;57.34289
0.051;0.023;15;4;4;0.60583687;0.5;0.7806837;0.70236295;0.278261;57.34289
0.052;0.023;15;4;4;0.60583687;0.5;0.7806837;0.70236295;0.278261;57.34289
0.023;0.024;15;3;3;0.5765599;0.0;0.8098655;0.7270037;0.23396397;46.94786
0.024;0.024;15;3;3;0.5765599;0.0;0.8098655;0.7270037;0.23396397;46.94786
0.025;0.024;15;3;3;0.5765599;0.0;0.8098655;0.7270037;0.23396397;46.94786
0.026;0.024;15;3;3;0.5765599;0.0;0.8098655;0.7270037;0.23396397;46.94786
0.027;0.024;15;3;3;0.5765599;0.0;0.8098655;0.7270037;0.23396397;46.94786
0.028;0.024;15;3;3;0.5765599;0.0;0.8098655;0.7270037;0.23396397;46.94786
0.029;0.024;15;3;3;0.5765599;0.0;0.8098655;0.7270037;0.23396397;46.94786
0.03;0.024;15;3;3;0.5765599;0.0;0.8098655;0.7270037;0.23396397;46.94786
0.031;0.024;15;3;3;0.5765599;0.0;0.8098655;0.7270037;0.23396397;46.94786
0.032;0.024;15;3;3;0.5765599;0.0;0.8098655;0.7270037;0.23396397;46.94786
0.033;0.024;15;3;3;0.5765599;0.0;0.8098655;0.7270037;0.23396397;46.94786
0.034;0.024;15;3;3;0.5765599;0.0;0.8098655;0.7270037;0.23396397;46.94786
0.035;0.024;15;3;3;0.5765599;0.0;0.8098655;0.7270037;0.23396397;46.94786
0.036;0.024;15;3;3;0.5765599;0.0;0.8098655;0.7270037;0.23396397;46.94786
0.037;0.024;15;3;3;0.5765599;0.0;0.8098655;0.7270037;0.23396397;46.94786
0.038;0.024;15;3;3;0.5765599;0.0;0.8098655;0.7270037;0.23396397;46.94786
0.039;0.024;15;3;3;0.5765599;0.0;0.8098655;0.7270037;0.23396397;46.94786
0.04;0.024;15;3;3;0.5765599;0.0;0.8098655;0.7270037;0.23396397;46.94786
0.041;0.024;15;3;3;0.5765599;0.0;0.8098655;0.7270037;0.23396397;46.94786
0.042;0.024;15;3;3;0.5765599;0.0;0.8098655;0.7270037;0.23396397;46.94786
0.043;0.024;15;3;3;0.5765599;0.0;0.8098655;0.7270037;0.23396397;46.94786
0.044;0.024;15;3;3;0.5765599;0.0;0.8098655;0.7270037;0.23396397;46.94786
0.045;0.024;15;3;3;0.5765599;0.0;0.8098655;0.7270037;0.23396397;46.94786
0.046;0.024;15;3;3;0.5765599;0.0;0.8098655;0.7270037;0.23396397;46.94786
0.047;0.024;15;3;3;0.5765599;0.0;0.8098655;0.7270037;0.23396397;46.94786
0.048;0.024;15;3;3;0.5765599;0.0;0.8098655;0.7270037;0.23396397;46.94786
0.049;0.024;15;3;3;0.5765599;0.0;0.8098655;0.7270037;0.23396397;46.94786
0.05;0.024;15;3;3;0.5765599;0.0;0.8098655;0.7270037;0.23396397;46.94786
0.051;0.024;15;3;3;0.5765599;0.0;0.8098655;0.7270037;0.23396397;46.94786
0.052;0.024;15;3;3;0.5765599;0.0;0.8098655;0.7270037;0.23396397;46.94786
0.023;0.025;15;3;2;0.39274478;0.6666666;0.8445865;0.57026136;0.21801198;53.845425
0.024;0.025;15;3;2;0.39274478;0.6666666;0.8445865;0.57026136;0.21801198;53.845425
0.025;0.025;15;3;2;0.39274478;0.6666666;0.8445865;0.57026136;0.21801198;53.845425
0.026;0.025;15;3;2;0.39274478;0.6666666;0.8445865;0.57026136;0.21801198;53.845425
0.027;0.025;15;3;2;0.39274478;0.6666666;0.8445865;0.57026136;0.21801198;53.845425
0.028;0.025;15;3;2;0.39274478;0.6666666;0.8445865;0.57026136;0.21801198;53.845425
0.029;0.025;15;3;2;0.39274478;0.6666666;0.8445865;0.57026136;0.21801198;53.845425
0.03;0.025;15;3;2;0.39274478;0.6666666;0.8445865;0.57026136;0.21801198;53.845425
0.031;0.025;15;3;2;0.39274478;0.6666666;0.8445865;0.57026136;0.21801198;53.845425
0.032;0.025;15;3;2;0.39274478;0.6666666;0.8445865;0.57026136;0.21801198;53.845425
0.033;0.025;15;3;2;0.39274478;0.6666666;0.8445865;0.57026136;0.21801198;53.845425
0.034;0.025;15;3;2;0.39274478;0.6666666;0.8445865;0.57026136;0.21801198;53.845425
0.035;0.025;15;3;2;0.39274478;0.6666666;0.8445865;0.57026136;0.21801198;53.845425
0.036;0.025;15;3;2;0.39274478;0.6666666;0.8445865;0.57026136;0.21801198;53.845425
0.037;0.025;15;3;2;0.39274478;0.6666666;0.8445865;0.57026136;0.21801198;53.845425
0.038;0.025;15;3;2;0.39274478;0.6666666;0.8445865;0.57026136;0.21801198;53.845425
0.039;0.025;15;3;2;0.39274478;0.6666666;0.8445865;0.57026136;0.21801198;53.845425
0.04;0.025;15;3;2;0.39274478;0.6666666;0.8445865;0.57026136;0.21801198;53.845425
0.041;0.025;15;3;2;0.39274478;0.6666666;0.8445865;0.57026136;0.21801198;53.845425
0.042;0.025;15;3;2;0.39274478;0.6666666;0.8445865;0.57026136;0.21801198;53.845425
0.043;0.025;15;3;2;0.39274478;0.6666666;0.8445865;0.57026136;0.21801198;53.845425
0.044;0.025;15;3;2;0.39274478;0.6666666;0.8445865;0.57026136;0.21801198;53.845425
0.045;0.025;15;3;2;0.39274478;0.6666666;0.8445865;0.57026136;0.21801198;53.845425
0.046;0.025;15;3;2;0.39274478;0.6666666;0.8445865;0.57026136;0.21801198;53.845425
0.047;0.025;15;3;2;0.39274478;0.6666666;0.8445865;0.57026136;0.21801198;53.845425
0.048;0.025;15;3;2;0.39274478;0.6666666;0.8445865;0.57026136;0.21801198;53.845425
0.049;0.025;15;3;2;0.39274478;0.6666666;0.8445865;0.57026136;0.21801198;53.845425
0.05;0.025;15;3;2;0.39274478;0.6666666;0.8445865;0.57026136;0.21801198;53.845425
0.051;0.025;15;3;2;0.39274478;0.6666666;0.8445865;0.57026136;0.21801198;53.845425
0.052;0.025;15;3;2;0.39274478;0.6666666;0.8445865;0.57026136;0.21801198;53.845425
0.023;0.026;15;2;1;0.40601695;NaN;0.98844457;0.44376722;0.01155542;NaN
0.024;0.026;15;2;1;0.40601695;NaN;0.98844457;0.44376722;0.01155542;NaN
0.025;0.026;15;2;1;0.40601695;NaN;0.98844457;0.44376722;0.01155542;NaN
0.026;0.026;15;2;1;0.40601695;NaN;0.98844457;0.44376722;0.01155542;NaN
0.027;0.026;15;2;1;0.40601695;NaN;0.98844457;0.44376722;0.01155542;NaN
0.028;0.026;15;2;1;0.40601695;NaN;0.98844457;0.44376722;0.01155542;NaN
0.029;0.026;15;2;1;0.40601695;NaN;0.98844457;0.44376722;0.01155542;NaN
0.03;0.026;15;2;1;0.40601695;NaN;0.98844457;0.44376722;0.01155542;NaN
0.031;0.026;15;2;1;0.40601695;NaN;0.98844457;0.44376722;0.01155542;NaN
0.032;0.026;15;2;1;0.40601695;NaN;0.98844457;0.44376722;0.01155542;NaN
0.033;0.026;15;2;1;0.40601695;NaN;0.98844457;0.44376722;0.01155542;NaN
0.034;0.026;15;2;1;0.40601695;NaN;0.98844457;0.44376722;0.01155542;NaN
0.035;0.026;15;2;1;0.40601695;NaN;0.98844457;0.44376722;0.01155542;NaN
0.036;0.026;15;2;1;0.40601695;NaN;0.98844457;0.44376722;0.01155542;NaN
0.037;0.026;15;2;1;0.40601695;NaN;0.98844457;0.44376722;0.01155542;NaN
0.038;0.026;15;2;1;0.40601695;NaN;0.98844457;0.44376722;0.01155542;NaN
0.039;0.026;15;2;1;0.40601695;NaN;0.98844457;0.44376722;0.01155542;NaN
0.04;0.026;15;2;1;0.40601695;NaN;0.98844457;0.44376722;0.01155542;NaN
0.041;0.026;15;2;1;0.40601695;NaN;0.98844457;0.44376722;0.01155542;NaN
0.042;0.026;15;2;1;0.40601695;NaN;0.98844457;0.44376722;0.01155542;NaN
0.043;0.026;15;2;1;0.40601695;NaN;0.98844457;0.44376722;0.01155542;NaN
0.044;0.026;15;2;1;0.40601695;NaN;0.98844457;0.44376722;0.01155542;NaN
0.045;0.026;15;2;1;0.40601695;NaN;0.98844457;0.44376722;0.01155542;NaN
0.046;0.026;15;2;1;0.40601695;NaN;0.98844457;0.44376722;0.01155542;NaN
0.047;0.026;15;2;1;0.40601695;NaN;0.98844457;0.44376722;0.01155542;NaN
0.048;0.026;15;2;1;0.40601695;NaN;0.98844457;0.44376722;0.01155542;NaN
0.049;0.026;15;2;1;0.40601695;NaN;0.98844457;0.44376722;0.01155542;NaN
0.05;0.026;15;2;1;0.40601695;NaN;0.98844457;0.44376722;0.01155542;NaN
0.051;0.026;15;2;1;0.40601695;NaN;0.98844457;0.44376722;0.01155542;NaN
0.052;0.026;15;2;1;0.40601695;NaN;0.98844457;0.44376722;0.01155542;NaN
0.023;0.027;15;1;0;0.6419598;-0.0;1.0;0.5474267;1.3174556E-8;43.787727
0.024;0.027;15;1;0;0.6419598;-0.0;1.0;0.5474267;1.3174556E-8;43.787727
0.025;0.027;15;1;0;0.6419598;-0.0;1.0;0.5474267;1.3174556E-8;43.787727
0.026;0.027;15;1;0;0.6419598;-0.0;1.0;0.5474267;1.3174556E-8;43.787727
0.027;0.027;15;1;0;0.6419598;-0.0;1.0;0.5474267;1.3174556E-8;43.787727
0.028;0.027;15;1;0;0.6419598;-0.0;1.0;0.5474267;1.3174556E-8;43.787727
0.029;0.027;15;1;0;0.6419598;-0.0;1.0;0.5474267;1.3174556E-8;43.787727
0.03;0.027;15;1;0;0.6419598;-0.0;1.0;0.5474267;1.3174556E-8;43.787727
0.031;0.027;15;1;0;0.6419598;-0.0;1.0;0.5474267;1.3174556E-8;43.787727
0.032;0.027;15;1;0;0.6419598;-0.0;1.0;0.5474267;1.3174556E-8;43.787727
0.033;0.027;15;1;0;0.6419598;-0.0;1.0;0.5474267;1.3174556E-8;43.787727
0.034;0.027;15;1;0;0.6419598;-0.0;1.0;0.5474267;1.3174556E-8;43.787727
0.035;0.027;15;1;0;0.6419598;-0.0;1.0;0.5474267;1.3174556E-8;43.787727
0.036;0.027;15;1;0;0.6419598;-0.0;1.0;0.5474267;1.3174556E-8;43.787727
0.037;0.027;15;1;0;0.6419598;-0.0;1.0;0.5474267;1.3174556E-8;43.787727
0.038;0.027;15;1;0;0.6419598;-0.0;1.0;0.5474267;1.3174556E-8;43.787727
0.039;0.027;15;1;0;0.6419598;-0.0;1.0;0.5474267;1.3174556E-8;43.787727
0.04;0.027;15;1;0;0.6419598;-0.0;1.0;0.5474267;1.3174556E-8;43.787727
0.041;0.027;15;1;0;0.6419598;-0.0;1.0;0.5474267;1.3174556E-8;43.787727
0.042;0.027;15;1;0;0.6419598;-0.0;1.0;0.5474267;1.3174556E-8;43.787727
0.043;0.027;15;1;0;0.6419598;-0.0;1.0;0.5474267;1.3174556E-8;43.787727
0.044;0.027;15;1;0;0.6419598;-0.0;1.0;0.5474267;1.3174556E-8;43.787727
0.045;0.027;15;1;0;0.6419598;-0.0;1.0;0.5474267;1.3174556E-8;43.787727
0.046;0.027;15;1;0;0.6419598;-0.0;1.0;0.5474267;1.3174556E-8;43.787727
0.047;0.027;15;1;0;0.6419598;-0.0;1.0;0.5474267;1.3174556E-8;43.787727
0.048;0.027;15;1;0;0.6419598;-0.0;1.0;0.5474267;1.3174556E-8;43.787727
0.049;0.027;15;1;0;0.6419598;-0.0;1.0;0.5474267;1.3174556E-8;43.787727
0.05;0.027;15;1;0;0.6419598;-0.0;1.0;0.5474267;1.3174556E-8;43.787727
0.051;0.027;15;1;0;0.6419598;-0.0;1.0;0.5474267;1.3174556E-8;43.787727
0.052;0.027;15;1;0;0.6419598;-0.0;1.0;0.5474267;1.3174556E-8;43.787727
0.023;0.028;15;1;0;0.6419598;-0.0;1.0;0.5474267;1.3174556E-8;43.787727
0.024;0.028;15;1;0;0.6419598;-0.0;1.0;0.5474267;1.3174556E-8;43.787727
0.025;0.028;15;1;0;0.6419598;-0.0;1.0;0.5474267;1.3174556E-8;43.787727
0.026;0.028;15;1;0;0.6419598;-0.0;1.0;0.5474267;1.3174556E-8;43.787727
0.027;0.028;15;1;0;0.6419598;-0.0;1.0;0.5474267;1.3174556E-8;43.787727
0.028;0.028;15;1;0;0.6419598;-0.0;1.0;0.5474267;1.3174556E-8;43.787727
0.029;0.028;15;1;0;0.6419598;-0.0;1.0;0.5474267;1.3174556E-8;43.787727
0.03;0.028;15;1;0;0.6419598;-0.0;1.0;0.5474267;1.3174556E-8;43.787727
0.031;0.028;15;1;0;0.6419598;-0.0;1.0;0.5474267;1.3174556E-8;43.787727
0.032;0.028;15;1;0;0.6419598;-0.0;1.0;0.5474267;1.3174556E-8;43.787727
0.033;0.028;15;1;0;0.6419598;-0.0;1.0;0.5474267;1.3174556E-8;43.787727
0.034;0.028;15;1;0;0.6419598;-0.0;1.0;0.5474267;1.3174556E-8;43.787727
0.035;0.028;15;1;0;0.6419598;-0.0;1.0;0.5474267;1.3174556E-8;43.787727
0.036;0.028;15;1;0;0.6419598;-0.0;1.0;0.5474267;1.3174556E-8;43.787727
0.037;0.028;15;1;0;0.6419598;-0.0;1.0;0.5474267;1.3174556E-8;43.787727
0.038;0.028;15;1;0;0.6419598;-0.0;1.0;0.5474267;1.3174556E-8;43.787727
0.039;0.028;15;1;0;0.6419598;-0.0;1.0;0.5474267;1.3174556E-8;43.787727
0.04;0.028;15;1;0;0.6419598;-0.0;1.0;0.5474267;1.3174556E-8;43.787727
0.041;0.028;15;1;0;0.6419598;-0.0;1.0;0.5474267;1.3174556E-8;43.787727
0.042;0.028;15;1;0;0.6419598;-0.0;1.0;0.5474267;1.3174556E-8;43.787727
0.043;0.028;15;1;0;0.6419598;-0.0;1.0;0.5474267;1.3174556E-8;43.787727
0.044;0.028;15;1;0;0.6419598;-0.0;1.0;0.5474267;1.3174556E-8;43.787727
0.045;0.028;15;1;0;0.6419598;-0.0;1.0;0.5474267;1.3174556E-8;43.787727
0.046;0.028;15;1;0;0.6419598;-0.0;1.0;0.5474267;1.3174556E-8;43.787727
0.047;0.028;15;1;0;0.6419598;-0.0;1.0;0.5474267;1.3174556E-8;43.787727
0.048;0.028;15;1;0;0.6419598;-0.0;1.0;0.5474267;1.3174556E-8;43.787727
0.049;0.028;15;1;0;0.6419598;-0.0;1.0;0.5474267;1.3174556E-8;43.787727
0.05;0.028;15;1;0;0.6419598;-0.0;1.0;0.5474267;1.3174556E-8;43.787727
0.051;0.028;15;1;0;0.6419598;-0.0;1.0;0.5474267;1.3174556E-8;43.787727
0.052;0.028;15;1;0;0.6419598;-0.0;1.0;0.5474267;1.3174556E-8;43.787727
0.023;0.029;15;1;0;0.6419598;-0.0;1.0;0.5474267;1.3174556E-8;43.787727
0.024;0.029;15;1;0;0.6419598;-0.0;1.0;0.5474267;1.3174556E-8;43.787727
0.025;0.029;15;1;0;0.6419598;-0.0;1.0;0.5474267;1.3174556E-8;43.787727
0.026;0.029;15;1;0;0.6419598;-0.0;1.0;0.5474267;1.3174556E-8;43.787727
0.027;0.029;15;1;0;0.6419598;-0.0;1.0;0.5474267;1.3174556E-8;43.787727
0.028;0.029;15;1;0;0.6419598;-0.0;1.0;0.5474267;1.3174556E-8;43.787727
0.029;0.029;15;1;0;0.6419598;-0.0;1.0;0.5474267;1.3174556E-8;43.787727
0.03;0.029;15;1;0;0.6419598;-0.0;1.0;0.5474267;1.3174556E-8;43.787727
0.031;0.029;15;1;0;0.6419598;-0.0;1.0;0.5474267;1.3174556E-8;43.787727
0.032;0.029;15;1;0;0.6419598;-0.0;1.0;0.5474267;1.3174556E-8;43.787727
0.033;0.029;15;1;0;0.6419598;-0.0;1.0;0.5474267;1.3174556E-8;43.787727
0.034;0.029;15;1;0;0.6419598;-0.0;1.0;0.5474267;1.3174556E-8;43.787727
0.035;0.029;15;1;0;0.6419598;-0.0;1.0;0.5474267;1.3174556E-8;43.787727
0.036;0.029;15;1;0;0.6419598;-0.0;1.0;0.5474267;1.3174556E-8;43.787727
0.037;0.029;15;1;0;0.6419598;-0.0;1.0;0.5474267;1.3174556E-8;43.787727
0.038;0.029;15;1;0;0.6419598;-0.0;1.0;0.5474267;1.3174556E-8;43.787727
0.039;0.029;15;1;0;0.6419598;-0.0;1.0;0.5474267;1.3174556E-8;43.787727
0.04;0.029;15;1;0;0.6419598;-0.0;1.0;0.5474267;1.3174556E-8;43.787727
0.041;0.029;15;1;0;0.6419598;-0.0;1.0;0.5474267;1.3174556E-8;43.787727
0.042;0.029;15;1;0;0.6419598;-0.0;1.0;0.5474267;1.3174556E-8;43.787727
0.043;0.029;15;1;0;0.6419598;-0.0;1.0;0.5474267;1.3174556E-8;43.787727
0.044;0.029;15;1;0;0.6419598;-0.0;1.0;0.5474267;1.3174556E-8;43.787727
0.045;0.029;15;1;0;0.6419598;-0.0;1.0;0.5474267;1.3174556E-8;43.787727
0.046;0.029;15;1;0;0.6419598;-0.0;1.0;0.5474267;1.3174556E-8;43.787727
0.047;0.029;15;1;0;0.6419598;-0.0;1.0;0.5474267;1.3174556E-8;43.787727
0.048;0.029;15;1;0;0.6419598;-0.0;1.0;0.5474267;1.3174556E-8;43.787727
0.049;0.029;15;1;0;0.6419598;-0.0;1.0;0.5474267;1.3174556E-8;43.787727
0.05;0.029;15;1;0;0.6419598;-0.0;1.0;0.5474267;1.3174556E-8;43.787727
0.051;0.029;15;1;0;0.6419598;-0.0;1.0;0.5474267;1.3174556E-8;43.787727
0.052;0.029;15;1;0;0.6419598;-0.0;1.0;0.5474267;1.3174556E-8;43.787727
0.023;0.03;15;1;0;0.6419598;-0.0;1.0;0.5474267;1.3174556E-8;43.787727
0.024;0.03;15;1;0;0.6419598;-0.0;1.0;0.5474267;1.3174556E-8;43.787727
0.025;0.03;15;1;0;0.6419598;-0.0;1.0;0.5474267;1.3174556E-8;43.787727
0.026;0.03;15;1;0;0.6419598;-0.0;1.0;0.5474267;1.3174556E-8;43.787727
0.027;0.03;15;1;0;0.6419598;-0.0;1.0;0.5474267;1.3174556E-8;43.787727
0.028;0.03;15;1;0;0.6419598;-0.0;1.0;0.5474267;1.3174556E-8;43.787727
0.029;0.03;15;1;0;0.6419598;-0.0;1.0;0.5474267;1.3174556E-8;43.787727
0.03;0.03;15;1;0;0.6419598;-0.0;1.0;0.5474267;1.3174556E-8;43.787727
0.031;0.03;15;1;0;0.6419598;-0.0;1.0;0.5474267;1.3174556E-8;43.787727
0.032;0.03;15;1;0;0.6419598;-0.0;1.0;0.5474267;1.3174556E-8;43.787727
0.033;0.03;15;1;0;0.6419598;-0.0;1.0;0.5474267;1.3174556E-8;43.787727
0.034;0.03;15;1;0;0.6419598;-0.0;1.0;0.5474267;1.3174556E-8;43.787727
0.035;0.03;15;1;0;0.6419598;-0.0;1.0;0.5474267;1.3174556E-8;43.787727
0.036;0.03;15;1;0;0.6419598;-0.0;1.0;0.5474267;1.3174556E-8;43.787727
0.037;0.03;15;1;0;0.6419598;-0.0;1.0;0.5474267;1.3174556E-8;43.787727
0.038;0.03;15;1;0;0.6419598;-0.0;1.0;0.5474267;1.3174556E-8;43.787727
0.039;0.03;15;1;0;0.6419598;-0.0;1.0;0.5474267;1.3174556E-8;43.787727
0.04;0.03;15;1;0;0.6419598;-0.0;1.0;0.5474267;1.3174556E-8;43.787727
0.041;0.03;15;1;0;0.6419598;-0.0;1.0;0.5474267;1.3174556E-8;43.787727
0.042;0.03;15;1;0;0.6419598;-0.0;1.0;0.5474267;1.3174556E-8;43.787727
0.043;0.03;15;1;0;0.6419598;-0.0;1.0;0.5474267;1.3174556E-8;43.787727
0.044;0.03;15;1;0;0.6419598;-0.0;1.0;0.5474267;1.3174556E-8;43.787727
0.045;0.03;15;1;0;0.6419598;-0.0;1.0;0.5474267;1.3174556E-8;43.787727
0.046;0.03;15;1;0;0.6419598;-0.0;1.0;0.5474267;1.3174556E-8;43.787727
0.047;0.03;15;1;0;0.6419598;-0.0;1.0;0.5474267;1.3174556E-8;43.787727
0.048;0.03;15;1;0;0.6419598;-0.0;1.0;0.5474267;1.3174556E-8;43.787727
0.049;0.03;15;1;0;0.6419598;-0.0;1.0;0.5474267;1.3174556E-8;43.787727
0.05;0.03;15;1;0;0.6419598;-0.0;1.0;0.5474267;1.3174556E-8;43.787727
0.051;0.03;15;1;0;0.6419598;-0.0;1.0;0.5474267;1.3174556E-8;43.787727
0.052;0.03;15;1;0;0.6419598;-0.0;1.0;0.5474267;1.3174556E-8;43.787727
0.023;0.031;15;1;0;0.6419598;-0.0;1.0;0.5474267;1.3174556E-8;43.787727
0.024;0.031;15;1;0;0.6419598;-0.0;1.0;0.5474267;1.3174556E-8;43.787727
0.025;0.031;15;1;0;0.6419598;-0.0;1.0;0.5474267;1.3174556E-8;43.787727
0.026;0.031;15;1;0;0.6419598;-0.0;1.0;0.5474267;1.3174556E-8;43.787727
0.027;0.031;15;1;0;0.6419598;-0.0;1.0;0.5474267;1.3174556E-8;43.787727
0.028;0.031;15;1;0;0.6419598;-0.0;1.0;0.5474267;1.3174556E-8;43.787727
0.029;0.031;15;1;0;0.6419598;-0.0;1.0;0.5474267;1.3174556E-8;43.787727
0.03;0.031;15;1;0;0.6419598;-0.0;1.0;0.5474267;1.3174556E-8;43.787727
0.031;0.031;15;1;0;0.6419598;-0.0;1.0;0.5474267;1.3174556E-8;43.787727
0.032;0.031;15;1;0;0.6419598;-0.0;1.0;0.5474267;1.3174556E-8;43.787727
0.033;0.031;15;1;0;0.6419598;-0.0;1.0;0.5474267;1.3174556E-8;43.787727
0.034;0.031;15;1;0;0.6419598;-0.0;1.0;0.5474267;1.3174556E-8;43.787727
0.035;0.031;15;1;0;0.6419598;-0.0;1.0;0.5474267;1.3174556E-8;43.787727
0.036;0.031;15;1;0;0.6419598;-0.0;1.0;0.5474267;1.3174556E-8;43.787727
0.037;0.031;15;1;0;0.6419598;-0.0;1.0;0.5474267;1.3174556E-8;43.787727
0.038;0.031;15;1;0;0.6419598;-0.0;1.0;0.5474267;1.3174556E-8;43.787727
0.039;0.031;15;1;0;0.6419598;-0.0;1.0;0.5474267;1.3174556E-8;43.787727
0.04;0.031;15;1;0;0.6419598;-0.0;1.0;0.5474267;1.3174556E-8;43.787727
0.041;0.031;15;1;0;0.6419598;-0.0;1.0;0.5474267;1.3174556E-8;43.787727
0.042;0.031;15;1;0;0.6419598;-0.0;1.0;0.5474267;1.3174556E-8;43.787727
0.043;0.031;15;1;0;0.6419598;-0.0;1.0;0.5474267;1.3174556E-8;43.787727
0.044;0.031;15;1;0;0.6419598;-0.0;1.0;0.5474267;1.3174556E-8;43.787727
0.045;0.031;15;1;0;0.6419598;-0.0;1.0;0.5474267;1.3174556E-8;43.787727
0.046;0.031;15;1;0;0.6419598;-0.0;1.0;0.5474267;1.3174556E-8;43.787727
0.047;0.031;15;1;0;0.6419598;-0.0;1.0;0.5474267;1.3174556E-8;43.787727
0.048;0.031;15;1;0;0.6419598;-0.0;1.0;0.5474267;1.3174556E-8;43.787727
