0.001;0.01;15;74;73;0.9578172;0.98648655;0.96713996;0.97000337;0.3708119;85.04517
0.002;0.01;15;74;73;0.9578172;0.98648655;0.96713996;0.97000337;0.3708119;85.04517
0.003;0.01;15;67;72;0.9479826;0.9823192;0.95863897;0.9635126;0.37371188;84.5233
0.004;0.01;15;61;72;0.94944733;0.976938;0.9326744;0.9479295;0.3804185;83.74815
0.005;0.01;15;53;73;0.91746664;0.9655938;0.89759165;0.90566945;0.38728824;81.4722
0.006;0.01;15;49;73;0.91552943;0.95788103;0.88975036;0.9039062;0.38407093;81.02276
0.007;0.01;15;46;70;0.9200185;0.95355725;0.881283;0.89071506;0.38362995;80.58407
0.008;0.01;15;37;64;0.8965188;0.92972976;0.84772235;0.8693966;0.38004416;78.46823
0.009;0.01;15;31;59;0.8456171;0.90322584;0.8482858;0.81776637;0.35176957;75.3333
0.01;0.01;15;30;58;0.7924993;0.8976191;0.8431978;0.81336707;0.3524784;73.98324
0.011;0.01;15;28;55;0.77740866;0.8873626;0.8404201;0.78551346;0.35477895;72.90968
0.012;0.01;15;28;58;0.7937;0.8791209;0.84942824;0.8012229;0.32966754;73.06279
0.013;0.01;15;28;58;0.7937;0.8791209;0.84942824;0.8012229;0.32966754;73.06279
0.014;0.01;15;28;56;0.8316774;0.88461536;0.8273268;0.7859042;0.36238983;73.838264
0.015;0.01;15;28;57;0.82957655;0.8818681;0.82346845;0.77411056;0.36238798;73.42824
0.016;0.01;15;28;57;0.82957655;0.8818681;0.82346845;0.77411056;0.36238798;73.42824
0.017;0.01;15;28;57;0.82957655;0.8818681;0.82346845;0.77411056;0.36238798;73.42824
0.018;0.01;15;28;57;0.82957655;0.8818681;0.82346845;0.77411056;0.36238798;73.42824
0.019;0.01;15;28;57;0.82957655;0.8818681;0.82346845;0.77411056;0.36238798;73.42824
0.02;0.01;15;28;58;0.8363793;0.8791209;0.8144589;0.75791085;0.36231548;73.00371
0.021;0.01;15;28;58;0.8363793;0.8791209;0.8144589;0.75791085;0.36231548;73.00371
0.022;0.01;15;28;58;0.8363793;0.8791209;0.8144589;0.75791085;0.36231548;73.00371
0.023;0.01;15;28;58;0.8363793;0.8791209;0.8144589;0.75791085;0.36231548;73.00371
0.024;0.01;15;28;58;0.8363793;0.8791209;0.8144589;0.75791085;0.36231548;73.00371
0.025;0.01;15;28;58;0.8363793;0.8791209;0.8144589;0.75791085;0.36231548;73.00371
0.026;0.01;15;28;58;0.8363793;0.8791209;0.8144589;0.75791085;0.36231548;73.00371
0.027;0.01;15;28;58;0.8363793;0.8791209;0.8144589;0.75791085;0.36231548;73.00371
0.028;0.01;15;28;58;0.8363793;0.8791209;0.8144589;0.75791085;0.36231548;73.00371
0.029;0.01;15;28;58;0.8363793;0.8791209;0.8144589;0.75791085;0.36231548;73.00371
0.03;0.01;15;28;58;0.8363793;0.8791209;0.8144589;0.75791085;0.36231548;73.00371
0.001;0.011;15;59;58;0.94698596;0.9830508;0.9592678;0.96173084;0.37079772;84.43667
0.002;0.011;15;59;58;0.94698596;0.9830508;0.9592678;0.96173084;0.37079772;84.43667
0.003;0.011;15;56;58;0.9327823;0.98015875;0.949316;0.9555172;0.36958617;83.74721
0.004;0.011;15;51;59;0.93124187;0.9731893;0.9283035;0.9364751;0.37138286;82.81185
0.005;0.011;15;47;58;0.9168795;0.9673759;0.89423;0.9258275;0.37594822;81.60522
0.006;0.011;15;40;51;0.9092244;0.9592106;0.884491;0.9273302;0.38663414;81.33781
0.007;0.011;15;38;49;0.9250623;0.9561403;0.85882276;0.91260153;0.38354036;80.72334
0.008;0.011;15;34;50;0.90114814;0.9393382;0.8617134;0.89041245;0.381399;79.480225
0.009;0.011;15;33;52;0.9089476;0.9305963;0.83668417;0.8552545;0.3734364;78.09837
0.01;0.011;15;27;47;0.8717896;0.90074074;0.855794;0.86642766;0.33855477;76.66614
0.011;0.011;15;26;50;0.8679119;0.8814102;0.8616817;0.84353614;0.31404442;75.3717
0.012;0.011;15;25;50;0.8701632;0.8695652;0.849131;0.8494407;0.30773634;74.92072
0.013;0.011;15;24;47;0.9014552;0.86742425;0.84144264;0.8384493;0.30797377;75.1349
0.014;0.011;15;24;47;0.9014552;0.86742425;0.84144264;0.8384493;0.30797377;75.1349
0.015;0.011;15;24;47;0.9014552;0.86742425;0.84144264;0.8384493;0.30797377;75.1349
0.016;0.011;15;24;47;0.9012012;0.86742425;0.8380636;0.8385879;0.30797377;75.06501
0.017;0.011;15;24;45;0.8981103;0.875;0.8430682;0.83779395;0.30747017;75.22885
0.018;0.011;15;24;45;0.8981103;0.875;0.8430682;0.83779395;0.30747017;75.22885
0.019;0.011;15;24;45;0.8981103;0.875;0.8430682;0.83779395;0.30747017;75.22885
0.02;0.011;15;24;45;0.8981103;0.875;0.8430682;0.83779395;0.30747017;75.22885
0.021;0.011;15;24;45;0.8981103;0.875;0.8430682;0.83779395;0.30747017;75.22885
0.022;0.011;15;24;45;0.8981103;0.875;0.8430682;0.83779395;0.30747017;75.22885
0.023;0.011;15;24;45;0.8981103;0.875;0.8430682;0.83779395;0.30747017;75.22885
0.024;0.011;15;24;45;0.8981103;0.875;0.8430682;0.83779395;0.30747017;75.22885
0.025;0.011;15;24;45;0.8981103;0.875;0.8430682;0.83779395;0.30747017;75.22885
0.026;0.011;15;24;45;0.8981103;0.875;0.8430682;0.83779395;0.30747017;75.22885
0.027;0.011;15;24;45;0.8981103;0.875;0.8430682;0.83779395;0.30747017;75.22885
0.028;0.011;15;24;45;0.8981103;0.875;0.8430682;0.83779395;0.30747017;75.22885
0.029;0.011;15;24;45;0.8981103;0.875;0.8430682;0.83779395;0.30747017;75.22885
0.03;0.011;15;24;45;0.8981103;0.875;0.8430682;0.83779395;0.30747017;75.22885
0.001;0.012;15;45;44;0.9216894;0.9777778;0.9478342;0.9505428;0.3760075;83.47703
0.002;0.012;15;45;44;0.9216894;0.9777778;0.9478342;0.9505428;0.3760075;83.47703
0.003;0.012;15;42;45;0.9031088;0.9714286;0.93335986;0.9406285;0.37283945;82.4273
0.004;0.012;15;42;45;0.9031088;0.9714286;0.93335986;0.9406285;0.37283945;82.4273
0.005;0.012;15;39;46;0.8975898;0.96327096;0.9038678;0.92470616;0.37953502;81.379395
0.006;0.012;15;34;45;0.8845886;0.94852936;0.8723596;0.897417;0.37227073;79.5033
0.007;0.012;15;36;50;0.93114096;0.9477124;0.8398605;0.9028489;0.36549878;79.741234
0.008;0.012;15;32;44;0.93743926;0.94166666;0.8679833;0.90818673;0.36887217;80.482956
0.009;0.012;15;28;42;0.904908;0.9230769;0.8682706;0.91050047;0.3517249;79.16962
0.01;0.012;15;26;41;0.9035578;0.9102564;0.85684323;0.9024336;0.3551833;78.56549
0.011;0.012;15;24;41;0.8854847;0.89015156;0.83885705;0.828718;0.3509297;75.88282
0.012;0.012;15;23;42;0.88069654;0.873706;0.8207615;0.798644;0.3486052;74.44827
0.013;0.012;15;21;39;0.907946;0.8571428;0.8068555;0.78550625;0.35257635;74.20054
0.014;0.012;15;21;39;0.907946;0.8571428;0.8068555;0.78550625;0.35257635;74.20054
0.015;0.012;15;21;39;0.907946;0.8571428;0.8068555;0.78550625;0.35257635;74.20054
0.016;0.012;15;21;39;0.907946;0.8571428;0.8068555;0.78550625;0.35257635;74.20054
0.017;0.012;15;21;38;0.87391484;0.8621553;0.80709285;0.7829831;0.35074627;73.53784
0.018;0.012;15;22;39;0.809757;0.8727273;0.82359844;0.8319387;0.34115928;73.58362
0.019;0.012;15;22;39;0.809757;0.8727273;0.82359844;0.8319387;0.34115928;73.58362
0.02;0.012;15;22;39;0.81076705;0.8727273;0.81730115;0.8237733;0.34106454;73.31267
0.021;0.012;15;22;39;0.81076705;0.8727273;0.81730115;0.8237733;0.34106454;73.31267
0.022;0.012;15;22;39;0.81076705;0.8727273;0.81730115;0.8237733;0.34106454;73.31267
0.023;0.012;15;22;39;0.81076705;0.8727273;0.81730115;0.8237733;0.34106454;73.31267
0.024;0.012;15;22;39;0.81076705;0.8727273;0.81730115;0.8237733;0.34106454;73.31267
0.025;0.012;15;22;39;0.81076705;0.8727273;0.81730115;0.8237733;0.34106454;73.31267
0.026;0.012;15;22;39;0.81076705;0.8727273;0.81730115;0.8237733;0.34106454;73.31267
0.027;0.012;15;22;39;0.81076705;0.8727273;0.81730115;0.8237733;0.34106454;73.31267
0.028;0.012;15;22;39;0.81076705;0.8727273;0.81730115;0.8237733;0.34106454;73.31267
0.029;0.012;15;22;39;0.81076705;0.8727273;0.81730115;0.8237733;0.34106454;73.31267
0.03;0.012;15;22;39;0.81076705;0.8727273;0.81730115;0.8237733;0.34106454;73.31267
0.001;0.013;15;39;38;0.9096416;0.9743589;0.9405039;0.94229025;0.38292086;82.99431
0.002;0.013;15;39;38;0.9096416;0.9743589;0.9405039;0.94229025;0.38292086;82.99431
0.003;0.013;15;37;40;0.8875584;0.9667953;0.92771536;0.9322376;0.37784103;81.84296
0.004;0.013;15;37;40;0.8875584;0.9667953;0.92771536;0.9322376;0.37784103;81.84296
0.005;0.013;15;35;41;0.8840299;0.9593074;0.89882624;0.91818756;0.38272142;80.86144
0.006;0.013;15;30;38;0.8748781;0.9452381;0.8757601;0.8835452;0.3745902;79.08023
0.007;0.013;15;30;40;0.8902931;0.94047624;0.8721057;0.9129452;0.36843264;79.68506
0.008;0.013;15;25;35;0.8992868;0.92173916;0.8710251;0.86620003;0.3356911;77.878845
0.009;0.013;15;22;37;0.90279865;0.8818182;0.8745967;0.8507318;0.33391038;76.87711
0.01;0.013;15;21;37;0.913665;0.86716783;0.8686477;0.8505819;0.33516613;76.704575
0.011;0.013;15;20;38;0.897772;0.8444445;0.8497296;0.7650845;0.3296723;73.734055
0.012;0.013;15;19;36;0.8923829;0.83591324;0.8305867;0.75736344;0.33292925;72.98351
0.013;0.013;15;20;37;0.87510645;0.85;0.79648155;0.7558945;0.3679916;72.909485
0.014;0.013;15;19;35;0.8734702;0.84210527;0.80012524;0.7429155;0.36879614;72.54825
0.015;0.013;15;19;35;0.8734702;0.84210527;0.80012524;0.7429155;0.36879614;72.54825
0.016;0.013;15;19;35;0.8734702;0.84210527;0.80012524;0.7429155;0.36879614;72.54825
0.017;0.013;15;19;34;0.84765637;0.8482972;0.79829186;0.7492985;0.36745065;72.219894
0.018;0.013;15;19;34;0.8467077;0.8482972;0.79864013;0.74932116;0.3674091;72.20751
0.019;0.013;15;19;34;0.8467077;0.8482972;0.79864013;0.74932116;0.3674091;72.20751
0.02;0.013;15;19;36;0.84874177;0.83591324;0.794768;0.73659575;0.36712518;71.66288
0.021;0.013;15;19;36;0.84874177;0.83591324;0.794768;0.73659575;0.36712518;71.66288
0.022;0.013;15;19;36;0.84874177;0.83591324;0.794768;0.73659575;0.36712518;71.66288
0.023;0.013;15;19;36;0.84874177;0.83591324;0.794768;0.73659575;0.36712518;71.66288
0.024;0.013;15;19;36;0.84874177;0.83591324;0.794768;0.73659575;0.36712518;71.66288
0.025;0.013;15;19;36;0.84874177;0.83591324;0.794768;0.73659575;0.36712518;71.66288
0.026;0.013;15;19;36;0.84874177;0.83591324;0.794768;0.73659575;0.36712518;71.66288
0.027;0.013;15;19;36;0.84874177;0.83591324;0.794768;0.73659575;0.36712518;71.66288
0.028;0.013;15;19;36;0.84874177;0.83591324;0.794768;0.73659575;0.36712518;71.66288
0.029;0.013;15;19;36;0.84874177;0.83591324;0.794768;0.73659575;0.36712518;71.66288
0.03;0.013;15;19;36;0.84874177;0.83591324;0.794768;0.73659575;0.36712518;71.66288
0.001;0.014;15;33;32;0.92405903;0.96969706;0.9326442;0.9321647;0.3725633;82.62257
0.002;0.014;15;33;32;0.92405903;0.96969706;0.9326442;0.9321647;0.3725633;82.62257
0.003;0.014;15;31;32;0.9191596;0.96329254;0.92834467;0.93114424;0.3795588;82.43
0.004;0.014;15;31;32;0.9191596;0.96329254;0.92834467;0.93114424;0.3795588;82.43
0.005;0.014;15;29;32;0.9113355;0.95530015;0.90064865;0.88617617;0.37737912;80.6168
0.006;0.014;15;27;31;0.9044707;0.9481482;0.8872684;0.8771253;0.3825847;79.99195
0.007;0.014;15;23;28;0.934647;0.93167704;0.880192;0.86380047;0.3829228;79.864784
0.008;0.014;15;20;31;0.88868624;0.8833334;0.81607443;0.806011;0.36341575;75.15042
0.009;0.014;15;19;31;0.8740557;0.8668731;0.8119545;0.777219;0.35716397;73.74532
0.01;0.014;15;19;31;0.8740557;0.8668731;0.8119545;0.777219;0.35716397;73.74532
0.011;0.014;15;19;31;0.8740557;0.8668731;0.8119545;0.777219;0.35716397;73.74532
0.012;0.014;15;17;29;0.8619668;0.8392156;0.8136135;0.8264525;0.3535472;73.89591
0.013;0.014;15;17;28;0.8611863;0.8470587;0.8126012;0.8263609;0.3535472;74.01509
0.014;0.014;15;16;26;0.87094325;0.83928573;0.79007155;0.8178064;0.35387674;73.43968
0.015;0.014;15;16;25;0.88836277;0.84821427;0.82964873;0.82379884;0.33293283;74.459145
0.016;0.014;15;15;24;0.85344756;0.8307692;0.8123947;0.8111052;0.3320914;72.79616
0.017;0.014;15;14;22;0.87748206;0.82142854;0.82306796;0.82446516;0.3373972;73.67682
0.018;0.014;15;14;22;0.87748206;0.82142854;0.82306796;0.82446516;0.3373972;73.67682
0.019;0.014;15;14;22;0.87748206;0.82142854;0.82306796;0.82446516;0.3373972;73.67682
0.02;0.014;15;14;24;0.8835207;0.79761904;0.8163139;0.80246115;0.33724093;72.74312
0.021;0.014;15;14;24;0.8835207;0.79761904;0.8163139;0.80246115;0.33724093;72.74312
0.022;0.014;15;14;24;0.8835207;0.79761904;0.8163139;0.80246115;0.33724093;72.74312
0.023;0.014;15;14;24;0.8835207;0.79761904;0.8163139;0.80246115;0.33724093;72.74312
0.024;0.014;15;14;24;0.8835207;0.79761904;0.8163139;0.80246115;0.33724093;72.74312
0.025;0.014;15;14;24;0.8835207;0.79761904;0.8163139;0.80246115;0.33724093;72.74312
0.026;0.014;15;14;24;0.8835207;0.79761904;0.8163139;0.80246115;0.33724093;72.74312
0.027;0.014;15;14;24;0.8835207;0.79761904;0.8163139;0.80246115;0.33724093;72.74312
0.028;0.014;15;14;24;0.8835207;0.79761904;0.8163139;0.80246115;0.33724093;72.74312
0.029;0.014;15;14;24;0.8835207;0.79761904;0.8163139;0.80246115;0.33724093;72.74312
0.03;0.014;15;14;24;0.8835207;0.79761904;0.8163139;0.80246115;0.33724093;72.74312
0.001;0.015;15;29;28;0.92673576;0.9655173;0.92679906;0.9249422;0.3824272;82.52843
0.002;0.015;15;29;28;0.92673576;0.9655173;0.92679906;0.9249422;0.3824272;82.52843
0.003;0.015;15;28;28;0.9241191;0.96153843;0.92193085;0.921946;0.38752508;82.34119
0.004;0.015;15;26;27;0.91828215;0.9551282;0.9181412;0.9320642;0.39353797;82.34307
0.005;0.015;15;24;27;0.90875494;0.9431818;0.90507996;0.90195477;0.3915175;81.00978
0.006;0.015;15;23;26;0.9047878;0.9399586;0.90192103;0.8984278;0.39166334;80.73517
0.007;0.015;15;22;25;0.9084382;0.9363636;0.8997369;0.9011701;0.398491;80.88399
0.008;0.015;15;18;25;0.86880946;0.88888884;0.808163;0.8385416;0.38583896;75.80484
0.009;0.015;15;16;23;0.8553403;0.8660714;0.80444443;0.816547;0.36870843;74.22223
0.01;0.015;15;16;23;0.8553403;0.8660714;0.80444443;0.816547;0.36870843;74.22223
0.011;0.015;15;15;22;0.8372575;0.851282;0.80484086;0.8113491;0.35647678;73.22412
0.012;0.015;15;15;22;0.8372575;0.851282;0.80484086;0.8113491;0.35647678;73.22412
0.013;0.015;15;15;22;0.8372575;0.851282;0.80484086;0.8113491;0.35647678;73.22412
0.014;0.015;15;15;23;0.84459174;0.8410256;0.7957777;0.8340516;0.35653907;73.43971
0.015;0.015;15;15;24;0.84747493;0.8307692;0.79416376;0.8342375;0.35425773;73.218056
0.016;0.015;15;14;23;0.82324964;0.8095238;0.78485084;0.84304273;0.35267243;72.26679
0.017;0.015;15;12;21;0.8199632;0.75;0.8412239;0.84528625;0.3228204;71.58588
0.018;0.015;15;12;21;0.8272096;0.75;0.84366953;0.840923;0.3216419;71.66888
0.019;0.015;15;12;20;0.8269459;0.7666667;0.8362524;0.8411044;0.3217495;71.85438
0.02;0.015;15;12;21;0.8306748;0.75;0.8323661;0.82187265;0.3217495;71.13326
0.021;0.015;15;12;21;0.8306748;0.75;0.8323661;0.82187265;0.3217495;71.13326
0.022;0.015;15;12;21;0.8306748;0.75;0.8323661;0.82187265;0.3217495;71.13326
0.023;0.015;15;12;21;0.8306748;0.75;0.8323661;0.82187265;0.3217495;71.13326
0.024;0.015;15;12;21;0.8306748;0.75;0.8323661;0.82187265;0.3217495;71.13326
0.025;0.015;15;12;21;0.8306748;0.75;0.8323661;0.82187265;0.3217495;71.13326
0.026;0.015;15;12;21;0.8306748;0.75;0.8323661;0.82187265;0.3217495;71.13326
0.027;0.015;15;12;21;0.8306748;0.75;0.8323661;0.82187265;0.3217495;71.13326
0.028;0.015;15;12;21;0.8306748;0.75;0.8323661;0.82187265;0.3217495;71.13326
0.029;0.015;15;12;21;0.8306748;0.75;0.8323661;0.82187265;0.3217495;71.13326
0.03;0.015;15;12;21;0.8306748;0.75;0.8323661;0.82187265;0.3217495;71.13326
0.001;0.016;15;24;23;0.9048979;0.95833325;0.9114436;0.9115149;0.3800587;81.32497
0.002;0.016;15;24;23;0.9048979;0.95833325;0.9114436;0.9115149;0.3800587;81.32497
0.003;0.016;15;23;23;0.90076303;0.95238096;0.9055291;0.90728354;0.3872803;81.06474
0.004;0.016;15;22;23;0.8962523;0.9454545;0.90441763;0.9218129;0.39140803;81.18691
0.005;0.016;15;20;22;0.8942406;0.9333333;0.88659257;0.84836197;0.37719855;78.79453
0.006;0.016;15;20;22;0.8942406;0.9333333;0.88659257;0.84836197;0.37719855;78.79453
0.007;0.016;15;19;21;0.89288193;0.92879254;0.8837647;0.843795;0.38377714;78.660225
0.008;0.016;15;18;22;0.8753276;0.9097222;0.8189591;0.80131614;0.37081328;75.522766
0.009;0.016;15;16;20;0.889687;0.89285713;0.8190074;0.8070999;0.38478842;75.8688
0.01;0.016;15;16;20;0.889687;0.89285713;0.8190074;0.8070999;0.38478842;75.8688
0.011;0.016;15;16;20;0.889687;0.89285713;0.8190074;0.8070999;0.38478842;75.8688
0.012;0.016;15;15;20;0.8744382;0.8717948;0.8139455;0.80157703;0.3718463;74.672035
0.013;0.016;15;15;20;0.8744382;0.8717948;0.8139455;0.80157703;0.3718463;74.672035
0.014;0.016;15;15;20;0.8744382;0.8717948;0.8139455;0.80157703;0.3718463;74.672035
0.015;0.016;15;15;20;0.87620014;0.8717948;0.8022809;0.7990602;0.36858132;74.35835
0.016;0.016;15;13;20;0.83584315;0.81118876;0.80825543;0.8265029;0.34212446;72.478294
0.017;0.016;15;12;20;0.8777546;0.7666666;0.83935654;0.7940976;0.3296723;72.150955
0.018;0.016;15;12;20;0.8777546;0.7666666;0.83935654;0.7940976;0.3296723;72.150955
0.019;0.016;15;12;18;0.86953413;0.8;0.837471;0.78423184;0.3292563;72.40987
0.02;0.016;15;12;17;0.8647302;0.8166666;0.8393953;0.7430034;0.32923827;71.86067
0.021;0.016;15;12;17;0.8647302;0.8166666;0.8393953;0.7430034;0.32923827;71.86067
0.022;0.016;15;12;17;0.8647302;0.8166666;0.8393953;0.7430034;0.32923827;71.86067
0.023;0.016;15;12;17;0.8647302;0.8166666;0.8393953;0.7430034;0.32923827;71.86067
0.024;0.016;15;11;16;0.85271513;0.78787875;0.8456038;0.76304716;0.32062495;71.3974
0.025;0.016;15;11;16;0.85271513;0.78787875;0.8456038;0.76304716;0.32062495;71.3974
0.026;0.016;15;11;16;0.85271513;0.78787875;0.8456038;0.76304716;0.32062495;71.3974
0.027;0.016;15;11;16;0.85271513;0.78787875;0.8456038;0.76304716;0.32062495;71.3974
0.028;0.016;15;11;16;0.85271513;0.78787875;0.8456038;0.76304716;0.32062495;71.3974
0.029;0.016;15;11;16;0.85271513;0.78787875;0.8456038;0.76304716;0.32062495;71.3974
0.03;0.016;15;11;16;0.85271513;0.78787875;0.8456038;0.76304716;0.32062495;71.3974
0.001;0.017;15;21;20;0.9026484;0.95238096;0.90486676;0.90379673;0.38023606;80.87858
0.002;0.017;15;21;20;0.9026484;0.95238096;0.90486676;0.90379673;0.38023606;80.87858
0.003;0.017;15;20;20;0.90172106;0.9444444;0.8827474;0.8950084;0.38522828;80.18299
0.004;0.017;15;20;21;0.889573;0.93888885;0.8847452;0.91033226;0.3866889;80.20457
0.005;0.017;15;20;21;0.889573;0.93888885;0.8847452;0.91033226;0.3866889;80.20457
0.006;0.017;15;20;21;0.889573;0.93888885;0.8847452;0.91033226;0.3866889;80.20457
0.007;0.017;15;18;19;0.8820173;0.9305555;0.87775666;0.8962331;0.38542107;79.43967
0.008;0.017;15;18;20;0.86724937;0.9236111;0.8380427;0.8579949;0.37730253;77.28401
0.009;0.017;15;17;19;0.85944057;0.91764706;0.8197274;0.84766775;0.37494674;76.38859
0.01;0.017;15;15;17;0.87964344;0.9025641;0.86391646;0.8768357;0.38246492;78.10849
0.011;0.017;15;15;17;0.87964344;0.9025641;0.86391646;0.8768357;0.38246492;78.10849
0.012;0.017;15;15;17;0.87988806;0.9025641;0.84987015;0.8446413;0.38178796;77.17503
0.013;0.017;15;14;16;0.8613629;0.89285713;0.8214378;0.81308883;0.36996818;75.17429
0.014;0.017;15;13;16;0.85043156;0.8671329;0.84194386;0.78504926;0.3694002;74.27916
0.015;0.017;15;13;16;0.84691274;0.8671329;0.82609975;0.7781637;0.3621092;73.60837
0.016;0.017;15;13;18;0.81450576;0.83916074;0.7865062;0.72846526;0.3423608;70.21997
0.017;0.017;15;12;18;0.8256663;0.8;0.8337866;0.73208195;0.32295585;70.28982
0.018;0.017;15;12;18;0.8256663;0.8;0.8337866;0.73208195;0.32295585;70.28982
0.019;0.017;15;12;17;0.8202928;0.8166666;0.82460725;0.67647195;0.3224914;69.2106
0.02;0.017;15;12;17;0.8202928;0.8166666;0.82460725;0.67647195;0.3224914;69.2106
0.021;0.017;15;12;17;0.8202928;0.8166666;0.82460725;0.67647195;0.3224914;69.2106
0.022;0.017;15;12;17;0.8202928;0.8166666;0.82460725;0.67647195;0.3224914;69.2106
0.023;0.017;15;12;17;0.8202928;0.8166666;0.82460725;0.67647195;0.3224914;69.2106
0.024;0.017;15;11;16;0.8068124;0.78787875;0.81908077;0.69988763;0.314212;68.55743
0.025;0.017;15;11;16;0.8068124;0.78787875;0.81908077;0.69988763;0.314212;68.55743
0.026;0.017;15;11;16;0.8068124;0.78787875;0.81908077;0.69988763;0.314212;68.55743
0.027;0.017;15;11;16;0.8068124;0.78787875;0.81908077;0.69988763;0.314212;68.55743
0.028;0.017;15;11;16;0.8068124;0.78787875;0.81908077;0.69988763;0.314212;68.55743
0.029;0.017;15;11;16;0.8068124;0.78787875;0.81908077;0.69988763;0.314212;68.55743
0.03;0.017;15;11;16;0.8068124;0.78787875;0.81908077;0.69988763;0.314212;68.55743
0.001;0.018;15;17;16;0.8734331;0.9411765;0.88857144;0.8923022;0.3453394;78.81645
0.002;0.018;15;17;16;0.8734331;0.9411765;0.88857144;0.8923022;0.3453394;78.81645
0.003;0.018;15;16;16;0.86619616;0.9285714;0.8578615;0.88094985;0.34386295;77.54884
0.004;0.018;15;16;17;0.85101104;0.91964287;0.8617583;0.9000946;0.34606883;77.57152
0.005;0.018;15;16;17;0.85101104;0.91964287;0.8617583;0.9000946;0.34606883;77.57152
0.006;0.018;15;16;17;0.85101104;0.91964287;0.8617583;0.9000946;0.34606883;77.57152
0.007;0.018;15;16;17;0.85101104;0.91964287;0.8617583;0.9000946;0.34606883;77.57152
0.008;0.018;15;16;17;0.85101104;0.91964287;0.8617583;0.9000946;0.34606883;77.57152
0.009;0.018;15;15;16;0.85995764;0.9128205;0.8467174;0.84668463;0.33396477;76.00291
0.01;0.018;15;14;16;0.8522124;0.89285713;0.8530685;0.8873763;0.33868995;76.484085
0.011;0.018;15;13;15;0.77223706;0.88111883;0.8463166;0.85209644;0.31995425;73.43446
0.012;0.018;15;13;15;0.77223706;0.88111883;0.8463166;0.85209644;0.31995425;73.43446
0.013;0.018;15;13;15;0.77223706;0.88111883;0.8463166;0.85209644;0.31995425;73.43446
0.014;0.018;15;12;14;0.74586433;0.8666667;0.8503955;0.7705484;0.30138567;70.69721
0.015;0.018;15;11;14;0.79742384;0.8282828;0.85294145;0.76831263;0.30442867;71.02779
0.016;0.018;15;11;14;0.79742384;0.8282828;0.85294145;0.76831263;0.30442867;71.02779
0.017;0.018;15;10;13;0.80850184;0.79999995;0.8202355;0.7755011;0.30587173;70.202194
0.018;0.018;15;10;14;0.8065232;0.775;0.8118092;0.7503999;0.30587065;68.99206
0.019;0.018;15;9;13;0.7868421;0.7301587;0.81035197;0.68761617;0.31509766;66.60133
0.02;0.018;15;9;13;0.7868421;0.7301587;0.81035197;0.68761617;0.31509766;66.60133
0.021;0.018;15;9;13;0.7868421;0.7301587;0.81035197;0.68761617;0.31509766;66.60133
0.022;0.018;15;9;13;0.7975948;0.7301587;0.7857315;0.6882511;0.31509766;66.33668
0.023;0.018;15;8;13;0.7350135;0.625;0.7886698;0.6409041;0.27901658;61.372078
0.024;0.018;15;8;13;0.7350135;0.625;0.7886698;0.6409041;0.27901658;61.372078
0.025;0.018;15;8;13;0.7350135;0.625;0.7886698;0.6409041;0.27901658;61.372078
0.026;0.018;15;8;13;0.7350135;0.625;0.7886698;0.6409041;0.27901658;61.372078
0.027;0.018;15;8;13;0.7350135;0.625;0.7886698;0.6409041;0.27901658;61.372078
0.028;0.018;15;8;13;0.7350135;0.625;0.7886698;0.6409041;0.27901658;61.372078
0.029;0.018;15;8;13;0.7350135;0.625;0.7886698;0.6409041;0.27901658;61.372078
0.03;0.018;15;8;13;0.7350135;0.625;0.7886698;0.6409041;0.27901658;61.372078
0.001;0.019;15;13;12;0.8408736;0.92307687;0.8713527;0.85717785;0.35476837;76.944984
0.002;0.019;15;13;12;0.8408736;0.92307687;0.8713527;0.85717785;0.35476837;76.944984
0.003;0.019;15;13;12;0.8408736;0.92307687;0.8713527;0.85717785;0.35476837;76.944984
0.004;0.019;15;13;12;0.8408736;0.92307687;0.8713527;0.85717785;0.35476837;76.944984
0.005;0.019;15;13;12;0.8408736;0.92307687;0.8713527;0.85717785;0.35476837;76.944984
0.006;0.019;15;13;12;0.8408736;0.92307687;0.8713527;0.85717785;0.35476837;76.944984
0.007;0.019;15;13;12;0.8408736;0.92307687;0.8713527;0.85717785;0.35476837;76.944984
0.008;0.019;15;9;11;0.85714996;0.79365075;0.8508766;0.8206387;0.37021926;73.85071
0.009;0.019;15;8;10;0.8409154;0.75;0.8443433;0.7950624;0.3609904;71.82623
0.01;0.019;15;8;10;0.8409154;0.75;0.8443433;0.7950624;0.3609904;71.82623
0.011;0.019;15;8;10;0.8409154;0.75;0.8443433;0.7950624;0.3609904;71.82623
0.012;0.019;15;8;10;0.8409154;0.75;0.8443433;0.7950624;0.3609904;71.82623
0.013;0.019;15;8;10;0.8409154;0.75;0.8443433;0.7950624;0.3609904;71.82623
0.014;0.019;15;8;10;0.8409154;0.75;0.8443433;0.7950624;0.3609904;71.82623
0.015;0.019;15;8;10;0.8409154;0.75;0.8443433;0.7950624;0.3609904;71.82623
0.016;0.019;15;8;10;0.8409154;0.75;0.8443433;0.7950624;0.3609904;71.82623
0.017;0.019;15;8;10;0.8430323;0.75;0.81597054;0.733234;0.3609904;70.064545
0.018;0.019;15;8;10;0.8430323;0.75;0.81597054;0.733234;0.3609904;70.064545
0.019;0.019;15;8;12;0.7828441;0.6666667;0.8312865;0.6195261;0.33168736;64.64021
0.02;0.019;15;8;12;0.7828441;0.6666667;0.8312865;0.6195261;0.33168736;64.64021
0.021;0.019;15;8;12;0.7828441;0.6666667;0.8312865;0.6195261;0.33168736;64.64021
0.022;0.019;15;8;12;0.78234005;0.6666667;0.80703515;0.62062055;0.33168736;64.16699
0.023;0.019;15;8;12;0.78234005;0.6666667;0.80703515;0.62062055;0.33168736;64.16699
0.024;0.019;15;8;12;0.78234005;0.6666667;0.80703515;0.62062055;0.33168736;64.16699
0.025;0.019;15;8;12;0.78234005;0.6666667;0.80703515;0.62062055;0.33168736;64.16699
0.026;0.019;15;8;12;0.78234005;0.6666667;0.80703515;0.62062055;0.33168736;64.16699
0.027;0.019;15;8;12;0.78234005;0.6666667;0.80703515;0.62062055;0.33168736;64.16699
0.028;0.019;15;8;12;0.78234005;0.6666667;0.80703515;0.62062055;0.33168736;64.16699
0.029;0.019;15;8;12;0.78234005;0.6666667;0.80703515;0.62062055;0.33168736;64.16699
0.03;0.019;15;8;12;0.78234005;0.6666667;0.80703515;0.62062055;0.33168736;64.16699
0.001;0.02;15;13;12;0.8187846;0.92307687;0.874653;0.862368;0.34964633;76.57057
0.002;0.02;15;13;12;0.8187846;0.92307687;0.874653;0.862368;0.34964633;76.57057
0.003;0.02;15;13;12;0.8187846;0.92307687;0.874653;0.862368;0.34964633;76.57057
0.004;0.02;15;13;12;0.8187846;0.92307687;0.874653;0.862368;0.34964633;76.57057
0.005;0.02;15;13;12;0.8187846;0.92307687;0.874653;0.862368;0.34964633;76.57057
0.006;0.02;15;13;13;0.8281555;0.90909094;0.8416437;0.8557712;0.35325027;75.758224
0.007;0.02;15;13;13;0.8281555;0.90909094;0.8416437;0.8557712;0.35325027;75.758224
0.008;0.02;15;12;13;0.82404244;0.8833334;0.83854294;0.8635512;0.36418727;75.473145
0.009;0.02;15;11;12;0.81048524;0.8686869;0.82971066;0.84771293;0.3527785;74.187485
0.01;0.02;15;11;12;0.81048524;0.8686869;0.82971066;0.84771293;0.3527785;74.187485
0.011;0.02;15;10;12;0.83483344;0.825;0.8310064;0.8424394;0.3500351;73.66629
0.012;0.02;15;10;12;0.83483344;0.825;0.8310064;0.8424394;0.3500351;73.66629
0.013;0.02;15;10;12;0.83483344;0.825;0.8310064;0.8424394;0.3500351;73.66629
0.014;0.02;15;8;10;0.74706936;0.75;0.8755525;0.8075053;0.2676872;68.95628
0.015;0.02;15;8;10;0.74706936;0.75;0.8755525;0.8075053;0.2676872;68.95628
0.016;0.02;15;8;10;0.74706936;0.75;0.8755525;0.8075053;0.2676872;68.95628
0.017;0.02;15;8;10;0.7504321;0.75;0.8651526;0.80776876;0.2676872;68.82081
0.018;0.02;15;8;10;0.7504321;0.75;0.8651526;0.80776876;0.2676872;68.82081
0.019;0.02;15;8;10;0.7519946;0.75;0.8573057;0.76843745;0.26604596;67.87567
0.02;0.02;15;8;10;0.7698153;0.75;0.86859995;0.7686565;0.25793537;68.30014
0.021;0.02;15;8;10;0.7698153;0.75;0.86859995;0.7686565;0.25793537;68.30014
0.022;0.02;15;8;9;0.76961005;0.7916667;0.8784491;0.7685647;0.25793537;69.32452
0.023;0.02;15;8;9;0.76961005;0.7916667;0.8784491;0.7685647;0.25793537;69.32452
0.024;0.02;15;8;9;0.76961005;0.7916667;0.8784491;0.7685647;0.25793537;69.32452
0.025;0.02;15;8;9;0.76961005;0.7916667;0.8784491;0.7685647;0.25793537;69.32452
0.026;0.02;15;8;9;0.76961005;0.7916667;0.8784491;0.7685647;0.25793537;69.32452
0.027;0.02;15;8;9;0.76961005;0.7916667;0.8784491;0.7685647;0.25793537;69.32452
0.028;0.02;15;8;9;0.76961005;0.7916667;0.8784491;0.7685647;0.25793537;69.32452
0.029;0.02;15;8;9;0.76961005;0.7916667;0.8784491;0.7685647;0.25793537;69.32452
0.03;0.02;15;8;9;0.76961005;0.7916667;0.8784491;0.7685647;0.25793537;69.32452
0.001;0.021;15;12;11;0.74986356;0.9166667;0.8679308;0.8442314;0.3424003;74.42186
0.002;0.021;15;12;11;0.74986356;0.9166667;0.8679308;0.8442314;0.3424003;74.42186
0.003;0.021;15;12;11;0.74986356;0.9166667;0.8679308;0.8442314;0.3424003;74.42186
0.004;0.021;15;12;11;0.74986356;0.9166667;0.8679308;0.8442314;0.3424003;74.42186
0.005;0.021;15;12;11;0.74986356;0.9166667;0.8679308;0.8442314;0.3424003;74.42186
0.006;0.021;15;11;11;0.7805211;0.8888889;0.8250987;0.8232579;0.3431428;73.218185
0.007;0.021;15;11;11;0.7805211;0.8888889;0.8250987;0.8232579;0.3431428;73.218185
0.008;0.021;15;11;11;0.7805211;0.8888889;0.8250987;0.8232579;0.3431428;73.218185
0.009;0.021;15;11;11;0.7805211;0.8888889;0.8250987;0.8232579;0.3431428;73.218185
0.01;0.021;15;11;11;0.7805211;0.8888889;0.8250987;0.8232579;0.3431428;73.218185
0.011;0.021;15;10;11;0.8102032;0.84999996;0.83262473;0.8121948;0.34895372;73.07953
0.012;0.021;15;9;10;0.79252833;0.82539684;0.8203256;0.7875203;0.34265792;71.36858
0.013;0.021;15;9;10;0.79252833;0.82539684;0.8203256;0.7875203;0.34265792;71.36858
0.014;0.021;15;8;10;0.8467946;0.75;0.8165321;0.8455359;0.29554495;71.08815
0.015;0.021;15;7;8;0.8017988;0.7428571;0.8457968;0.7897725;0.2743637;69.09178
0.016;0.021;15;7;8;0.8017988;0.7428571;0.8457968;0.7897725;0.2743637;69.09178
0.017;0.021;15;7;8;0.8017988;0.7428571;0.8457968;0.7897725;0.2743637;69.09178
0.018;0.021;15;7;8;0.8017988;0.7428571;0.8457968;0.7897725;0.2743637;69.09178
0.019;0.021;15;6;7;0.71251535;0.6666667;0.8187112;0.74276364;0.26908046;64.19474
0.02;0.021;15;6;7;0.71251535;0.6666667;0.8187112;0.74276364;0.26908046;64.19474
0.021;0.021;15;6;7;0.71251535;0.6666667;0.8187112;0.74276364;0.26908046;64.19474
0.022;0.021;15;6;7;0.71251535;0.6666667;0.8187112;0.74276364;0.26908046;64.19474
0.023;0.021;15;5;6;0.6208304;0.5333333;0.87066656;0.7015864;0.1902222;58.33278
0.024;0.021;15;5;6;0.6208304;0.5333333;0.87066656;0.7015864;0.1902222;58.33278
0.025;0.021;15;5;6;0.6208304;0.5333333;0.87066656;0.7015864;0.1902222;58.33278
0.026;0.021;15;5;6;0.6208304;0.5333333;0.87066656;0.7015864;0.1902222;58.33278
0.027;0.021;15;5;6;0.6208304;0.5333333;0.87066656;0.7015864;0.1902222;58.33278
0.028;0.021;15;5;6;0.6208304;0.5333333;0.87066656;0.7015864;0.1902222;58.33278
0.029;0.021;15;5;6;0.6208304;0.5333333;0.87066656;0.7015864;0.1902222;58.33278
0.03;0.021;15;5;6;0.6208304;0.5333333;0.87066656;0.7015864;0.1902222;58.33278
0.001;0.022;15;8;7;0.72634476;0.875;0.82946175;0.76515555;0.33920342;70.70331
0.002;0.022;15;8;7;0.72634476;0.875;0.82946175;0.76515555;0.33920342;70.70331
0.003;0.022;15;8;7;0.72634476;0.875;0.82946175;0.76515555;0.33920342;70.70331
0.004;0.022;15;8;7;0.72634476;0.875;0.82946175;0.76515555;0.33920342;70.70331
0.005;0.022;15;8;7;0.72634476;0.875;0.82946175;0.76515555;0.33920342;70.70331
0.006;0.022;15;8;7;0.72634476;0.875;0.82946175;0.76515555;0.33920342;70.70331
0.007;0.022;15;8;7;0.72634476;0.875;0.82946175;0.76515555;0.33920342;70.70331
0.008;0.022;15;8;7;0.72634476;0.875;0.82946175;0.76515555;0.33920342;70.70331
0.009;0.022;15;8;7;0.72634476;0.875;0.82946175;0.76515555;0.33920342;70.70331
0.01;0.022;15;8;7;0.72634476;0.875;0.82946175;0.76515555;0.33920342;70.70331
0.011;0.022;15;7;7;0.73137605;0.8;0.82830244;0.7098213;0.34362796;68.26256
0.012;0.022;15;5;5;0.71689665;0.6666667;0.7837165;0.6296809;0.37038997;63.347015
0.013;0.022;15;5;5;0.71689665;0.6666667;0.7837165;0.6296809;0.37038997;63.347015
0.014;0.022;15;4;4;0.74183345;0.5;0.7770162;0.70269144;0.28930527;60.21693
0.015;0.022;15;4;4;0.74183345;0.5;0.7770162;0.70269144;0.28930527;60.21693
0.016;0.022;15;4;4;0.74183345;0.5;0.7770162;0.70269144;0.28930527;60.21693
0.017;0.022;15;4;4;0.74183345;0.5;0.7770162;0.70269144;0.28930527;60.21693
0.018;0.022;15;4;4;0.74183345;0.5;0.7770162;0.70269144;0.28930527;60.21693
0.019;0.022;15;4;4;0.74183345;0.5;0.7770162;0.70269144;0.28930527;60.21693
0.02;0.022;15;4;4;0.74183345;0.5;0.7770162;0.70269144;0.28930527;60.21693
0.021;0.022;15;4;4;0.74183345;0.5;0.7770162;0.70269144;0.28930527;60.21693
0.022;0.022;15;4;4;0.74183345;0.5;0.7770162;0.70269144;0.28930527;60.21693
0.023;0.022;15;4;4;0.74183345;0.5;0.7770162;0.70269144;0.28930527;60.21693
0.024;0.022;15;4;4;0.75170183;0.5;0.7703271;0.66695327;0.27558511;59.291344
0.025;0.022;15;4;4;0.75170183;0.5;0.7703271;0.66695327;0.27558511;59.291344
0.026;0.022;15;4;4;0.75170183;0.5;0.7703271;0.66695327;0.27558511;59.291344
0.027;0.022;15;4;4;0.75170183;0.5;0.7703271;0.66695327;0.27558511;59.291344
0.028;0.022;15;4;4;0.75170183;0.5;0.7703271;0.66695327;0.27558511;59.291344
0.029;0.022;15;4;4;0.75170183;0.5;0.7703271;0.66695327;0.27558511;59.291344
0.03;0.022;15;4;4;0.75170183;0.5;0.7703271;0.66695327;0.27558511;59.291344
0.001;0.023;15;6;5;0.6274917;0.8333333;0.80576044;0.7213243;0.3172157;66.10251
0.002;0.023;15;6;5;0.6274917;0.8333333;0.80576044;0.7213243;0.3172157;66.10251
0.003;0.023;15;6;5;0.6274917;0.8333333;0.80576044;0.7213243;0.3172157;66.10251
0.004;0.023;15;6;5;0.6274917;0.8333333;0.80576044;0.7213243;0.3172157;66.10251
0.005;0.023;15;6;5;0.6274917;0.8333333;0.80576044;0.7213243;0.3172157;66.10251
0.006;0.023;15;6;5;0.6274917;0.8333333;0.80576044;0.7213243;0.3172157;66.10251
0.007;0.023;15;6;5;0.6274917;0.8333333;0.80576044;0.7213243;0.3172157;66.10251
0.008;0.023;15;6;5;0.6274917;0.8333333;0.80576044;0.7213243;0.3172157;66.10251
0.009;0.023;15;6;5;0.6274917;0.8333333;0.80576044;0.7213243;0.3172157;66.10251
0.01;0.023;15;6;5;0.6274917;0.8333333;0.80576044;0.7213243;0.3172157;66.10251
0.011;0.023;15;5;5;0.61414194;0.6666667;0.7824417;0.63538903;0.3265651;60.50409
0.012;0.023;15;5;5;0.61414194;0.6666667;0.7824417;0.63538903;0.3265651;60.50409
0.013;0.023;15;5;5;0.61414194;0.6666667;0.7824417;0.63538903;0.3265651;60.50409
0.014;0.023;15;4;5;0.64229524;0.25;0.7852485;0.69802964;0.28089082;53.129284
0.015;0.023;15;4;5;0.64229524;0.25;0.7852485;0.69802964;0.28089082;53.129284
0.016;0.023;15;4;5;0.64229524;0.25;0.7852485;0.69802964;0.28089082;53.129284
0.017;0.023;15;4;5;0.64229524;0.25;0.7852485;0.69802964;0.28089082;53.129284
0.018;0.023;15;4;5;0.64229524;0.25;0.7852485;0.69802964;0.28089082;53.129284
0.019;0.023;15;4;5;0.64229524;0.25;0.7852485;0.69802964;0.28089082;53.129284
0.02;0.023;15;4;5;0.64229524;0.25;0.7852485;0.69802964;0.28089082;53.129284
0.021;0.023;15;4;5;0.64229524;0.25;0.7852485;0.69802964;0.28089082;53.129284
0.022;0.023;15;4;5;0.64229524;0.25;0.7852485;0.69802964;0.28089082;53.129284
0.023;0.023;15;4;5;0.64229524;0.25;0.7852485;0.69802964;0.28089082;53.129284
0.024;0.023;15;4;4;0.60583687;0.5;0.7806837;0.70236295;0.278261;57.34289
0.025;0.023;15;4;4;0.60583687;0.5;0.7806837;0.70236295;0.278261;57.34289
0.026;0.023;15;4;4;0.60583687;0.5;0.7806837;0.70236295;0.278261;57.34289
0.027;0.023;15;4;4;0.60583687;0.5;0.7806837;0.70236295;0.278261;57.34289
0.028;0.023;15;4;4;0.60583687;0.5;0.7806837;0.70236295;0.278261;57.34289
0.029;0.023;15;4;4;0.60583687;0.5;0.7806837;0.70236295;0.278261;57.34289
0.03;0.023;15;4;4;0.60583687;0.5;0.7806837;0.70236295;0.278261;57.34289
0.001;0.024;15;6;5;0.63139963;0.8333333;0.8053916;0.7226185;0.31773615;66.20958
0.002;0.024;15;6;5;0.63139963;0.8333333;0.8053916;0.7226185;0.31773615;66.20958
0.003;0.024;15;6;5;0.63139963;0.8333333;0.8053916;0.7226185;0.31773615;66.20958
0.004;0.024;15;6;5;0.63139963;0.8333333;0.8053916;0.7226185;0.31773615;66.20958
0.005;0.024;15;6;5;0.63139963;0.8333333;0.8053916;0.7226185;0.31773615;66.20958
0.006;0.024;15;6;5;0.63139963;0.8333333;0.8053916;0.7226185;0.31773615;66.20958
0.007;0.024;15;6;5;0.63139963;0.8333333;0.8053916;0.7226185;0.31773615;66.20958
0.008;0.024;15;6;5;0.63139963;0.8333333;0.8053916;0.7226185;0.31773615;66.20958
0.009;0.024;15;6;5;0.63139963;0.8333333;0.8053916;0.7226185;0.31773615;66.20958
0.01;0.024;15;6;5;0.63139963;0.8333333;0.8053916;0.7226185;0.31773615;66.20958
0.011;0.024;15;6;5;0.63139963;0.8333333;0.8053916;0.7226185;0.31773615;66.20958
0.012;0.024;15;5;5;0.61595166;0.6666667;0.782202;0.63625014;0.3267721;60.55685
0.013;0.024;15;5;5;0.61595166;0.6666667;0.782202;0.63625014;0.3267721;60.55685
0.014;0.024;15;3;3;0.5765599;0.0;0.8098655;0.7270037;0.23396397;46.94786
0.015;0.024;15;3;3;0.5765599;0.0;0.8098655;0.7270037;0.23396397;46.94786
0.016;0.024;15;3;3;0.5765599;0.0;0.8098655;0.7270037;0.23396397;46.94786
0.017;0.024;15;3;3;0.5765599;0.0;0.8098655;0.7270037;0.23396397;46.94786
0.018;0.024;15;3;3;0.5765599;0.0;0.8098655;0.7270037;0.23396397;46.94786
0.019;0.024;15;3;3;0.5765599;0.0;0.8098655;0.7270037;0.23396397;46.94786
0.02;0.024;15;3;3;0.5765599;0.0;0.8098655;0.7270037;0.23396397;46.94786
0.021;0.024;15;3;3;0.5765599;0.0;0.8098655;0.7270037;0.23396397;46.94786
0.022;0.024;15;3;3;0.5765599;0.0;0.8098655;0.7270037;0.23396397;46.94786
0.023;0.024;15;3;3;0.5765599;0.0;0.8098655;0.7270037;0.23396397;46.94786
0.024;0.024;15;3;3;0.5765599;0.0;0.8098655;0.7270037;0.23396397;46.94786
0.025;0.024;15;3;3;0.5765599;0.0;0.8098655;0.7270037;0.23396397;46.94786
0.026;0.024;15;3;3;0.5765599;0.0;0.8098655;0.7270037;0.23396397;46.94786
0.027;0.024;15;3;3;0.5765599;0.0;0.8098655;0.7270037;0.23396397;46.94786
0.028;0.024;15;3;3;0.5765599;0.0;0.8098655;0.7270037;0.23396397;46.94786
0.029;0.024;15;3;3;0.5765599;0.0;0.8098655;0.7270037;0.23396397;46.94786
0.03;0.024;15;3;3;0.5765599;0.0;0.8098655;0.7270037;0.23396397;46.94786
0.001;0.025;15;3;2;0.39274478;0.6666666;0.8445865;0.57026136;0.21801198;53.845425
0.002;0.025;15;3;2;0.39274478;0.6666666;0.8445865;0.57026136;0.21801198;53.845425
0.003;0.025;15;3;2;0.39274478;0.6666666;0.8445865;0.57026136;0.21801198;53.845425
0.004;0.025;15;3;2;0.39274478;0.6666666;0.8445865;0.57026136;0.21801198;53.845425
0.005;0.025;15;3;2;0.39274478;0.6666666;0.8445865;0.57026136;0.21801198;53.845425
0.006;0.025;15;3;2;0.39274478;0.6666666;0.8445865;0.57026136;0.21801198;53.845425
0.007;0.025;15;3;2;0.39274478;0.6666666;0.8445865;0.57026136;0.21801198;53.845425
0.008;0.025;15;3;2;0.39274478;0.6666666;0.8445865;0.57026136;0.21801198;53.845425
0.009;0.025;15;3;2;0.39274478;0.6666666;0.8445865;0.57026136;0.21801198;53.845425
0.01;0.025;15;3;2;0.39274478;0.6666666;0.8445865;0.57026136;0.21801198;53.845425
0.011;0.025;15;3;2;0.39274478;0.6666666;0.8445865;0.57026136;0.21801198;53.845425
0.012;0.025;15;3;2;0.39274478;0.6666666;0.8445865;0.57026136;0.21801198;53.845425
0.013;0.025;15;3;2;0.39274478;0.6666666;0.8445865;0.57026136;0.21801198;53.845425
0.014;0.025;15;3;2;0.39274478;0.6666666;0.8445865;0.57026136;0.21801198;53.845425
0.015;0.025;15;3;2;0.39274478;0.6666666;0.8445865;0.57026136;0.21801198;53.845425
0.016;0.025;15;3;2;0.39274478;0.6666666;0.8445865;0.57026136;0.21801198;53.845425
0.017;0.025;15;3;2;0.39274478;0.6666666;0.8445865;0.57026136;0.21801198;53.845425
0.018;0.025;15;3;2;0.39274478;0.6666666;0.8445865;0.57026136;0.21801198;53.845425
0.019;0.025;15;3;2;0.39274478;0.6666666;0.8445865;0.57026136;0.21801198;53.845425
0.02;0.025;15;3;2;0.39274478;0.6666666;0.8445865;0.57026136;0.21801198;53.845425
0.021;0.025;15;3;2;0.39274478;0.6666666;0.8445865;0.57026136;0.21801198;53.845425
0.022;0.025;15;3;2;0.39274478;0.6666666;0.8445865;0.57026136;0.21801198;53.845425
0.023;0.025;15;3;2;0.39274478;0.6666666;0.8445865;0.57026136;0.21801198;53.845425
0.024;0.025;15;3;2;0.39274478;0.6666666;0.8445865;0.57026136;0.21801198;53.845425
0.025;0.025;15;3;2;0.39274478;0.6666666;0.8445865;0.57026136;0.21801198;53.845425
0.026;0.025;15;3;2;0.39274478;0.6666666;0.8445865;0.57026136;0.21801198;53.845425
0.027;0.025;15;3;2;0.39274478;0.6666666;0.8445865;0.57026136;0.21801198;53.845425
0.028;0.025;15;3;2;0.39274478;0.6666666;0.8445865;0.57026136;0.21801198;53.845425
0.029;0.025;15;3;2;0.39274478;0.6666666;0.8445865;0.57026136;0.21801198;53.845425
0.03;0.025;15;3;2;0.39274478;0.6666666;0.8445865;0.57026136;0.21801198;53.845425
0.001;0.026;15;2;1;0.40601695;NaN;0.98844457;0.44376722;0.01155542;NaN
0.002;0.026;15;2;1;0.40601695;NaN;0.98844457;0.44376722;0.01155542;NaN
0.003;0.026;15;2;1;0.40601695;NaN;0.98844457;0.44376722;0.01155542;NaN
0.004;0.026;15;2;1;0.40601695;NaN;0.98844457;0.44376722;0.01155542;NaN
0.005;0.026;15;2;1;0.40601695;NaN;0.98844457;0.44376722;0.01155542;NaN
0.006;0.026;15;2;1;0.40601695;NaN;0.98844457;0.44376722;0.01155542;NaN
0.007;0.026;15;2;1;0.40601695;NaN;0.98844457;0.44376722;0.01155542;NaN
0.008;0.026;15;2;1;0.40601695;NaN;0.98844457;0.44376722;0.01155542;NaN
0.009;0.026;15;2;1;0.40601695;NaN;0.98844457;0.44376722;0.01155542;NaN
0.01;0.026;15;2;1;0.40601695;NaN;0.98844457;0.44376722;0.01155542;NaN
0.011;0.026;15;2;1;0.40601695;NaN;0.98844457;0.44376722;0.01155542;NaN
0.012;0.026;15;2;1;0.40601695;NaN;0.98844457;0.44376722;0.01155542;NaN
0.013;0.026;15;2;1;0.40601695;NaN;0.98844457;0.44376722;0.01155542;NaN
0.014;0.026;15;2;1;0.40601695;NaN;0.98844457;0.44376722;0.01155542;NaN
0.015;0.026;15;2;1;0.40601695;NaN;0.98844457;0.44376722;0.01155542;NaN
0.016;0.026;15;2;1;0.40601695;NaN;0.98844457;0.44376722;0.01155542;NaN
0.017;0.026;15;2;1;0.40601695;NaN;0.98844457;0.44376722;0.01155542;NaN
0.018;0.026;15;2;1;0.40601695;NaN;0.98844457;0.44376722;0.01155542;NaN
0.019;0.026;15;2;1;0.40601695;NaN;0.98844457;0.44376722;0.01155542;NaN
0.02;0.026;15;2;1;0.40601695;NaN;0.98844457;0.44376722;0.01155542;NaN
0.021;0.026;15;2;1;0.40601695;NaN;0.98844457;0.44376722;0.01155542;NaN
0.022;0.026;15;2;1;0.40601695;NaN;0.98844457;0.44376722;0.01155542;NaN
0.023;0.026;15;2;1;0.40601695;NaN;0.98844457;0.44376722;0.01155542;NaN
0.024;0.026;15;2;1;0.40601695;NaN;0.98844457;0.44376722;0.01155542;NaN
0.025;0.026;15;2;1;0.40601695;NaN;0.98844457;0.44376722;0.01155542;NaN
0.026;0.026;15;2;1;0.40601695;NaN;0.98844457;0.44376722;0.01155542;NaN
0.027;0.026;15;2;1;0.40601695;NaN;0.98844457;0.44376722;0.01155542;NaN
0.028;0.026;15;2;1;0.40601695;NaN;0.98844457;0.44376722;0.01155542;NaN
0.029;0.026;15;2;1;0.40601695;NaN;0.98844457;0.44376722;0.01155542;NaN
0.03;0.026;15;2;1;0.40601695;NaN;0.98844457;0.44376722;0.01155542;NaN
0.001;0.027;15;1;0;0.6419598;-0.0;1.0;0.5474267;1.3174556E-8;43.787727
0.002;0.027;15;1;0;0.6419598;-0.0;1.0;0.5474267;1.3174556E-8;43.787727
0.003;0.027;15;1;0;0.6419598;-0.0;1.0;0.5474267;1.3174556E-8;43.787727
0.004;0.027;15;1;0;0.6419598;-0.0;1.0;0.5474267;1.3174556E-8;43.787727
0.005;0.027;15;1;0;0.6419598;-0.0;1.0;0.5474267;1.3174556E-8;43.787727
0.006;0.027;15;1;0;0.6419598;-0.0;1.0;0.5474267;1.3174556E-8;43.787727
0.007;0.027;15;1;0;0.6419598;-0.0;1.0;0.5474267;1.3174556E-8;43.787727
0.008;0.027;15;1;0;0.6419598;-0.0;1.0;0.5474267;1.3174556E-8;43.787727
0.009;0.027;15;1;0;0.6419598;-0.0;1.0;0.5474267;1.3174556E-8;43.787727
0.01;0.027;15;1;0;0.6419598;-0.0;1.0;0.5474267;1.3174556E-8;43.787727
0.011;0.027;15;1;0;0.6419598;-0.0;1.0;0.5474267;1.3174556E-8;43.787727
0.012;0.027;15;1;0;0.6419598;-0.0;1.0;0.5474267;1.3174556E-8;43.787727
0.013;0.027;15;1;0;0.6419598;-0.0;1.0;0.5474267;1.3174556E-8;43.787727
0.014;0.027;15;1;0;0.6419598;-0.0;1.0;0.5474267;1.3174556E-8;43.787727
0.015;0.027;15;1;0;0.6419598;-0.0;1.0;0.5474267;1.3174556E-8;43.787727
0.016;0.027;15;1;0;0.6419598;-0.0;1.0;0.5474267;1.3174556E-8;43.787727
0.017;0.027;15;1;0;0.6419598;-0.0;1.0;0.5474267;1.3174556E-8;43.787727
0.018;0.027;15;1;0;0.6419598;-0.0;1.0;0.5474267;1.3174556E-8;43.787727
0.019;0.027;15;1;0;0.6419598;-0.0;1.0;0.5474267;1.3174556E-8;43.787727
0.02;0.027;15;1;0;0.6419598;-0.0;1.0;0.5474267;1.3174556E-8;43.787727
0.021;0.027;15;1;0;0.6419598;-0.0;1.0;0.5474267;1.3174556E-8;43.787727
0.022;0.027;15;1;0;0.6419598;-0.0;1.0;0.5474267;1.3174556E-8;43.787727
0.023;0.027;15;1;0;0.6419598;-0.0;1.0;0.5474267;1.3174556E-8;43.787727
0.024;0.027;15;1;0;0.6419598;-0.0;1.0;0.5474267;1.3174556E-8;43.787727
0.025;0.027;15;1;0;0.6419598;-0.0;1.0;0.5474267;1.3174556E-8;43.787727
0.026;0.027;15;1;0;0.6419598;-0.0;1.0;0.5474267;1.3174556E-8;43.787727
0.027;0.027;15;1;0;0.6419598;-0.0;1.0;0.5474267;1.3174556E-8;43.787727
0.028;0.027;15;1;0;0.6419598;-0.0;1.0;0.5474267;1.3174556E-8;43.787727
0.029;0.027;15;1;0;0.6419598;-0.0;1.0;0.5474267;1.3174556E-8;43.787727
0.03;0.027;15;1;0;0.6419598;-0.0;1.0;0.5474267;1.3174556E-8;43.787727
0.001;0.028;15;1;0;0.6419598;-0.0;1.0;0.5474267;1.3174556E-8;43.787727
0.002;0.028;15;1;0;0.6419598;-0.0;1.0;0.5474267;1.3174556E-8;43.787727
0.003;0.028;15;1;0;0.6419598;-0.0;1.0;0.5474267;1.3174556E-8;43.787727
0.004;0.028;15;1;0;0.6419598;-0.0;1.0;0.5474267;1.3174556E-8;43.787727
0.005;0.028;15;1;0;0.6419598;-0.0;1.0;0.5474267;1.3174556E-8;43.787727
0.006;0.028;15;1;0;0.6419598;-0.0;1.0;0.5474267;1.3174556E-8;43.787727
0.007;0.028;15;1;0;0.6419598;-0.0;1.0;0.5474267;1.3174556E-8;43.787727
0.008;0.028;15;1;0;0.6419598;-0.0;1.0;0.5474267;1.3174556E-8;43.787727
0.009;0.028;15;1;0;0.6419598;-0.0;1.0;0.5474267;1.3174556E-8;43.787727
0.01;0.028;15;1;0;0.6419598;-0.0;1.0;0.5474267;1.3174556E-8;43.787727
0.011;0.028;15;1;0;0.6419598;-0.0;1.0;0.5474267;1.3174556E-8;43.787727
0.012;0.028;15;1;0;0.6419598;-0.0;1.0;0.5474267;1.3174556E-8;43.787727
0.013;0.028;15;1;0;0.6419598;-0.0;1.0;0.5474267;1.3174556E-8;43.787727
0.014;0.028;15;1;0;0.6419598;-0.0;1.0;0.5474267;1.3174556E-8;43.787727
0.015;0.028;15;1;0;0.6419598;-0.0;1.0;0.5474267;1.3174556E-8;43.787727
0.016;0.028;15;1;0;0.6419598;-0.0;1.0;0.5474267;1.3174556E-8;43.787727
0.017;0.028;15;1;0;0.6419598;-0.0;1.0;0.5474267;1.3174556E-8;43.787727
0.018;0.028;15;1;0;0.6419598;-0.0;1.0;0.5474267;1.3174556E-8;43.787727
0.019;0.028;15;1;0;0.6419598;-0.0;1.0;0.5474267;1.3174556E-8;43.787727
0.02;0.028;15;1;0;0.6419598;-0.0;1.0;0.5474267;1.3174556E-8;43.787727
0.021;0.028;15;1;0;0.6419598;-0.0;1.0;0.5474267;1.3174556E-8;43.787727
0.022;0.028;15;1;0;0.6419598;-0.0;1.0;0.5474267;1.3174556E-8;43.787727
0.023;0.028;15;1;0;0.6419598;-0.0;1.0;0.5474267;1.3174556E-8;43.787727
0.024;0.028;15;1;0;0.6419598;-0.0;1.0;0.5474267;1.3174556E-8;43.787727
0.025;0.028;15;1;0;0.6419598;-0.0;1.0;0.5474267;1.3174556E-8;43.787727
0.026;0.028;15;1;0;0.6419598;-0.0;1.0;0.5474267;1.3174556E-8;43.787727
0.027;0.028;15;1;0;0.6419598;-0.0;1.0;0.5474267;1.3174556E-8;43.787727
0.028;0.028;15;1;0;0.6419598;-0.0;1.0;0.5474267;1.3174556E-8;43.787727
0.029;0.028;15;1;0;0.6419598;-0.0;1.0;0.5474267;1.3174556E-8;43.787727
0.03;0.028;15;1;0;0.6419598;-0.0;1.0;0.5474267;1.3174556E-8;43.787727
0.001;0.029;15;1;0;0.6419598;-0.0;1.0;0.5474267;1.3174556E-8;43.787727
0.002;0.029;15;1;0;0.6419598;-0.0;1.0;0.5474267;1.3174556E-8;43.787727
0.003;0.029;15;1;0;0.6419598;-0.0;1.0;0.5474267;1.3174556E-8;43.787727
0.004;0.029;15;1;0;0.6419598;-0.0;1.0;0.5474267;1.3174556E-8;43.787727
0.005;0.029;15;1;0;0.6419598;-0.0;1.0;0.5474267;1.3174556E-8;43.787727
0.006;0.029;15;1;0;0.6419598;-0.0;1.0;0.5474267;1.3174556E-8;43.787727
0.007;0.029;15;1;0;0.6419598;-0.0;1.0;0.5474267;1.3174556E-8;43.787727
0.008;0.029;15;1;0;0.6419598;-0.0;1.0;0.5474267;1.3174556E-8;43.787727
0.009;0.029;15;1;0;0.6419598;-0.0;1.0;0.5474267;1.3174556E-8;43.787727
0.01;0.029;15;1;0;0.6419598;-0.0;1.0;0.5474267;1.3174556E-8;43.787727
0.011;0.029;15;1;0;0.6419598;-0.0;1.0;0.5474267;1.3174556E-8;43.787727
0.012;0.029;15;1;0;0.6419598;-0.0;1.0;0.5474267;1.3174556E-8;43.787727
0.013;0.029;15;1;0;0.6419598;-0.0;1.0;0.5474267;1.3174556E-8;43.787727
0.014;0.029;15;1;0;0.6419598;-0.0;1.0;0.5474267;1.3174556E-8;43.787727
0.015;0.029;15;1;0;0.6419598;-0.0;1.0;0.5474267;1.3174556E-8;43.787727
0.016;0.029;15;1;0;0.6419598;-0.0;1.0;0.5474267;1.3174556E-8;43.787727
0.017;0.029;15;1;0;0.6419598;-0.0;1.0;0.5474267;1.3174556E-8;43.787727
0.018;0.029;15;1;0;0.6419598;-0.0;1.0;0.5474267;1.3174556E-8;43.787727
0.019;0.029;15;1;0;0.6419598;-0.0;1.0;0.5474267;1.3174556E-8;43.787727
0.02;0.029;15;1;0;0.6419598;-0.0;1.0;0.5474267;1.3174556E-8;43.787727
0.021;0.029;15;1;0;0.6419598;-0.0;1.0;0.5474267;1.3174556E-8;43.787727
0.022;0.029;15;1;0;0.6419598;-0.0;1.0;0.5474267;1.3174556E-8;43.787727
0.023;0.029;15;1;0;0.6419598;-0.0;1.0;0.5474267;1.3174556E-8;43.787727
0.024;0.029;15;1;0;0.6419598;-0.0;1.0;0.5474267;1.3174556E-8;43.787727
0.025;0.029;15;1;0;0.6419598;-0.0;1.0;0.5474267;1.3174556E-8;43.787727
0.026;0.029;15;1;0;0.6419598;-0.0;1.0;0.5474267;1.3174556E-8;43.787727
0.027;0.029;15;1;0;0.6419598;-0.0;1.0;0.5474267;1.3174556E-8;43.787727
0.028;0.029;15;1;0;0.6419598;-0.0;1.0;0.5474267;1.3174556E-8;43.787727
0.029;0.029;15;1;0;0.6419598;-0.0;1.0;0.5474267;1.3174556E-8;43.787727
0.03;0.029;15;1;0;0.6419598;-0.0;1.0;0.5474267;1.3174556E-8;43.787727
0.001;0.03;15;1;0;0.6419598;-0.0;1.0;0.5474267;1.3174556E-8;43.787727
0.002;0.03;15;1;0;0.6419598;-0.0;1.0;0.5474267;1.3174556E-8;43.787727
0.003;0.03;15;1;0;0.6419598;-0.0;1.0;0.5474267;1.3174556E-8;43.787727
0.004;0.03;15;1;0;0.6419598;-0.0;1.0;0.5474267;1.3174556E-8;43.787727
0.005;0.03;15;1;0;0.6419598;-0.0;1.0;0.5474267;1.3174556E-8;43.787727
0.006;0.03;15;1;0;0.6419598;-0.0;1.0;0.5474267;1.3174556E-8;43.787727
0.007;0.03;15;1;0;0.6419598;-0.0;1.0;0.5474267;1.3174556E-8;43.787727
0.008;0.03;15;1;0;0.6419598;-0.0;1.0;0.5474267;1.3174556E-8;43.787727
0.009;0.03;15;1;0;0.6419598;-0.0;1.0;0.5474267;1.3174556E-8;43.787727
0.01;0.03;15;1;0;0.6419598;-0.0;1.0;0.5474267;1.3174556E-8;43.787727
0.011;0.03;15;1;0;0.6419598;-0.0;1.0;0.5474267;1.3174556E-8;43.787727
0.012;0.03;15;1;0;0.6419598;-0.0;1.0;0.5474267;1.3174556E-8;43.787727
0.013;0.03;15;1;0;0.6419598;-0.0;1.0;0.5474267;1.3174556E-8;43.787727
0.014;0.03;15;1;0;0.6419598;-0.0;1.0;0.5474267;1.3174556E-8;43.787727
0.015;0.03;15;1;0;0.6419598;-0.0;1.0;0.5474267;1.3174556E-8;43.787727
0.016;0.03;15;1;0;0.6419598;-0.0;1.0;0.5474267;1.3174556E-8;43.787727
0.017;0.03;15;1;0;0.6419598;-0.0;1.0;0.5474267;1.3174556E-8;43.787727
0.018;0.03;15;1;0;0.6419598;-0.0;1.0;0.5474267;1.3174556E-8;43.787727
0.019;0.03;15;1;0;0.6419598;-0.0;1.0;0.5474267;1.3174556E-8;43.787727
0.02;0.03;15;1;0;0.6419598;-0.0;1.0;0.5474267;1.3174556E-8;43.787727
0.021;0.03;15;1;0;0.6419598;-0.0;1.0;0.5474267;1.3174556E-8;43.787727
0.022;0.03;15;1;0;0.6419598;-0.0;1.0;0.5474267;1.3174556E-8;43.787727
0.023;0.03;15;1;0;0.6419598;-0.0;1.0;0.5474267;1.3174556E-8;43.787727
0.024;0.03;15;1;0;0.6419598;-0.0;1.0;0.5474267;1.3174556E-8;43.787727
0.025;0.03;15;1;0;0.6419598;-0.0;1.0;0.5474267;1.3174556E-8;43.787727
0.026;0.03;15;1;0;0.6419598;-0.0;1.0;0.5474267;1.3174556E-8;43.787727
0.027;0.03;15;1;0;0.6419598;-0.0;1.0;0.5474267;1.3174556E-8;43.787727
0.028;0.03;15;1;0;0.6419598;-0.0;1.0;0.5474267;1.3174556E-8;43.787727
0.029;0.03;15;1;0;0.6419598;-0.0;1.0;0.5474267;1.3174556E-8;43.787727
0.03;0.03;15;1;0;0.6419598;-0.0;1.0;0.5474267;1.3174556E-8;43.787727
0.001;0.031;15;1;0;0.6419598;-0.0;1.0;0.5474267;1.3174556E-8;43.787727
0.002;0.031;15;1;0;0.6419598;-0.0;1.0;0.5474267;1.3174556E-8;43.787727
0.003;0.031;15;1;0;0.6419598;-0.0;1.0;0.5474267;1.3174556E-8;43.787727
0.004;0.031;15;1;0;0.6419598;-0.0;1.0;0.5474267;1.3174556E-8;43.787727
0.005;0.031;15;1;0;0.6419598;-0.0;1.0;0.5474267;1.3174556E-8;43.787727
0.006;0.031;15;1;0;0.6419598;-0.0;1.0;0.5474267;1.3174556E-8;43.787727
0.007;0.031;15;1;0;0.6419598;-0.0;1.0;0.5474267;1.3174556E-8;43.787727
0.008;0.031;15;1;0;0.6419598;-0.0;1.0;0.5474267;1.3174556E-8;43.787727
0.009;0.031;15;1;0;0.6419598;-0.0;1.0;0.5474267;1.3174556E-8;43.787727
0.01;0.031;15;1;0;0.6419598;-0.0;1.0;0.5474267;1.3174556E-8;43.787727
0.011;0.031;15;1;0;0.6419598;-0.0;1.0;0.5474267;1.3174556E-8;43.787727
0.012;0.031;15;1;0;0.6419598;-0.0;1.0;0.5474267;1.3174556E-8;43.787727
0.013;0.031;15;1;0;0.6419598;-0.0;1.0;0.5474267;1.3174556E-8;43.787727
0.014;0.031;15;1;0;0.6419598;-0.0;1.0;0.5474267;1.3174556E-8;43.787727
0.015;0.031;15;1;0;0.6419598;-0.0;1.0;0.5474267;1.3174556E-8;43.787727
0.016;0.031;15;1;0;0.6419598;-0.0;1.0;0.5474267;1.3174556E-8;43.787727
0.017;0.031;15;1;0;0.6419598;-0.0;1.0;0.5474267;1.3174556E-8;43.787727
0.018;0.031;15;1;0;0.6419598;-0.0;1.0;0.5474267;1.3174556E-8;43.787727
0.019;0.031;15;1;0;0.6419598;-0.0;1.0;0.5474267;1.3174556E-8;43.787727
0.02;0.031;15;1;0;0.6419598;-0.0;1.0;0.5474267;1.3174556E-8;43.787727
0.021;0.031;15;1;0;0.6419598;-0.0;1.0;0.5474267;1.3174556E-8;43.787727
0.022;0.031;15;1;0;0.6419598;-0.0;1.0;0.5474267;1.3174556E-8;43.787727
0.023;0.031;15;1;0;0.6419598;-0.0;1.0;0.5474267;1.3174556E-8;43.787727
0.024;0.031;15;1;0;0.6419598;-0.0;1.0;0.5474267;1.3174556E-8;43.787727
0.025;0.031;15;1;0;0.6419598;-0.0;1.0;0.5474267;1.3174556E-8;43.787727
0.026;0.031;15;1;0;0.6419598;-0.0;1.0;0.5474267;1.3174556E-8;43.787727
0.027;0.031;15;1;0;0.6419598;-0.0;1.0;0.5474267;1.3174556E-8;43.787727
0.028;0.031;15;1;0;0.6419598;-0.0;1.0;0.5474267;1.3174556E-8;43.787727
0.029;0.031;15;1;0;0.6419598;-0.0;1.0;0.5474267;1.3174556E-8;43.787727
0.03;0.031;15;1;0;0.6419598;-0.0;1.0;0.5474267;1.3174556E-8;43.787727
0.001;0.032;15;1;0;0.6419598;-0.0;1.0;0.5474267;1.3174556E-8;43.787727
0.002;0.032;15;1;0;0.6419598;-0.0;1.0;0.5474267;1.3174556E-8;43.787727
0.003;0.032;15;1;0;0.6419598;-0.0;1.0;0.5474267;1.3174556E-8;43.787727
0.004;0.032;15;1;0;0.6419598;-0.0;1.0;0.5474267;1.3174556E-8;43.787727
0.005;0.032;15;1;0;0.6419598;-0.0;1.0;0.5474267;1.3174556E-8;43.787727
0.006;0.032;15;1;0;0.6419598;-0.0;1.0;0.5474267;1.3174556E-8;43.787727
0.007;0.032;15;1;0;0.6419598;-0.0;1.0;0.5474267;1.3174556E-8;43.787727
0.008;0.032;15;1;0;0.6419598;-0.0;1.0;0.5474267;1.3174556E-8;43.787727
0.009;0.032;15;1;0;0.6419598;-0.0;1.0;0.5474267;1.3174556E-8;43.787727
0.01;0.032;15;1;0;0.6419598;-0.0;1.0;0.5474267;1.3174556E-8;43.787727
0.011;0.032;15;1;0;0.6419598;-0.0;1.0;0.5474267;1.3174556E-8;43.787727
0.012;0.032;15;1;0;0.6419598;-0.0;1.0;0.5474267;1.3174556E-8;43.787727
0.013;0.032;15;1;0;0.6419598;-0.0;1.0;0.5474267;1.3174556E-8;43.787727
0.014;0.032;15;1;0;0.6419598;-0.0;1.0;0.5474267;1.3174556E-8;43.787727
0.015;0.032;15;1;0;0.6419598;-0.0;1.0;0.5474267;1.3174556E-8;43.787727
0.016;0.032;15;1;0;0.6419598;-0.0;1.0;0.5474267;1.3174556E-8;43.787727
0.017;0.032;15;1;0;0.6419598;-0.0;1.0;0.5474267;1.3174556E-8;43.787727
0.018;0.032;15;1;0;0.6419598;-0.0;1.0;0.5474267;1.3174556E-8;43.787727
0.019;0.032;15;1;0;0.6419598;-0.0;1.0;0.5474267;1.3174556E-8;43.787727
0.02;0.032;15;1;0;0.6419598;-0.0;1.0;0.5474267;1.3174556E-8;43.787727
0.021;0.032;15;1;0;0.6419598;-0.0;1.0;0.5474267;1.3174556E-8;43.787727
0.022;0.032;15;1;0;0.6419598;-0.0;1.0;0.5474267;1.3174556E-8;43.787727
0.023;0.032;15;1;0;0.6419598;-0.0;1.0;0.5474267;1.3174556E-8;43.787727
0.024;0.032;15;1;0;0.6419598;-0.0;1.0;0.5474267;1.3174556E-8;43.787727
0.025;0.032;15;1;0;0.6419598;-0.0;1.0;0.5474267;1.3174556E-8;43.787727
0.026;0.032;15;1;0;0.6419598;-0.0;1.0;0.5474267;1.3174556E-8;43.787727
0.027;0.032;15;1;0;0.6419598;-0.0;1.0;0.5474267;1.3174556E-8;43.787727
0.028;0.032;15;1;0;0.6419598;-0.0;1.0;0.5474267;1.3174556E-8;43.787727
0.029;0.032;15;1;0;0.6419598;-0.0;1.0;0.5474267;1.3174556E-8;43.787727
0.03;0.032;15;1;0;0.6419598;-0.0;1.0;0.5474267;1.3174556E-8;43.787727
0.001;0.033;15;1;0;0.6419598;-0.0;1.0;0.5474267;1.3174556E-8;43.787727
0.002;0.033;15;1;0;0.6419598;-0.0;1.0;0.5474267;1.3174556E-8;43.787727
0.003;0.033;15;1;0;0.6419598;-0.0;1.0;0.5474267;1.3174556E-8;43.787727
0.004;0.033;15;1;0;0.6419598;-0.0;1.0;0.5474267;1.3174556E-8;43.787727
0.005;0.033;15;1;0;0.6419598;-0.0;1.0;0.5474267;1.3174556E-8;43.787727
0.006;0.033;15;1;0;0.6419598;-0.0;1.0;0.5474267;1.3174556E-8;43.787727
0.007;0.033;15;1;0;0.6419598;-0.0;1.0;0.5474267;1.3174556E-8;43.787727
0.008;0.033;15;1;0;0.6419598;-0.0;1.0;0.5474267;1.3174556E-8;43.787727
0.009;0.033;15;1;0;0.6419598;-0.0;1.0;0.5474267;1.3174556E-8;43.787727
0.01;0.033;15;1;0;0.6419598;-0.0;1.0;0.5474267;1.3174556E-8;43.787727
0.011;0.033;15;1;0;0.6419598;-0.0;1.0;0.5474267;1.3174556E-8;43.787727
0.012;0.033;15;1;0;0.6419598;-0.0;1.0;0.5474267;1.3174556E-8;43.787727
0.013;0.033;15;1;0;0.6419598;-0.0;1.0;0.5474267;1.3174556E-8;43.787727
0.014;0.033;15;1;0;0.6419598;-0.0;1.0;0.5474267;1.3174556E-8;43.787727
0.015;0.033;15;1;0;0.6419598;-0.0;1.0;0.5474267;1.3174556E-8;43.787727
0.016;0.033;15;1;0;0.6419598;-0.0;1.0;0.5474267;1.3174556E-8;43.787727
0.017;0.033;15;1;0;0.6419598;-0.0;1.0;0.5474267;1.3174556E-8;43.787727
0.018;0.033;15;1;0;0.6419598;-0.0;1.0;0.5474267;1.3174556E-8;43.787727
0.019;0.033;15;1;0;0.6419598;-0.0;1.0;0.5474267;1.3174556E-8;43.787727
0.02;0.033;15;1;0;0.6419598;-0.0;1.0;0.5474267;1.3174556E-8;43.787727
0.021;0.033;15;1;0;0.6419598;-0.0;1.0;0.5474267;1.3174556E-8;43.787727
0.022;0.033;15;1;0;0.6419598;-0.0;1.0;0.5474267;1.3174556E-8;43.787727
0.023;0.033;15;1;0;0.6419598;-0.0;1.0;0.5474267;1.3174556E-8;43.787727
0.024;0.033;15;1;0;0.6419598;-0.0;1.0;0.5474267;1.3174556E-8;43.787727
0.025;0.033;15;1;0;0.6419598;-0.0;1.0;0.5474267;1.3174556E-8;43.787727
0.026;0.033;15;1;0;0.6419598;-0.0;1.0;0.5474267;1.3174556E-8;43.787727
0.027;0.033;15;1;0;0.6419598;-0.0;1.0;0.5474267;1.3174556E-8;43.787727
0.028;0.033;15;1;0;0.6419598;-0.0;1.0;0.5474267;1.3174556E-8;43.787727
0.029;0.033;15;1;0;0.6419598;-0.0;1.0;0.5474267;1.3174556E-8;43.787727
0.03;0.033;15;1;0;0.6419598;-0.0;1.0;0.5474267;1.3174556E-8;43.787727
0.001;0.034;15;1;0;0.6419598;-0.0;1.0;0.5474267;1.3174556E-8;43.787727
0.002;0.034;15;1;0;0.6419598;-0.0;1.0;0.5474267;1.3174556E-8;43.787727
0.003;0.034;15;1;0;0.6419598;-0.0;1.0;0.5474267;1.3174556E-8;43.787727
0.004;0.034;15;1;0;0.6419598;-0.0;1.0;0.5474267;1.3174556E-8;43.787727
0.005;0.034;15;1;0;0.6419598;-0.0;1.0;0.5474267;1.3174556E-8;43.787727
0.006;0.034;15;1;0;0.6419598;-0.0;1.0;0.5474267;1.3174556E-8;43.787727
0.007;0.034;15;1;0;0.6419598;-0.0;1.0;0.5474267;1.3174556E-8;43.787727
0.008;0.034;15;1;0;0.6419598;-0.0;1.0;0.5474267;1.3174556E-8;43.787727
0.009;0.034;15;1;0;0.6419598;-0.0;1.0;0.5474267;1.3174556E-8;43.787727
0.01;0.034;15;1;0;0.6419598;-0.0;1.0;0.5474267;1.3174556E-8;43.787727
0.011;0.034;15;1;0;0.6419598;-0.0;1.0;0.5474267;1.3174556E-8;43.787727
0.012;0.034;15;1;0;0.6419598;-0.0;1.0;0.5474267;1.3174556E-8;43.787727
0.013;0.034;15;1;0;0.6419598;-0.0;1.0;0.5474267;1.3174556E-8;43.787727
0.014;0.034;15;1;0;0.6419598;-0.0;1.0;0.5474267;1.3174556E-8;43.787727
0.015;0.034;15;1;0;0.6419598;-0.0;1.0;0.5474267;1.3174556E-8;43.787727
0.016;0.034;15;1;0;0.6419598;-0.0;1.0;0.5474267;1.3174556E-8;43.787727
0.017;0.034;15;1;0;0.6419598;-0.0;1.0;0.5474267;1.3174556E-8;43.787727
0.018;0.034;15;1;0;0.6419598;-0.0;1.0;0.5474267;1.3174556E-8;43.787727
0.019;0.034;15;1;0;0.6419598;-0.0;1.0;0.5474267;1.3174556E-8;43.787727
0.02;0.034;15;1;0;0.6419598;-0.0;1.0;0.5474267;1.3174556E-8;43.787727
0.021;0.034;15;1;0;0.6419598;-0.0;1.0;0.5474267;1.3174556E-8;43.787727
0.022;0.034;15;1;0;0.6419598;-0.0;1.0;0.5474267;1.3174556E-8;43.787727
0.023;0.034;15;1;0;0.6419598;-0.0;1.0;0.5474267;1.3174556E-8;43.787727
0.024;0.034;15;1;0;0.6419598;-0.0;1.0;0.5474267;1.3174556E-8;43.787727
0.025;0.034;15;1;0;0.6419598;-0.0;1.0;0.5474267;1.3174556E-8;43.787727
0.026;0.034;15;1;0;0.6419598;-0.0;1.0;0.5474267;1.3174556E-8;43.787727
0.027;0.034;15;1;0;0.6419598;-0.0;1.0;0.5474267;1.3174556E-8;43.787727
0.028;0.034;15;1;0;0.6419598;-0.0;1.0;0.5474267;1.3174556E-8;43.787727
0.029;0.034;15;1;0;0.6419598;-0.0;1.0;0.5474267;1.3174556E-8;43.787727
0.03;0.034;15;1;0;0.6419598;-0.0;1.0;0.5474267;1.3174556E-8;43.787727
0.001;0.035;15;1;0;0.6419598;-0.0;1.0;0.5474267;1.3174556E-8;43.787727
0.002;0.035;15;1;0;0.6419598;-0.0;1.0;0.5474267;1.3174556E-8;43.787727
0.003;0.035;15;1;0;0.6419598;-0.0;1.0;0.5474267;1.3174556E-8;43.787727
0.004;0.035;15;1;0;0.6419598;-0.0;1.0;0.5474267;1.3174556E-8;43.787727
0.005;0.035;15;1;0;0.6419598;-0.0;1.0;0.5474267;1.3174556E-8;43.787727
0.006;0.035;15;1;0;0.6419598;-0.0;1.0;0.5474267;1.3174556E-8;43.787727
0.007;0.035;15;1;0;0.6419598;-0.0;1.0;0.5474267;1.3174556E-8;43.787727
0.008;0.035;15;1;0;0.6419598;-0.0;1.0;0.5474267;1.3174556E-8;43.787727
0.009;0.035;15;1;0;0.6419598;-0.0;1.0;0.5474267;1.3174556E-8;43.787727
0.01;0.035;15;1;0;0.6419598;-0.0;1.0;0.5474267;1.3174556E-8;43.787727
0.011;0.035;15;1;0;0.6419598;-0.0;1.0;0.5474267;1.3174556E-8;43.787727
0.012;0.035;15;1;0;0.6419598;-0.0;1.0;0.5474267;1.3174556E-8;43.787727
0.013;0.035;15;1;0;0.6419598;-0.0;1.0;0.5474267;1.3174556E-8;43.787727
0.014;0.035;15;1;0;0.6419598;-0.0;1.0;0.5474267;1.3174556E-8;43.787727
0.015;0.035;15;1;0;0.6419598;-0.0;1.0;0.5474267;1.3174556E-8;43.787727
0.016;0.035;15;1;0;0.6419598;-0.0;1.0;0.5474267;1.3174556E-8;43.787727
0.017;0.035;15;1;0;0.6419598;-0.0;1.0;0.5474267;1.3174556E-8;43.787727
0.018;0.035;15;1;0;0.6419598;-0.0;1.0;0.5474267;1.3174556E-8;43.787727
0.019;0.035;15;1;0;0.6419598;-0.0;1.0;0.5474267;1.3174556E-8;43.787727
0.02;0.035;15;1;0;0.6419598;-0.0;1.0;0.5474267;1.3174556E-8;43.787727
0.021;0.035;15;1;0;0.6419598;-0.0;1.0;0.5474267;1.3174556E-8;43.787727
0.022;0.035;15;1;0;0.6419598;-0.0;1.0;0.5474267;1.3174556E-8;43.787727
0.023;0.035;15;1;0;0.6419598;-0.0;1.0;0.5474267;1.3174556E-8;43.787727
0.024;0.035;15;1;0;0.6419598;-0.0;1.0;0.5474267;1.3174556E-8;43.787727
0.025;0.035;15;1;0;0.6419598;-0.0;1.0;0.5474267;1.3174556E-8;43.787727
0.026;0.035;15;1;0;0.6419598;-0.0;1.0;0.5474267;1.3174556E-8;43.787727
0.027;0.035;15;1;0;0.6419598;-0.0;1.0;0.5474267;1.3174556E-8;43.787727
0.028;0.035;15;1;0;0.6419598;-0.0;1.0;0.5474267;1.3174556E-8;43.787727
0.029;0.035;15;1;0;0.6419598;-0.0;1.0;0.5474267;1.3174556E-8;43.787727
0.03;0.035;15;1;0;0.6419598;-0.0;1.0;0.5474267;1.3174556E-8;43.787727
0.001;0.036;15;1;0;0.6419598;-0.0;1.0;0.5474267;1.3174556E-8;43.787727
0.002;0.036;15;1;0;0.6419598;-0.0;1.0;0.5474267;1.3174556E-8;43.787727
0.003;0.036;15;1;0;0.6419598;-0.0;1.0;0.5474267;1.3174556E-8;43.787727
0.004;0.036;15;1;0;0.6419598;-0.0;1.0;0.5474267;1.3174556E-8;43.787727
0.005;0.036;15;1;0;0.6419598;-0.0;1.0;0.5474267;1.3174556E-8;43.787727
0.006;0.036;15;1;0;0.6419598;-0.0;1.0;0.5474267;1.3174556E-8;43.787727
0.007;0.036;15;1;0;0.6419598;-0.0;1.0;0.5474267;1.3174556E-8;43.787727
0.008;0.036;15;1;0;0.6419598;-0.0;1.0;0.5474267;1.3174556E-8;43.787727
0.009;0.036;15;1;0;0.6419598;-0.0;1.0;0.5474267;1.3174556E-8;43.787727
0.01;0.036;15;1;0;0.6419598;-0.0;1.0;0.5474267;1.3174556E-8;43.787727
0.011;0.036;15;1;0;0.6419598;-0.0;1.0;0.5474267;1.3174556E-8;43.787727
0.012;0.036;15;1;0;0.6419598;-0.0;1.0;0.5474267;1.3174556E-8;43.787727
0.013;0.036;15;1;0;0.6419598;-0.0;1.0;0.5474267;1.3174556E-8;43.787727
0.014;0.036;15;1;0;0.6419598;-0.0;1.0;0.5474267;1.3174556E-8;43.787727
0.015;0.036;15;1;0;0.6419598;-0.0;1.0;0.5474267;1.3174556E-8;43.787727
0.016;0.036;15;1;0;0.6419598;-0.0;1.0;0.5474267;1.3174556E-8;43.787727
0.017;0.036;15;1;0;0.6419598;-0.0;1.0;0.5474267;1.3174556E-8;43.787727
0.018;0.036;15;1;0;0.6419598;-0.0;1.0;0.5474267;1.3174556E-8;43.787727
0.019;0.036;15;1;0;0.6419598;-0.0;1.0;0.5474267;1.3174556E-8;43.787727
0.02;0.036;15;1;0;0.6419598;-0.0;1.0;0.5474267;1.3174556E-8;43.787727
0.021;0.036;15;1;0;0.6419598;-0.0;1.0;0.5474267;1.3174556E-8;43.787727
0.022;0.036;15;1;0;0.6419598;-0.0;1.0;0.5474267;1.3174556E-8;43.787727
0.023;0.036;15;1;0;0.6419598;-0.0;1.0;0.5474267;1.3174556E-8;43.787727
0.024;0.036;15;1;0;0.6419598;-0.0;1.0;0.5474267;1.3174556E-8;43.787727
0.025;0.036;15;1;0;0.6419598;-0.0;1.0;0.5474267;1.3174556E-8;43.787727
0.026;0.036;15;1;0;0.6419598;-0.0;1.0;0.5474267;1.3174556E-8;43.787727
0.027;0.036;15;1;0;0.6419598;-0.0;1.0;0.5474267;1.3174556E-8;43.787727
0.028;0.036;15;1;0;0.6419598;-0.0;1.0;0.5474267;1.3174556E-8;43.787727
0.029;0.036;15;1;0;0.6419598;-0.0;1.0;0.5474267;1.3174556E-8;43.787727
0.03;0.036;15;1;0;0.6419598;-0.0;1.0;0.5474267;1.3174556E-8;43.787727
0.001;0.037;15;1;0;0.6419598;-0.0;1.0;0.5474267;1.3174556E-8;43.787727
0.002;0.037;15;1;0;0.6419598;-0.0;1.0;0.5474267;1.3174556E-8;43.787727
0.003;0.037;15;1;0;0.6419598;-0.0;1.0;0.5474267;1.3174556E-8;43.787727
0.004;0.037;15;1;0;0.6419598;-0.0;1.0;0.5474267;1.3174556E-8;43.787727
0.005;0.037;15;1;0;0.6419598;-0.0;1.0;0.5474267;1.3174556E-8;43.787727
0.006;0.037;15;1;0;0.6419598;-0.0;1.0;0.5474267;1.3174556E-8;43.787727
0.007;0.037;15;1;0;0.6419598;-0.0;1.0;0.5474267;1.3174556E-8;43.787727
0.008;0.037;15;1;0;0.6419598;-0.0;1.0;0.5474267;1.3174556E-8;43.787727
0.009;0.037;15;1;0;0.6419598;-0.0;1.0;0.5474267;1.3174556E-8;43.787727
0.01;0.037;15;1;0;0.6419598;-0.0;1.0;0.5474267;1.3174556E-8;43.787727
0.011;0.037;15;1;0;0.6419598;-0.0;1.0;0.5474267;1.3174556E-8;43.787727
0.012;0.037;15;1;0;0.6419598;-0.0;1.0;0.5474267;1.3174556E-8;43.787727
0.013;0.037;15;1;0;0.6419598;-0.0;1.0;0.5474267;1.3174556E-8;43.787727
0.014;0.037;15;1;0;0.6419598;-0.0;1.0;0.5474267;1.3174556E-8;43.787727
0.015;0.037;15;1;0;0.6419598;-0.0;1.0;0.5474267;1.3174556E-8;43.787727
0.016;0.037;15;1;0;0.6419598;-0.0;1.0;0.5474267;1.3174556E-8;43.787727
0.017;0.037;15;1;0;0.6419598;-0.0;1.0;0.5474267;1.3174556E-8;43.787727
0.018;0.037;15;1;0;0.6419598;-0.0;1.0;0.5474267;1.3174556E-8;43.787727
0.019;0.037;15;1;0;0.6419598;-0.0;1.0;0.5474267;1.3174556E-8;43.787727
0.02;0.037;15;1;0;0.6419598;-0.0;1.0;0.5474267;1.3174556E-8;43.787727
0.021;0.037;15;1;0;0.6419598;-0.0;1.0;0.5474267;1.3174556E-8;43.787727
0.022;0.037;15;1;0;0.6419598;-0.0;1.0;0.5474267;1.3174556E-8;43.787727
0.023;0.037;15;1;0;0.6419598;-0.0;1.0;0.5474267;1.3174556E-8;43.787727
0.024;0.037;15;1;0;0.6419598;-0.0;1.0;0.5474267;1.3174556E-8;43.787727
0.025;0.037;15;1;0;0.6419598;-0.0;1.0;0.5474267;1.3174556E-8;43.787727
0.026;0.037;15;1;0;0.6419598;-0.0;1.0;0.5474267;1.3174556E-8;43.787727
0.027;0.037;15;1;0;0.6419598;-0.0;1.0;0.5474267;1.3174556E-8;43.787727
0.028;0.037;15;1;0;0.6419598;-0.0;1.0;0.5474267;1.3174556E-8;43.787727
0.029;0.037;15;1;0;0.6419598;-0.0;1.0;0.5474267;1.3174556E-8;43.787727
0.03;0.037;15;1;0;0.6419598;-0.0;1.0;0.5474267;1.3174556E-8;43.787727
0.001;0.038;15;1;0;0.6419598;-0.0;1.0;0.5474267;1.3174556E-8;43.787727
0.002;0.038;15;1;0;0.6419598;-0.0;1.0;0.5474267;1.3174556E-8;43.787727
0.003;0.038;15;1;0;0.6419598;-0.0;1.0;0.5474267;1.3174556E-8;43.787727
0.004;0.038;15;1;0;0.6419598;-0.0;1.0;0.5474267;1.3174556E-8;43.787727
0.005;0.038;15;1;0;0.6419598;-0.0;1.0;0.5474267;1.3174556E-8;43.787727
0.006;0.038;15;1;0;0.6419598;-0.0;1.0;0.5474267;1.3174556E-8;43.787727
0.007;0.038;15;1;0;0.6419598;-0.0;1.0;0.5474267;1.3174556E-8;43.787727
0.008;0.038;15;1;0;0.6419598;-0.0;1.0;0.5474267;1.3174556E-8;43.787727
0.009;0.038;15;1;0;0.6419598;-0.0;1.0;0.5474267;1.3174556E-8;43.787727
0.01;0.038;15;1;0;0.6419598;-0.0;1.0;0.5474267;1.3174556E-8;43.787727
0.011;0.038;15;1;0;0.6419598;-0.0;1.0;0.5474267;1.3174556E-8;43.787727
0.012;0.038;15;1;0;0.6419598;-0.0;1.0;0.5474267;1.3174556E-8;43.787727
0.013;0.038;15;1;0;0.6419598;-0.0;1.0;0.5474267;1.3174556E-8;43.787727
0.014;0.038;15;1;0;0.6419598;-0.0;1.0;0.5474267;1.3174556E-8;43.787727
0.015;0.038;15;1;0;0.6419598;-0.0;1.0;0.5474267;1.3174556E-8;43.787727
0.016;0.038;15;1;0;0.6419598;-0.0;1.0;0.5474267;1.3174556E-8;43.787727
0.017;0.038;15;1;0;0.6419598;-0.0;1.0;0.5474267;1.3174556E-8;43.787727
0.018;0.038;15;1;0;0.6419598;-0.0;1.0;0.5474267;1.3174556E-8;43.787727
0.019;0.038;15;1;0;0.6419598;-0.0;1.0;0.5474267;1.3174556E-8;43.787727
0.02;0.038;15;1;0;0.6419598;-0.0;1.0;0.5474267;1.3174556E-8;43.787727
0.021;0.038;15;1;0;0.6419598;-0.0;1.0;0.5474267;1.3174556E-8;43.787727
0.022;0.038;15;1;0;0.6419598;-0.0;1.0;0.5474267;1.3174556E-8;43.787727
0.023;0.038;15;1;0;0.6419598;-0.0;1.0;0.5474267;1.3174556E-8;43.787727
0.024;0.038;15;1;0;0.6419598;-0.0;1.0;0.5474267;1.3174556E-8;43.787727
0.025;0.038;15;1;0;0.6419598;-0.0;1.0;0.5474267;1.3174556E-8;43.787727
0.026;0.038;15;1;0;0.6419598;-0.0;1.0;0.5474267;1.3174556E-8;43.787727
0.027;0.038;15;1;0;0.6419598;-0.0;1.0;0.5474267;1.3174556E-8;43.787727
0.028;0.038;15;1;0;0.6419598;-0.0;1.0;0.5474267;1.3174556E-8;43.787727
0.029;0.038;15;1;0;0.6419598;-0.0;1.0;0.5474267;1.3174556E-8;43.787727
0.03;0.038;15;1;0;0.6419598;-0.0;1.0;0.5474267;1.3174556E-8;43.787727
0.001;0.039;15;1;0;0.6419598;-0.0;1.0;0.5474267;1.3174556E-8;43.787727
0.002;0.039;15;1;0;0.6419598;-0.0;1.0;0.5474267;1.3174556E-8;43.787727
0.003;0.039;15;1;0;0.6419598;-0.0;1.0;0.5474267;1.3174556E-8;43.787727
0.004;0.039;15;1;0;0.6419598;-0.0;1.0;0.5474267;1.3174556E-8;43.787727
0.005;0.039;15;1;0;0.6419598;-0.0;1.0;0.5474267;1.3174556E-8;43.787727
0.006;0.039;15;1;0;0.6419598;-0.0;1.0;0.5474267;1.3174556E-8;43.787727
0.007;0.039;15;1;0;0.6419598;-0.0;1.0;0.5474267;1.3174556E-8;43.787727
0.008;0.039;15;1;0;0.6419598;-0.0;1.0;0.5474267;1.3174556E-8;43.787727
0.009;0.039;15;1;0;0.6419598;-0.0;1.0;0.5474267;1.3174556E-8;43.787727
0.01;0.039;15;1;0;0.6419598;-0.0;1.0;0.5474267;1.3174556E-8;43.787727
0.011;0.039;15;1;0;0.6419598;-0.0;1.0;0.5474267;1.3174556E-8;43.787727
0.012;0.039;15;1;0;0.6419598;-0.0;1.0;0.5474267;1.3174556E-8;43.787727
0.013;0.039;15;1;0;0.6419598;-0.0;1.0;0.5474267;1.3174556E-8;43.787727
0.014;0.039;15;1;0;0.6419598;-0.0;1.0;0.5474267;1.3174556E-8;43.787727
0.015;0.039;15;1;0;0.6419598;-0.0;1.0;0.5474267;1.3174556E-8;43.787727
0.016;0.039;15;1;0;0.6419598;-0.0;1.0;0.5474267;1.3174556E-8;43.787727
0.017;0.039;15;1;0;0.6419598;-0.0;1.0;0.5474267;1.3174556E-8;43.787727
0.018;0.039;15;1;0;0.6419598;-0.0;1.0;0.5474267;1.3174556E-8;43.787727
0.019;0.039;15;1;0;0.6419598;-0.0;1.0;0.5474267;1.3174556E-8;43.787727
0.02;0.039;15;1;0;0.6419598;-0.0;1.0;0.5474267;1.3174556E-8;43.787727
0.021;0.039;15;1;0;0.6419598;-0.0;1.0;0.5474267;1.3174556E-8;43.787727
0.022;0.039;15;1;0;0.6419598;-0.0;1.0;0.5474267;1.3174556E-8;43.787727
0.023;0.039;15;1;0;0.6419598;-0.0;1.0;0.5474267;1.3174556E-8;43.787727
0.024;0.039;15;1;0;0.6419598;-0.0;1.0;0.5474267;1.3174556E-8;43.787727
0.025;0.039;15;1;0;0.6419598;-0.0;1.0;0.5474267;1.3174556E-8;43.787727
0.026;0.039;15;1;0;0.6419598;-0.0;1.0;0.5474267;1.3174556E-8;43.787727
0.027;0.039;15;1;0;0.6419598;-0.0;1.0;0.5474267;1.3174556E-8;43.787727
0.028;0.039;15;1;0;0.6419598;-0.0;1.0;0.5474267;1.3174556E-8;43.787727
0.029;0.039;15;1;0;0.6419598;-0.0;1.0;0.5474267;1.3174556E-8;43.787727
0.03;0.039;15;1;0;0.6419598;-0.0;1.0;0.5474267;1.3174556E-8;43.787727
0.001;0.04;15;1;0;0.6419598;-0.0;1.0;0.5474267;1.3174556E-8;43.787727
0.002;0.04;15;1;0;0.6419598;-0.0;1.0;0.5474267;1.3174556E-8;43.787727
0.003;0.04;15;1;0;0.6419598;-0.0;1.0;0.5474267;1.3174556E-8;43.787727
0.004;0.04;15;1;0;0.6419598;-0.0;1.0;0.5474267;1.3174556E-8;43.787727
0.005;0.04;15;1;0;0.6419598;-0.0;1.0;0.5474267;1.3174556E-8;43.787727
0.006;0.04;15;1;0;0.6419598;-0.0;1.0;0.5474267;1.3174556E-8;43.787727
0.007;0.04;15;1;0;0.6419598;-0.0;1.0;0.5474267;1.3174556E-8;43.787727
0.008;0.04;15;1;0;0.6419598;-0.0;1.0;0.5474267;1.3174556E-8;43.787727
0.009;0.04;15;1;0;0.6419598;-0.0;1.0;0.5474267;1.3174556E-8;43.787727
0.01;0.04;15;1;0;0.6419598;-0.0;1.0;0.5474267;1.3174556E-8;43.787727
0.011;0.04;15;1;0;0.6419598;-0.0;1.0;0.5474267;1.3174556E-8;43.787727
0.012;0.04;15;1;0;0.6419598;-0.0;1.0;0.5474267;1.3174556E-8;43.787727
0.013;0.04;15;1;0;0.6419598;-0.0;1.0;0.5474267;1.3174556E-8;43.787727
0.014;0.04;15;1;0;0.6419598;-0.0;1.0;0.5474267;1.3174556E-8;43.787727
0.015;0.04;15;1;0;0.6419598;-0.0;1.0;0.5474267;1.3174556E-8;43.787727
0.016;0.04;15;1;0;0.6419598;-0.0;1.0;0.5474267;1.3174556E-8;43.787727
0.017;0.04;15;1;0;0.6419598;-0.0;1.0;0.5474267;1.3174556E-8;43.787727
0.018;0.04;15;1;0;0.6419598;-0.0;1.0;0.5474267;1.3174556E-8;43.787727
0.019;0.04;15;1;0;0.6419598;-0.0;1.0;0.5474267;1.3174556E-8;43.787727
0.02;0.04;15;1;0;0.6419598;-0.0;1.0;0.5474267;1.3174556E-8;43.787727
0.021;0.04;15;1;0;0.6419598;-0.0;1.0;0.5474267;1.3174556E-8;43.787727
0.022;0.04;15;1;0;0.6419598;-0.0;1.0;0.5474267;1.3174556E-8;43.787727
0.023;0.04;15;1;0;0.6419598;-0.0;1.0;0.5474267;1.3174556E-8;43.787727
0.024;0.04;15;1;0;0.6419598;-0.0;1.0;0.5474267;1.3174556E-8;43.787727
0.025;0.04;15;1;0;0.6419598;-0.0;1.0;0.5474267;1.3174556E-8;43.787727
0.026;0.04;15;1;0;0.6419598;-0.0;1.0;0.5474267;1.3174556E-8;43.787727
0.027;0.04;15;1;0;0.6419598;-0.0;1.0;0.5474267;1.3174556E-8;43.787727
0.028;0.04;15;1;0;0.6419598;-0.0;1.0;0.5474267;1.3174556E-8;43.787727
0.029;0.04;15;1;0;0.6419598;-0.0;1.0;0.5474267;1.3174556E-8;43.787727
0.03;0.04;15;1;0;0.6419598;-0.0;1.0;0.5474267;1.3174556E-8;43.787727
0.001;0.041;15;1;0;0.6419598;-0.0;1.0;0.5474267;1.3174556E-8;43.787727
0.002;0.041;15;1;0;0.6419598;-0.0;1.0;0.5474267;1.3174556E-8;43.787727
0.003;0.041;15;1;0;0.6419598;-0.0;1.0;0.5474267;1.3174556E-8;43.787727
0.004;0.041;15;1;0;0.6419598;-0.0;1.0;0.5474267;1.3174556E-8;43.787727
0.005;0.041;15;1;0;0.6419598;-0.0;1.0;0.5474267;1.3174556E-8;43.787727
0.006;0.041;15;1;0;0.6419598;-0.0;1.0;0.5474267;1.3174556E-8;43.787727
0.007;0.041;15;1;0;0.6419598;-0.0;1.0;0.5474267;1.3174556E-8;43.787727
0.008;0.041;15;1;0;0.6419598;-0.0;1.0;0.5474267;1.3174556E-8;43.787727
0.009;0.041;15;1;0;0.6419598;-0.0;1.0;0.5474267;1.3174556E-8;43.787727
0.01;0.041;15;1;0;0.6419598;-0.0;1.0;0.5474267;1.3174556E-8;43.787727
0.011;0.041;15;1;0;0.6419598;-0.0;1.0;0.5474267;1.3174556E-8;43.787727
0.012;0.041;15;1;0;0.6419598;-0.0;1.0;0.5474267;1.3174556E-8;43.787727
0.013;0.041;15;1;0;0.6419598;-0.0;1.0;0.5474267;1.3174556E-8;43.787727
0.014;0.041;15;1;0;0.6419598;-0.0;1.0;0.5474267;1.3174556E-8;43.787727
0.015;0.041;15;1;0;0.6419598;-0.0;1.0;0.5474267;1.3174556E-8;43.787727
0.016;0.041;15;1;0;0.6419598;-0.0;1.0;0.5474267;1.3174556E-8;43.787727
0.017;0.041;15;1;0;0.6419598;-0.0;1.0;0.5474267;1.3174556E-8;43.787727
0.018;0.041;15;1;0;0.6419598;-0.0;1.0;0.5474267;1.3174556E-8;43.787727
0.019;0.041;15;1;0;0.6419598;-0.0;1.0;0.5474267;1.3174556E-8;43.787727
0.02;0.041;15;1;0;0.6419598;-0.0;1.0;0.5474267;1.3174556E-8;43.787727
0.021;0.041;15;1;0;0.6419598;-0.0;1.0;0.5474267;1.3174556E-8;43.787727
0.022;0.041;15;1;0;0.6419598;-0.0;1.0;0.5474267;1.3174556E-8;43.787727
0.023;0.041;15;1;0;0.6419598;-0.0;1.0;0.5474267;1.3174556E-8;43.787727
0.024;0.041;15;1;0;0.6419598;-0.0;1.0;0.5474267;1.3174556E-8;43.787727
0.025;0.041;15;1;0;0.6419598;-0.0;1.0;0.5474267;1.3174556E-8;43.787727
0.026;0.041;15;1;0;0.6419598;-0.0;1.0;0.5474267;1.3174556E-8;43.787727
0.027;0.041;15;1;0;0.6419598;-0.0;1.0;0.5474267;1.3174556E-8;43.787727
0.028;0.041;15;1;0;0.6419598;-0.0;1.0;0.5474267;1.3174556E-8;43.787727
0.029;0.041;15;1;0;0.6419598;-0.0;1.0;0.5474267;1.3174556E-8;43.787727
0.03;0.041;15;1;0;0.6419598;-0.0;1.0;0.5474267;1.3174556E-8;43.787727
0.001;0.042;15;1;0;0.6419598;-0.0;1.0;0.5474267;1.3174556E-8;43.787727
0.002;0.042;15;1;0;0.6419598;-0.0;1.0;0.5474267;1.3174556E-8;43.787727
0.003;0.042;15;1;0;0.6419598;-0.0;1.0;0.5474267;1.3174556E-8;43.787727
0.004;0.042;15;1;0;0.6419598;-0.0;1.0;0.5474267;1.3174556E-8;43.787727
0.005;0.042;15;1;0;0.6419598;-0.0;1.0;0.5474267;1.3174556E-8;43.787727
0.006;0.042;15;1;0;0.6419598;-0.0;1.0;0.5474267;1.3174556E-8;43.787727
0.007;0.042;15;1;0;0.6419598;-0.0;1.0;0.5474267;1.3174556E-8;43.787727
0.008;0.042;15;1;0;0.6419598;-0.0;1.0;0.5474267;1.3174556E-8;43.787727
0.009;0.042;15;1;0;0.6419598;-0.0;1.0;0.5474267;1.3174556E-8;43.787727
0.01;0.042;15;1;0;0.6419598;-0.0;1.0;0.5474267;1.3174556E-8;43.787727
0.011;0.042;15;1;0;0.6419598;-0.0;1.0;0.5474267;1.3174556E-8;43.787727
0.012;0.042;15;1;0;0.6419598;-0.0;1.0;0.5474267;1.3174556E-8;43.787727
0.013;0.042;15;1;0;0.6419598;-0.0;1.0;0.5474267;1.3174556E-8;43.787727
0.014;0.042;15;1;0;0.6419598;-0.0;1.0;0.5474267;1.3174556E-8;43.787727
0.015;0.042;15;1;0;0.6419598;-0.0;1.0;0.5474267;1.3174556E-8;43.787727
0.016;0.042;15;1;0;0.6419598;-0.0;1.0;0.5474267;1.3174556E-8;43.787727
0.017;0.042;15;1;0;0.6419598;-0.0;1.0;0.5474267;1.3174556E-8;43.787727
0.018;0.042;15;1;0;0.6419598;-0.0;1.0;0.5474267;1.3174556E-8;43.787727
0.019;0.042;15;1;0;0.6419598;-0.0;1.0;0.5474267;1.3174556E-8;43.787727
0.02;0.042;15;1;0;0.6419598;-0.0;1.0;0.5474267;1.3174556E-8;43.787727
0.021;0.042;15;1;0;0.6419598;-0.0;1.0;0.5474267;1.3174556E-8;43.787727
0.022;0.042;15;1;0;0.6419598;-0.0;1.0;0.5474267;1.3174556E-8;43.787727
0.023;0.042;15;1;0;0.6419598;-0.0;1.0;0.5474267;1.3174556E-8;43.787727
0.024;0.042;15;1;0;0.6419598;-0.0;1.0;0.5474267;1.3174556E-8;43.787727
0.025;0.042;15;1;0;0.6419598;-0.0;1.0;0.5474267;1.3174556E-8;43.787727
0.026;0.042;15;1;0;0.6419598;-0.0;1.0;0.5474267;1.3174556E-8;43.787727
0.027;0.042;15;1;0;0.6419598;-0.0;1.0;0.5474267;1.3174556E-8;43.787727
0.028;0.042;15;1;0;0.6419598;-0.0;1.0;0.5474267;1.3174556E-8;43.787727
0.029;0.042;15;1;0;0.6419598;-0.0;1.0;0.5474267;1.3174556E-8;43.787727
0.03;0.042;15;1;0;0.6419598;-0.0;1.0;0.5474267;1.3174556E-8;43.787727
0.001;0.043;15;1;0;0.6419598;-0.0;1.0;0.5474267;1.3174556E-8;43.787727
0.002;0.043;15;1;0;0.6419598;-0.0;1.0;0.5474267;1.3174556E-8;43.787727
0.003;0.043;15;1;0;0.6419598;-0.0;1.0;0.5474267;1.3174556E-8;43.787727
0.004;0.043;15;1;0;0.6419598;-0.0;1.0;0.5474267;1.3174556E-8;43.787727
0.005;0.043;15;1;0;0.6419598;-0.0;1.0;0.5474267;1.3174556E-8;43.787727
0.006;0.043;15;1;0;0.6419598;-0.0;1.0;0.5474267;1.3174556E-8;43.787727
0.007;0.043;15;1;0;0.6419598;-0.0;1.0;0.5474267;1.3174556E-8;43.787727
0.008;0.043;15;1;0;0.6419598;-0.0;1.0;0.5474267;1.3174556E-8;43.787727
0.009;0.043;15;1;0;0.6419598;-0.0;1.0;0.5474267;1.3174556E-8;43.787727
0.01;0.043;15;1;0;0.6419598;-0.0;1.0;0.5474267;1.3174556E-8;43.787727
0.011;0.043;15;1;0;0.6419598;-0.0;1.0;0.5474267;1.3174556E-8;43.787727
0.012;0.043;15;1;0;0.6419598;-0.0;1.0;0.5474267;1.3174556E-8;43.787727
0.013;0.043;15;1;0;0.6419598;-0.0;1.0;0.5474267;1.3174556E-8;43.787727
0.014;0.043;15;1;0;0.6419598;-0.0;1.0;0.5474267;1.3174556E-8;43.787727
0.015;0.043;15;1;0;0.6419598;-0.0;1.0;0.5474267;1.3174556E-8;43.787727
0.016;0.043;15;1;0;0.6419598;-0.0;1.0;0.5474267;1.3174556E-8;43.787727
0.017;0.043;15;1;0;0.6419598;-0.0;1.0;0.5474267;1.3174556E-8;43.787727
0.018;0.043;15;1;0;0.6419598;-0.0;1.0;0.5474267;1.3174556E-8;43.787727
0.019;0.043;15;1;0;0.6419598;-0.0;1.0;0.5474267;1.3174556E-8;43.787727
0.02;0.043;15;1;0;0.6419598;-0.0;1.0;0.5474267;1.3174556E-8;43.787727
0.021;0.043;15;1;0;0.6419598;-0.0;1.0;0.5474267;1.3174556E-8;43.787727
0.022;0.043;15;1;0;0.6419598;-0.0;1.0;0.5474267;1.3174556E-8;43.787727
0.023;0.043;15;1;0;0.6419598;-0.0;1.0;0.5474267;1.3174556E-8;43.787727
0.024;0.043;15;1;0;0.6419598;-0.0;1.0;0.5474267;1.3174556E-8;43.787727
0.025;0.043;15;1;0;0.6419598;-0.0;1.0;0.5474267;1.3174556E-8;43.787727
0.026;0.043;15;1;0;0.6419598;-0.0;1.0;0.5474267;1.3174556E-8;43.787727
0.027;0.043;15;1;0;0.6419598;-0.0;1.0;0.5474267;1.3174556E-8;43.787727
0.028;0.043;15;1;0;0.6419598;-0.0;1.0;0.5474267;1.3174556E-8;43.787727
0.029;0.043;15;1;0;0.6419598;-0.0;1.0;0.5474267;1.3174556E-8;43.787727
0.03;0.043;15;1;0;0.6419598;-0.0;1.0;0.5474267;1.3174556E-8;43.787727
0.001;0.044;15;1;0;0.6419598;-0.0;1.0;0.5474267;1.3174556E-8;43.787727
0.002;0.044;15;1;0;0.6419598;-0.0;1.0;0.5474267;1.3174556E-8;43.787727
0.003;0.044;15;1;0;0.6419598;-0.0;1.0;0.5474267;1.3174556E-8;43.787727
0.004;0.044;15;1;0;0.6419598;-0.0;1.0;0.5474267;1.3174556E-8;43.787727
0.005;0.044;15;1;0;0.6419598;-0.0;1.0;0.5474267;1.3174556E-8;43.787727
0.006;0.044;15;1;0;0.6419598;-0.0;1.0;0.5474267;1.3174556E-8;43.787727
0.007;0.044;15;1;0;0.6419598;-0.0;1.0;0.5474267;1.3174556E-8;43.787727
0.008;0.044;15;1;0;0.6419598;-0.0;1.0;0.5474267;1.3174556E-8;43.787727
0.009;0.044;15;1;0;0.6419598;-0.0;1.0;0.5474267;1.3174556E-8;43.787727
0.01;0.044;15;1;0;0.6419598;-0.0;1.0;0.5474267;1.3174556E-8;43.787727
0.011;0.044;15;1;0;0.6419598;-0.0;1.0;0.5474267;1.3174556E-8;43.787727
0.012;0.044;15;1;0;0.6419598;-0.0;1.0;0.5474267;1.3174556E-8;43.787727
0.013;0.044;15;1;0;0.6419598;-0.0;1.0;0.5474267;1.3174556E-8;43.787727
0.014;0.044;15;1;0;0.6419598;-0.0;1.0;0.5474267;1.3174556E-8;43.787727
0.015;0.044;15;1;0;0.6419598;-0.0;1.0;0.5474267;1.3174556E-8;43.787727
0.016;0.044;15;1;0;0.6419598;-0.0;1.0;0.5474267;1.3174556E-8;43.787727
0.017;0.044;15;1;0;0.6419598;-0.0;1.0;0.5474267;1.3174556E-8;43.787727
0.018;0.044;15;1;0;0.6419598;-0.0;1.0;0.5474267;1.3174556E-8;43.787727
0.019;0.044;15;1;0;0.6419598;-0.0;1.0;0.5474267;1.3174556E-8;43.787727
0.02;0.044;15;1;0;0.6419598;-0.0;1.0;0.5474267;1.3174556E-8;43.787727
0.021;0.044;15;1;0;0.6419598;-0.0;1.0;0.5474267;1.3174556E-8;43.787727
0.022;0.044;15;1;0;0.6419598;-0.0;1.0;0.5474267;1.3174556E-8;43.787727
0.023;0.044;15;1;0;0.6419598;-0.0;1.0;0.5474267;1.3174556E-8;43.787727
0.024;0.044;15;1;0;0.6419598;-0.0;1.0;0.5474267;1.3174556E-8;43.787727
0.025;0.044;15;1;0;0.6419598;-0.0;1.0;0.5474267;1.3174556E-8;43.787727
0.026;0.044;15;1;0;0.6419598;-0.0;1.0;0.5474267;1.3174556E-8;43.787727
0.027;0.044;15;1;0;0.6419598;-0.0;1.0;0.5474267;1.3174556E-8;43.787727
0.028;0.044;15;1;0;0.6419598;-0.0;1.0;0.5474267;1.3174556E-8;43.787727
0.029;0.044;15;1;0;0.6419598;-0.0;1.0;0.5474267;1.3174556E-8;43.787727
0.03;0.044;15;1;0;0.6419598;-0.0;1.0;0.5474267;1.3174556E-8;43.787727
0.001;0.045;15;1;0;0.6419598;-0.0;1.0;0.5474267;1.3174556E-8;43.787727
0.002;0.045;15;1;0;0.6419598;-0.0;1.0;0.5474267;1.3174556E-8;43.787727
0.003;0.045;15;1;0;0.6419598;-0.0;1.0;0.5474267;1.3174556E-8;43.787727
0.004;0.045;15;1;0;0.6419598;-0.0;1.0;0.5474267;1.3174556E-8;43.787727
0.005;0.045;15;1;0;0.6419598;-0.0;1.0;0.5474267;1.3174556E-8;43.787727
0.006;0.045;15;1;0;0.6419598;-0.0;1.0;0.5474267;1.3174556E-8;43.787727
0.007;0.045;15;1;0;0.6419598;-0.0;1.0;0.5474267;1.3174556E-8;43.787727
0.008;0.045;15;1;0;0.6419598;-0.0;1.0;0.5474267;1.3174556E-8;43.787727
0.009;0.045;15;1;0;0.6419598;-0.0;1.0;0.5474267;1.3174556E-8;43.787727
0.01;0.045;15;1;0;0.6419598;-0.0;1.0;0.5474267;1.3174556E-8;43.787727
0.011;0.045;15;1;0;0.6419598;-0.0;1.0;0.5474267;1.3174556E-8;43.787727
0.012;0.045;15;1;0;0.6419598;-0.0;1.0;0.5474267;1.3174556E-8;43.787727
0.013;0.045;15;1;0;0.6419598;-0.0;1.0;0.5474267;1.3174556E-8;43.787727
0.014;0.045;15;1;0;0.6419598;-0.0;1.0;0.5474267;1.3174556E-8;43.787727
0.015;0.045;15;1;0;0.6419598;-0.0;1.0;0.5474267;1.3174556E-8;43.787727
0.016;0.045;15;1;0;0.6419598;-0.0;1.0;0.5474267;1.3174556E-8;43.787727
0.017;0.045;15;1;0;0.6419598;-0.0;1.0;0.5474267;1.3174556E-8;43.787727
0.018;0.045;15;1;0;0.6419598;-0.0;1.0;0.5474267;1.3174556E-8;43.787727
0.019;0.045;15;1;0;0.6419598;-0.0;1.0;0.5474267;1.3174556E-8;43.787727
0.02;0.045;15;1;0;0.6419598;-0.0;1.0;0.5474267;1.3174556E-8;43.787727
0.021;0.045;15;1;0;0.6419598;-0.0;1.0;0.5474267;1.3174556E-8;43.787727
0.022;0.045;15;1;0;0.6419598;-0.0;1.0;0.5474267;1.3174556E-8;43.787727
0.023;0.045;15;1;0;0.6419598;-0.0;1.0;0.5474267;1.3174556E-8;43.787727
0.024;0.045;15;1;0;0.6419598;-0.0;1.0;0.5474267;1.3174556E-8;43.787727
0.025;0.045;15;1;0;0.6419598;-0.0;1.0;0.5474267;1.3174556E-8;43.787727
0.026;0.045;15;1;0;0.6419598;-0.0;1.0;0.5474267;1.3174556E-8;43.787727
0.027;0.045;15;1;0;0.6419598;-0.0;1.0;0.5474267;1.3174556E-8;43.787727
0.028;0.045;15;1;0;0.6419598;-0.0;1.0;0.5474267;1.3174556E-8;43.787727
0.029;0.045;15;1;0;0.6419598;-0.0;1.0;0.5474267;1.3174556E-8;43.787727
0.03;0.045;15;1;0;0.6419598;-0.0;1.0;0.5474267;1.3174556E-8;43.787727
0.001;0.046;15;1;0;0.6419598;-0.0;1.0;0.5474267;1.3174556E-8;43.787727
0.002;0.046;15;1;0;0.6419598;-0.0;1.0;0.5474267;1.3174556E-8;43.787727
0.003;0.046;15;1;0;0.6419598;-0.0;1.0;0.5474267;1.3174556E-8;43.787727
0.004;0.046;15;1;0;0.6419598;-0.0;1.0;0.5474267;1.3174556E-8;43.787727
0.005;0.046;15;1;0;0.6419598;-0.0;1.0;0.5474267;1.3174556E-8;43.787727
0.006;0.046;15;1;0;0.6419598;-0.0;1.0;0.5474267;1.3174556E-8;43.787727
0.007;0.046;15;1;0;0.6419598;-0.0;1.0;0.5474267;1.3174556E-8;43.787727
0.008;0.046;15;1;0;0.6419598;-0.0;1.0;0.5474267;1.3174556E-8;43.787727
0.009;0.046;15;1;0;0.6419598;-0.0;1.0;0.5474267;1.3174556E-8;43.787727
0.01;0.046;15;1;0;0.6419598;-0.0;1.0;0.5474267;1.3174556E-8;43.787727
0.011;0.046;15;1;0;0.6419598;-0.0;1.0;0.5474267;1.3174556E-8;43.787727
0.012;0.046;15;1;0;0.6419598;-0.0;1.0;0.5474267;1.3174556E-8;43.787727
0.013;0.046;15;1;0;0.6419598;-0.0;1.0;0.5474267;1.3174556E-8;43.787727
0.014;0.046;15;1;0;0.6419598;-0.0;1.0;0.5474267;1.3174556E-8;43.787727
0.015;0.046;15;1;0;0.6419598;-0.0;1.0;0.5474267;1.3174556E-8;43.787727
0.016;0.046;15;1;0;0.6419598;-0.0;1.0;0.5474267;1.3174556E-8;43.787727
0.017;0.046;15;1;0;0.6419598;-0.0;1.0;0.5474267;1.3174556E-8;43.787727
0.018;0.046;15;1;0;0.6419598;-0.0;1.0;0.5474267;1.3174556E-8;43.787727
0.019;0.046;15;1;0;0.6419598;-0.0;1.0;0.5474267;1.3174556E-8;43.787727
0.02;0.046;15;1;0;0.6419598;-0.0;1.0;0.5474267;1.3174556E-8;43.787727
0.021;0.046;15;1;0;0.6419598;-0.0;1.0;0.5474267;1.3174556E-8;43.787727
0.022;0.046;15;1;0;0.6419598;-0.0;1.0;0.5474267;1.3174556E-8;43.787727
0.023;0.046;15;1;0;0.6419598;-0.0;1.0;0.5474267;1.3174556E-8;43.787727
0.024;0.046;15;1;0;0.6419598;-0.0;1.0;0.5474267;1.3174556E-8;43.787727
0.025;0.046;15;1;0;0.6419598;-0.0;1.0;0.5474267;1.3174556E-8;43.787727
0.026;0.046;15;1;0;0.6419598;-0.0;1.0;0.5474267;1.3174556E-8;43.787727
0.027;0.046;15;1;0;0.6419598;-0.0;1.0;0.5474267;1.3174556E-8;43.787727
0.028;0.046;15;1;0;0.6419598;-0.0;1.0;0.5474267;1.3174556E-8;43.787727
0.029;0.046;15;1;0;0.6419598;-0.0;1.0;0.5474267;1.3174556E-8;43.787727
0.03;0.046;15;1;0;0.6419598;-0.0;1.0;0.5474267;1.3174556E-8;43.787727
0.001;0.047;15;1;0;0.6419598;-0.0;1.0;0.5474267;1.3174556E-8;43.787727
0.002;0.047;15;1;0;0.6419598;-0.0;1.0;0.5474267;1.3174556E-8;43.787727
0.003;0.047;15;1;0;0.6419598;-0.0;1.0;0.5474267;1.3174556E-8;43.787727
0.004;0.047;15;1;0;0.6419598;-0.0;1.0;0.5474267;1.3174556E-8;43.787727
0.005;0.047;15;1;0;0.6419598;-0.0;1.0;0.5474267;1.3174556E-8;43.787727
0.006;0.047;15;1;0;0.6419598;-0.0;1.0;0.5474267;1.3174556E-8;43.787727
0.007;0.047;15;1;0;0.6419598;-0.0;1.0;0.5474267;1.3174556E-8;43.787727
0.008;0.047;15;1;0;0.6419598;-0.0;1.0;0.5474267;1.3174556E-8;43.787727
0.009;0.047;15;1;0;0.6419598;-0.0;1.0;0.5474267;1.3174556E-8;43.787727
0.01;0.047;15;1;0;0.6419598;-0.0;1.0;0.5474267;1.3174556E-8;43.787727
0.011;0.047;15;1;0;0.6419598;-0.0;1.0;0.5474267;1.3174556E-8;43.787727
0.012;0.047;15;1;0;0.6419598;-0.0;1.0;0.5474267;1.3174556E-8;43.787727
0.013;0.047;15;1;0;0.6419598;-0.0;1.0;0.5474267;1.3174556E-8;43.787727
0.014;0.047;15;1;0;0.6419598;-0.0;1.0;0.5474267;1.3174556E-8;43.787727
0.015;0.047;15;1;0;0.6419598;-0.0;1.0;0.5474267;1.3174556E-8;43.787727
0.016;0.047;15;1;0;0.6419598;-0.0;1.0;0.5474267;1.3174556E-8;43.787727
0.017;0.047;15;1;0;0.6419598;-0.0;1.0;0.5474267;1.3174556E-8;43.787727
0.018;0.047;15;1;0;0.6419598;-0.0;1.0;0.5474267;1.3174556E-8;43.787727
0.019;0.047;15;1;0;0.6419598;-0.0;1.0;0.5474267;1.3174556E-8;43.787727
0.02;0.047;15;1;0;0.6419598;-0.0;1.0;0.5474267;1.3174556E-8;43.787727
0.021;0.047;15;1;0;0.6419598;-0.0;1.0;0.5474267;1.3174556E-8;43.787727
0.022;0.047;15;1;0;0.6419598;-0.0;1.0;0.5474267;1.3174556E-8;43.787727
0.023;0.047;15;1;0;0.6419598;-0.0;1.0;0.5474267;1.3174556E-8;43.787727
0.024;0.047;15;1;0;0.6419598;-0.0;1.0;0.5474267;1.3174556E-8;43.787727
0.025;0.047;15;1;0;0.6419598;-0.0;1.0;0.5474267;1.3174556E-8;43.787727
0.026;0.047;15;1;0;0.6419598;-0.0;1.0;0.5474267;1.3174556E-8;43.787727
0.027;0.047;15;1;0;0.6419598;-0.0;1.0;0.5474267;1.3174556E-8;43.787727
0.028;0.047;15;1;0;0.6419598;-0.0;1.0;0.5474267;1.3174556E-8;43.787727
0.029;0.047;15;1;0;0.6419598;-0.0;1.0;0.5474267;1.3174556E-8;43.787727
0.03;0.047;15;1;0;0.6419598;-0.0;1.0;0.5474267;1.3174556E-8;43.787727
0.001;0.048;15;1;0;0.6419598;-0.0;1.0;0.5474267;1.3174556E-8;43.787727
0.002;0.048;15;1;0;0.6419598;-0.0;1.0;0.5474267;1.3174556E-8;43.787727
0.003;0.048;15;1;0;0.6419598;-0.0;1.0;0.5474267;1.3174556E-8;43.787727
0.004;0.048;15;1;0;0.6419598;-0.0;1.0;0.5474267;1.3174556E-8;43.787727
0.005;0.048;15;1;0;0.6419598;-0.0;1.0;0.5474267;1.3174556E-8;43.787727
0.006;0.048;15;1;0;0.6419598;-0.0;1.0;0.5474267;1.3174556E-8;43.787727
0.007;0.048;15;1;0;0.6419598;-0.0;1.0;0.5474267;1.3174556E-8;43.787727
0.008;0.048;15;1;0;0.6419598;-0.0;1.0;0.5474267;1.3174556E-8;43.787727
0.009;0.048;15;1;0;0.6419598;-0.0;1.0;0.5474267;1.3174556E-8;43.787727
0.01;0.048;15;1;0;0.6419598;-0.0;1.0;0.5474267;1.3174556E-8;43.787727
0.011;0.048;15;1;0;0.6419598;-0.0;1.0;0.5474267;1.3174556E-8;43.787727
0.012;0.048;15;1;0;0.6419598;-0.0;1.0;0.5474267;1.3174556E-8;43.787727
0.013;0.048;15;1;0;0.6419598;-0.0;1.0;0.5474267;1.3174556E-8;43.787727
0.014;0.048;15;1;0;0.6419598;-0.0;1.0;0.5474267;1.3174556E-8;43.787727
0.015;0.048;15;1;0;0.6419598;-0.0;1.0;0.5474267;1.3174556E-8;43.787727
0.016;0.048;15;1;0;0.6419598;-0.0;1.0;0.5474267;1.3174556E-8;43.787727
0.017;0.048;15;1;0;0.6419598;-0.0;1.0;0.5474267;1.3174556E-8;43.787727
0.018;0.048;15;1;0;0.6419598;-0.0;1.0;0.5474267;1.3174556E-8;43.787727
0.019;0.048;15;1;0;0.6419598;-0.0;1.0;0.5474267;1.3174556E-8;43.787727
0.02;0.048;15;1;0;0.6419598;-0.0;1.0;0.5474267;1.3174556E-8;43.787727
0.021;0.048;15;1;0;0.6419598;-0.0;1.0;0.5474267;1.3174556E-8;43.787727
0.022;0.048;15;1;0;0.6419598;-0.0;1.0;0.5474267;1.3174556E-8;43.787727
0.023;0.048;15;1;0;0.6419598;-0.0;1.0;0.5474267;1.3174556E-8;43.787727
0.024;0.048;15;1;0;0.6419598;-0.0;1.0;0.5474267;1.3174556E-8;43.787727
0.025;0.048;15;1;0;0.6419598;-0.0;1.0;0.5474267;1.3174556E-8;43.787727
0.026;0.048;15;1;0;0.6419598;-0.0;1.0;0.5474267;1.3174556E-8;43.787727
0.027;0.048;15;1;0;0.6419598;-0.0;1.0;0.5474267;1.3174556E-8;43.787727
0.028;0.048;15;1;0;0.6419598;-0.0;1.0;0.5474267;1.3174556E-8;43.787727
0.029;0.048;15;1;0;0.6419598;-0.0;1.0;0.5474267;1.3174556E-8;43.787727
0.03;0.048;15;1;0;0.6419598;-0.0;1.0;0.5474267;1.3174556E-8;43.787727
0.001;0.049;15;1;0;0.6419598;-0.0;1.0;0.5474267;1.3174556E-8;43.787727
0.002;0.049;15;1;0;0.6419598;-0.0;1.0;0.5474267;1.3174556E-8;43.787727
0.003;0.049;15;1;0;0.6419598;-0.0;1.0;0.5474267;1.3174556E-8;43.787727
0.004;0.049;15;1;0;0.6419598;-0.0;1.0;0.5474267;1.3174556E-8;43.787727
0.005;0.049;15;1;0;0.6419598;-0.0;1.0;0.5474267;1.3174556E-8;43.787727
0.006;0.049;15;1;0;0.6419598;-0.0;1.0;0.5474267;1.3174556E-8;43.787727
0.007;0.049;15;1;0;0.6419598;-0.0;1.0;0.5474267;1.3174556E-8;43.787727
0.008;0.049;15;1;0;0.6419598;-0.0;1.0;0.5474267;1.3174556E-8;43.787727
0.009;0.049;15;1;0;0.6419598;-0.0;1.0;0.5474267;1.3174556E-8;43.787727
0.01;0.049;15;1;0;0.6419598;-0.0;1.0;0.5474267;1.3174556E-8;43.787727
0.011;0.049;15;1;0;0.6419598;-0.0;1.0;0.5474267;1.3174556E-8;43.787727
0.012;0.049;15;1;0;0.6419598;-0.0;1.0;0.5474267;1.3174556E-8;43.787727
0.013;0.049;15;1;0;0.6419598;-0.0;1.0;0.5474267;1.3174556E-8;43.787727
0.014;0.049;15;1;0;0.6419598;-0.0;1.0;0.5474267;1.3174556E-8;43.787727
0.015;0.049;15;1;0;0.6419598;-0.0;1.0;0.5474267;1.3174556E-8;43.787727
0.016;0.049;15;1;0;0.6419598;-0.0;1.0;0.5474267;1.3174556E-8;43.787727
0.017;0.049;15;1;0;0.6419598;-0.0;1.0;0.5474267;1.3174556E-8;43.787727
0.018;0.049;15;1;0;0.6419598;-0.0;1.0;0.5474267;1.3174556E-8;43.787727
0.019;0.049;15;1;0;0.6419598;-0.0;1.0;0.5474267;1.3174556E-8;43.787727
0.02;0.049;15;1;0;0.6419598;-0.0;1.0;0.5474267;1.3174556E-8;43.787727
0.021;0.049;15;1;0;0.6419598;-0.0;1.0;0.5474267;1.3174556E-8;43.787727
0.022;0.049;15;1;0;0.6419598;-0.0;1.0;0.5474267;1.3174556E-8;43.787727
0.023;0.049;15;1;0;0.6419598;-0.0;1.0;0.5474267;1.3174556E-8;43.787727
0.024;0.049;15;1;0;0.6419598;-0.0;1.0;0.5474267;1.3174556E-8;43.787727
0.025;0.049;15;1;0;0.6419598;-0.0;1.0;0.5474267;1.3174556E-8;43.787727
0.026;0.049;15;1;0;0.6419598;-0.0;1.0;0.5474267;1.3174556E-8;43.787727
0.027;0.049;15;1;0;0.6419598;-0.0;1.0;0.5474267;1.3174556E-8;43.787727
0.028;0.049;15;1;0;0.6419598;-0.0;1.0;0.5474267;1.3174556E-8;43.787727
0.029;0.049;15;1;0;0.6419598;-0.0;1.0;0.5474267;1.3174556E-8;43.787727
0.03;0.049;15;1;0;0.6419598;-0.0;1.0;0.5474267;1.3174556E-8;43.787727
