0.001;0.01;15;114;113;0.9529675;0.99122804;0.9781781;0.981587;0.41300112;86.33924
0.002;0.01;15;108;111;0.9503546;0.9900419;0.9594967;0.9676185;0.41754237;85.70108
0.003;0.01;15;95;102;0.93478906;0.9876627;0.94386137;0.96118003;0.40944108;84.738686
0.004;0.01;15;88;99;0.93086445;0.9854651;0.9397801;0.9607399;0.41033077;84.54361
0.005;0.01;15;73;95;0.91164565;0.97742623;0.9154738;0.94293344;0.40271026;83.00379
0.006;0.01;15;55;87;0.8807743;0.9591767;0.8728215;0.90567297;0.40743247;80.517555
0.007;0.01;15;47;83;0.88906;0.94373524;0.86643195;0.8679649;0.38918665;79.12757
0.008;0.01;15;43;80;0.859788;0.93363583;0.8360412;0.82195324;0.38571045;76.74258
0.009;0.01;15;38;79;0.8294706;0.91228074;0.83769083;0.81531835;0.3504875;74.90496
0.01;0.01;15;37;78;0.85380274;0.90810806;0.8544816;0.82697713;0.32854003;75.438194
0.011;0.01;15;27;67;0.79931986;0.8414814;0.840181;0.83051956;0.31687862;72.567604
0.012;0.01;15;24;66;0.72836447;0.79545456;0.79499906;0.7361279;0.33070397;67.713
0.013;0.01;15;24;67;0.72928315;0.7916666;0.79747385;0.7377644;0.33070397;67.73784
0.014;0.01;15;24;68;0.7280053;0.78787875;0.7914591;0.7379974;0.33070397;67.52089
0.015;0.01;15;28;67;0.8027637;0.8543955;0.8417291;0.81517285;0.31983286;72.67788
0.016;0.01;15;28;66;0.8027866;0.8571428;0.83968633;0.81527764;0.31965682;72.691
0.017;0.01;15;27;62;0.8069138;0.85629624;0.83690435;0.8297435;0.32311565;73.05946
0.018;0.01;15;27;62;0.8069138;0.85629624;0.83690435;0.8297435;0.32311565;73.05946
0.019;0.01;15;27;62;0.8069138;0.85629624;0.83690435;0.8297435;0.32311565;73.05946
0.02;0.01;15;27;62;0.8069138;0.85629624;0.83690435;0.8297435;0.32311565;73.05946
0.021;0.01;15;27;62;0.8069138;0.85629624;0.83690435;0.8297435;0.32311565;73.05946
0.022;0.01;15;27;63;0.8073772;0.8533333;0.838947;0.8298631;0.32311565;73.05272
0.023;0.01;15;27;63;0.8073772;0.8533333;0.838947;0.8298631;0.32311565;73.05272
0.024;0.01;15;27;63;0.8073772;0.8533333;0.838947;0.8298631;0.32311565;73.05272
0.025;0.01;15;27;63;0.8073772;0.8533333;0.838947;0.8298631;0.32311565;73.05272
0.026;0.01;15;27;63;0.8073772;0.8533333;0.838947;0.8298631;0.32311565;73.05272
0.027;0.01;15;27;63;0.8073772;0.8533333;0.838947;0.8298631;0.32311565;73.05272
0.028;0.01;15;27;63;0.8073772;0.8533333;0.838947;0.8298631;0.32311565;73.05272
0.029;0.01;15;27;63;0.8073772;0.8533333;0.838947;0.8298631;0.32311565;73.05272
0.03;0.01;15;27;63;0.8073772;0.8533333;0.838947;0.8298631;0.32311565;73.05272
0.001;0.011;15;77;76;0.92433137;0.9870129;0.9685265;0.97160107;0.40081894;85.045815
0.002;0.011;15;76;76;0.92333573;0.9864865;0.9581224;0.9659754;0.40260312;84.73046
0.003;0.011;15;71;73;0.93143445;0.9846908;0.94508785;0.96139514;0.4017948;84.48806
0.004;0.011;15;66;73;0.919927;0.9810606;0.91879344;0.93807685;0.3961487;83.08013
0.005;0.011;15;55;73;0.8701718;0.9687822;0.8807262;0.91132736;0.3957572;80.53529
0.006;0.011;15;49;70;0.87827253;0.9604863;0.8869;0.90028214;0.38293967;80.17761
0.007;0.011;15;39;62;0.85968894;0.9410949;0.8688724;0.8879861;0.3820439;78.793724
0.008;0.011;15;35;61;0.8493999;0.9246753;0.82299924;0.7953038;0.37102205;75.268005
0.009;0.011;15;31;56;0.82443756;0.90989995;0.80327684;0.80844736;0.36102426;74.141716
0.01;0.011;15;26;51;0.7691304;0.8782051;0.79618067;0.7494132;0.36535484;71.16569
0.011;0.011;15;21;48;0.69005454;0.81203;0.80247486;0.71827793;0.32680947;66.992935
0.012;0.011;15;22;52;0.7348962;0.8136364;0.80250496;0.74198526;0.32599115;68.38028
0.013;0.011;15;22;53;0.7347179;0.8090909;0.8027166;0.7380975;0.32599115;68.21228
0.014;0.011;15;22;52;0.75193655;0.8136364;0.81749594;0.8262818;0.31148836;70.41678
0.015;0.011;15;22;52;0.7504877;0.8136364;0.81749594;0.8264214;0.31148836;70.390594
0.016;0.011;15;22;54;0.761783;0.8045455;0.8215796;0.8251561;0.31157956;70.492874
0.017;0.011;15;22;54;0.761783;0.8045455;0.8215796;0.8251561;0.31157956;70.492874
0.018;0.011;15;22;54;0.761783;0.8045455;0.8215796;0.8251561;0.31157956;70.492874
0.019;0.011;15;22;54;0.761783;0.8045455;0.8215796;0.8251561;0.31157956;70.492874
0.02;0.011;15;22;54;0.761783;0.8045455;0.8215796;0.8251561;0.31157956;70.492874
0.021;0.011;15;22;54;0.761783;0.8045455;0.8215796;0.8251561;0.31157956;70.492874
0.022;0.011;15;22;54;0.761783;0.8045455;0.8215796;0.8251561;0.31157956;70.492874
0.023;0.011;15;22;54;0.761783;0.8045455;0.8215796;0.8251561;0.31157956;70.492874
0.024;0.011;15;22;54;0.761783;0.8045455;0.8215796;0.8251561;0.31157956;70.492874
0.025;0.011;15;22;54;0.761783;0.8045455;0.8215796;0.8251561;0.31157956;70.492874
0.026;0.011;15;22;54;0.761783;0.8045455;0.8215796;0.8251561;0.31157956;70.492874
0.027;0.011;15;22;54;0.761783;0.8045455;0.8215796;0.8251561;0.31157956;70.492874
0.028;0.011;15;22;54;0.761783;0.8045455;0.8215796;0.8251561;0.31157956;70.492874
0.029;0.011;15;22;54;0.761783;0.8045455;0.8215796;0.8251561;0.31157956;70.492874
0.03;0.011;15;22;54;0.761783;0.8045455;0.8215796;0.8251561;0.31157956;70.492874
0.001;0.012;15;63;62;0.92967963;0.984127;0.9635879;0.96499443;0.41048354;85.05745
0.002;0.012;15;61;62;0.92737406;0.9824951;0.9421529;0.95157605;0.4106658;84.28528
0.003;0.012;15;57;59;0.93519175;0.98054224;0.9278632;0.9395576;0.41947734;84.05265
0.004;0.012;15;52;62;0.92115563;0.9723077;0.8818108;0.9220094;0.4087784;82.12124
0.005;0.012;15;43;60;0.86320716;0.9563244;0.8889248;0.89639986;0.4183099;80.46332
0.006;0.012;15;36;59;0.8701723;0.9330065;0.8563882;0.8939811;0.40898597;79.25068
0.007;0.012;15;31;50;0.8849472;0.9232481;0.8300583;0.8762701;0.41718957;78.63426
0.008;0.012;15;25;45;0.8585737;0.8869565;0.80535704;0.85953623;0.40810022;76.370476
0.009;0.012;15;23;43;0.86954933;0.86956525;0.7981449;0.83741784;0.39447764;75.383095
0.01;0.012;15;22;40;0.8065569;0.8681818;0.8300968;0.8307954;0.3477682;73.66798
0.011;0.012;15;21;41;0.7829077;0.8471178;0.81960297;0.7897161;0.35407507;71.8684
0.012;0.012;15;19;40;0.7438668;0.8111455;0.7897905;0.77597344;0.34608048;69.337135
0.013;0.012;15;18;39;0.7318424;0.7916667;0.79901576;0.76927954;0.340598;68.64805
0.014;0.012;15;17;40;0.6972747;0.75294113;0.81241757;0.7843727;0.32379556;67.41604
0.015;0.012;15;17;40;0.6948718;0.75294113;0.81853414;0.78486776;0.31935441;67.411385
0.016;0.012;15;17;43;0.7009202;0.7294117;0.8243073;0.7845527;0.31930766;67.16999
0.017;0.012;15;17;43;0.7009202;0.7294117;0.8243073;0.7845527;0.31930766;67.16999
0.018;0.012;15;17;42;0.70072985;0.73725486;0.82127434;0.7844682;0.31925082;67.25956
0.019;0.012;15;17;42;0.70072985;0.73725486;0.82127434;0.7844682;0.31925082;67.25956
0.02;0.012;15;17;42;0.70072985;0.73725486;0.82127434;0.7844682;0.31925082;67.25956
0.021;0.012;15;17;42;0.70072985;0.73725486;0.82127434;0.7844682;0.31925082;67.25956
0.022;0.012;15;17;42;0.70072985;0.73725486;0.82127434;0.7844682;0.31925082;67.25956
0.023;0.012;15;17;42;0.70072985;0.73725486;0.82127434;0.7844682;0.31925082;67.25956
0.024;0.012;15;17;42;0.70072985;0.73725486;0.82127434;0.7844682;0.31925082;67.25956
0.025;0.012;15;17;42;0.70072985;0.73725486;0.82127434;0.7844682;0.31925082;67.25956
0.026;0.012;15;17;42;0.70072985;0.73725486;0.82127434;0.7844682;0.31925082;67.25956
0.027;0.012;15;17;42;0.70072985;0.73725486;0.82127434;0.7844682;0.31925082;67.25956
0.028;0.012;15;17;42;0.70072985;0.73725486;0.82127434;0.7844682;0.31925082;67.25956
0.029;0.012;15;17;42;0.70072985;0.73725486;0.82127434;0.7844682;0.31925082;67.25956
0.03;0.012;15;17;42;0.70072985;0.73725486;0.82127434;0.7844682;0.31925082;67.25956
0.001;0.013;15;51;50;0.9310555;0.98039216;0.9560379;0.95693564;0.4123218;84.734856
0.002;0.013;15;51;50;0.9310555;0.98039216;0.9560379;0.95693564;0.4123218;84.734856
0.003;0.013;15;48;50;0.89103216;0.9764493;0.92014456;0.92513406;0.41331363;82.52148
0.004;0.013;15;43;51;0.8706381;0.9665343;0.9001159;0.92849475;0.4204241;81.72414
0.005;0.013;15;37;49;0.8505491;0.9528958;0.87411326;0.9061599;0.41755122;80.02539
0.006;0.013;15;31;51;0.8136541;0.9210234;0.823027;0.85873836;0.4172742;76.67434
0.007;0.013;15;27;43;0.8558286;0.91259265;0.82227796;0.8754331;0.41065335;77.535706
0.008;0.013;15;24;35;0.870503;0.9128788;0.85515815;0.87071025;0.37981072;77.78122
0.009;0.013;15;22;35;0.90399617;0.8909091;0.8333137;0.83856374;0.37236014;76.78286
0.01;0.013;15;21;37;0.89071006;0.86716795;0.8056208;0.7756429;0.37774134;74.33766
0.011;0.013;15;20;35;0.8612081;0.86111116;0.8342101;0.7884879;0.34263292;73.753006
0.012;0.013;15;17;32;0.841547;0.8156862;0.809632;0.7694176;0.34051356;71.53593
0.013;0.013;15;16;32;0.8204757;0.78571427;0.8104163;0.7508308;0.32682303;69.8852
0.014;0.013;15;16;36;0.8075293;0.75;0.8308608;0.7766796;0.31093478;69.52009
0.015;0.013;15;15;34;0.8341725;0.72820514;0.80376273;0.77406013;0.31880224;69.18005
0.016;0.013;15;14;34;0.8243207;0.6785714;0.7982072;0.78741163;0.32274988;68.22522
0.017;0.013;15;13;31;0.8228853;0.6573426;0.7984565;0.7788097;0.32924134;67.73471
0.018;0.013;15;13;31;0.8228853;0.6573426;0.7984565;0.7788097;0.32924134;67.73471
0.019;0.013;15;13;31;0.8228853;0.6573426;0.7984565;0.7788097;0.32924134;67.73471
0.02;0.013;15;13;31;0.8228853;0.6573426;0.7984565;0.7788097;0.32924134;67.73471
0.021;0.013;15;13;31;0.8228853;0.6573426;0.7984565;0.7788097;0.32924134;67.73471
0.022;0.013;15;13;31;0.8228853;0.6573426;0.7984565;0.7788097;0.32924134;67.73471
0.023;0.013;15;13;31;0.8228853;0.6573426;0.7984565;0.7788097;0.32924134;67.73471
0.024;0.013;15;13;31;0.8228853;0.6573426;0.7984565;0.7788097;0.32924134;67.73471
0.025;0.013;15;13;31;0.8228853;0.6573426;0.7984565;0.7788097;0.32924134;67.73471
0.026;0.013;15;13;31;0.8228853;0.6573426;0.7984565;0.7788097;0.32924134;67.73471
0.027;0.013;15;13;31;0.8228853;0.6573426;0.7984565;0.7788097;0.32924134;67.73471
0.028;0.013;15;13;31;0.8228853;0.6573426;0.7984565;0.7788097;0.32924134;67.73471
0.029;0.013;15;13;31;0.8228853;0.6573426;0.7984565;0.7788097;0.32924134;67.73471
0.03;0.013;15;13;31;0.8228853;0.6573426;0.7984565;0.7788097;0.32924134;67.73471
0.001;0.014;15;39;38;0.8967711;0.9743589;0.9445087;0.94446117;0.41572613;83.51652
0.002;0.014;15;39;38;0.8967711;0.9743589;0.9445087;0.94446117;0.41572613;83.51652
0.003;0.014;15;36;37;0.851684;0.9689542;0.9243906;0.9302635;0.40780726;81.66199
0.004;0.014;15;33;39;0.83071387;0.9560117;0.8987044;0.91698;0.4059037;80.166275
0.005;0.014;15;28;35;0.7957977;0.9423077;0.87985384;0.9020355;0.39782616;78.356415
0.006;0.014;15;26;36;0.80674493;0.926282;0.8732698;0.89708763;0.40370753;78.14184
0.007;0.014;15;23;36;0.801888;0.89855075;0.8497637;0.86119634;0.39243847;76.076744
0.008;0.014;15;21;34;0.86937815;0.8822055;0.82863736;0.83965373;0.38888568;76.1752
0.009;0.014;15;20;33;0.89373755;0.87222224;0.8222972;0.8313712;0.39768523;76.346275
0.01;0.014;15;19;33;0.90175486;0.85448915;0.84102845;0.8690764;0.37771687;76.88131
0.011;0.014;15;17;31;0.85372543;0.82352936;0.8141708;0.8356526;0.35035878;73.54874
0.012;0.014;15;17;31;0.8481232;0.82352936;0.8125262;0.7760917;0.34899643;72.18534
0.013;0.014;15;16;31;0.8134216;0.79464287;0.82622;0.7363551;0.33784246;70.16964
0.014;0.014;15;16;31;0.8134216;0.79464287;0.82622;0.7363551;0.33784246;70.16964
0.015;0.014;15;15;29;0.8395096;0.7794872;0.82302064;0.7333446;0.34988755;70.50499
0.016;0.014;15;14;28;0.86131203;0.75;0.80604136;0.8027342;0.34864864;71.374725
0.017;0.014;15;13;27;0.87519807;0.7132867;0.81295353;0.79083675;0.32983878;70.442276
0.018;0.014;15;13;27;0.87519807;0.7132867;0.81295353;0.79083675;0.32983878;70.442276
0.019;0.014;15;13;27;0.87519807;0.7132867;0.81295353;0.79083675;0.32983878;70.442276
0.02;0.014;15;13;27;0.87519807;0.7132867;0.81295353;0.79083675;0.32983878;70.442276
0.021;0.014;15;13;27;0.87519807;0.7132867;0.81295353;0.79083675;0.32983878;70.442276
0.022;0.014;15;13;25;0.8418372;0.7412587;0.816215;0.80488145;0.33069125;70.69767
0.023;0.014;15;13;25;0.8418372;0.7412587;0.816215;0.80488145;0.33069125;70.69767
0.024;0.014;15;13;25;0.8418372;0.7412587;0.816215;0.80488145;0.33069125;70.69767
0.025;0.014;15;13;25;0.8418372;0.7412587;0.816215;0.80488145;0.33069125;70.69767
0.026;0.014;15;13;25;0.8418372;0.7412587;0.816215;0.80488145;0.33069125;70.69767
0.027;0.014;15;13;25;0.8418372;0.7412587;0.816215;0.80488145;0.33069125;70.69767
0.028;0.014;15;13;25;0.8418372;0.7412587;0.816215;0.80488145;0.33069125;70.69767
0.029;0.014;15;13;25;0.8418372;0.7412587;0.816215;0.80488145;0.33069125;70.69767
0.03;0.014;15;13;25;0.8418372;0.7412587;0.816215;0.80488145;0.33069125;70.69767
0.001;0.015;15;33;32;0.86870986;0.96969706;0.9364413;0.93710977;0.40561733;82.3515
0.002;0.015;15;33;32;0.86870986;0.96969706;0.9364413;0.93710977;0.40561733;82.3515
0.003;0.015;15;30;31;0.8117993;0.9619047;0.9121692;0.9193374;0.39773777;80.05897
0.004;0.015;15;28;31;0.79935247;0.9532967;0.8860052;0.910117;0.38755307;78.726494
0.005;0.015;15;24;31;0.7568203;0.9280304;0.87521434;0.8960317;0.36787695;76.47947
0.006;0.015;15;22;29;0.7347131;0.9181818;0.86500317;0.8865588;0.3753319;75.59578
0.007;0.015;15;20;27;0.7616219;0.9055556;0.86094266;0.8789141;0.362298;75.38664
0.008;0.015;15;20;29;0.78240824;0.89444447;0.857906;0.8267463;0.3600939;74.43198
0.009;0.015;15;19;28;0.8034724;0.88544893;0.8511443;0.8173486;0.3692201;74.532684
0.01;0.015;15;18;29;0.8339067;0.8611111;0.8238234;0.77249515;0.35387477;72.90422
0.011;0.015;15;17;28;0.8341669;0.84705883;0.82555205;0.8108509;0.34736037;73.29978
0.012;0.015;15;17;29;0.8707504;0.83921564;0.8247241;0.761789;0.3705494;73.340576
0.013;0.015;15;16;29;0.82751095;0.8125;0.8016968;0.7699155;0.35032392;71.238945
0.014;0.015;15;16;29;0.82751095;0.8125;0.8016968;0.7699155;0.35032392;71.238945
0.015;0.015;15;16;30;0.82699245;0.8035714;0.8043935;0.7696627;0.35012433;71.09489
0.016;0.015;15;15;29;0.8260156;0.7794872;0.80933785;0.76701427;0.34086776;70.45445
0.017;0.015;15;13;24;0.7914047;0.7552447;0.77632266;0.71635664;0.35104817;67.80754
0.018;0.015;15;13;24;0.7914047;0.7552447;0.77632266;0.71635664;0.35104817;67.80754
0.019;0.015;15;13;24;0.7914047;0.7552447;0.77632266;0.71635664;0.35104817;67.80754
0.02;0.015;15;13;24;0.7914047;0.7552447;0.77632266;0.71635664;0.35104817;67.80754
0.021;0.015;15;13;22;0.78856945;0.7832167;0.77992606;0.7217012;0.35145918;68.49745
0.022;0.015;15;13;22;0.78856945;0.7832167;0.77992606;0.7217012;0.35145918;68.49745
0.023;0.015;15;13;22;0.78856945;0.7832167;0.77992606;0.7217012;0.35145918;68.49745
0.024;0.015;15;13;22;0.78856945;0.7832167;0.77992606;0.7217012;0.35145918;68.49745
0.025;0.015;15;13;22;0.78856945;0.7832167;0.77992606;0.7217012;0.35145918;68.49745
0.026;0.015;15;13;22;0.78856945;0.7832167;0.77992606;0.7217012;0.35145918;68.49745
0.027;0.015;15;13;22;0.78856945;0.7832167;0.77992606;0.7217012;0.35145918;68.49745
0.028;0.015;15;13;22;0.78856945;0.7832167;0.77992606;0.7217012;0.35145918;68.49745
0.029;0.015;15;13;22;0.78856945;0.7832167;0.77992606;0.7217012;0.35145918;68.49745
0.03;0.015;15;13;22;0.78856945;0.7832167;0.77992606;0.7217012;0.35145918;68.49745
0.001;0.016;15;28;27;0.8673769;0.96428573;0.92957044;0.9250069;0.4022722;81.77024
0.002;0.016;15;28;27;0.8673769;0.96428573;0.92957044;0.9250069;0.4022722;81.77024
0.003;0.016;15;26;26;0.8498908;0.9583333;0.9237979;0.91469145;0.38928574;80.719986
0.004;0.016;15;24;25;0.82671624;0.95075756;0.9079921;0.9154261;0.39175493;79.852936
0.005;0.016;15;22;26;0.80392456;0.9318182;0.8803347;0.8979412;0.40298262;78.34003
0.006;0.016;15;21;25;0.7945877;0.9273183;0.8736247;0.893072;0.409508;77.96222
0.007;0.016;15;19;26;0.7708272;0.8978328;0.8256602;0.8790468;0.3803859;75.07506
0.008;0.016;15;18;25;0.757366;0.88888884;0.81800205;0.8198379;0.39825982;73.64709
0.009;0.016;15;18;25;0.757366;0.88888884;0.81800205;0.8198379;0.39825982;73.64709
0.01;0.016;15;18;25;0.757366;0.88888884;0.81800205;0.8198379;0.39825982;73.64709
0.011;0.016;15;16;23;0.8093407;0.8660714;0.7998479;0.7593949;0.39960867;72.685265
0.012;0.016;15;15;22;0.76471096;0.851282;0.82419837;0.77679473;0.35926223;71.52496
0.013;0.016;15;14;21;0.7183626;0.8333333;0.817217;0.7404122;0.3530452;69.247406
0.014;0.016;15;14;21;0.7183626;0.8333333;0.817217;0.7404122;0.3530452;69.247406
0.015;0.016;15;14;21;0.7183626;0.8333333;0.817217;0.7404122;0.3530452;69.247406
0.016;0.016;15;12;20;0.64536595;0.7666666;0.8224657;0.7070593;0.30275437;64.88624
0.017;0.016;15;11;19;0.60521877;0.72727275;0.8197421;0.672666;0.30175593;62.53311
0.018;0.016;15;11;18;0.6046678;0.74747473;0.8178187;0.6730811;0.30175793;62.896008
0.019;0.016;15;11;18;0.63892585;0.74747473;0.8043314;0.6740236;0.30020374;63.299187
0.02;0.016;15;11;18;0.63892585;0.74747473;0.8043314;0.6740236;0.30020374;63.299187
0.021;0.016;15;11;18;0.63892585;0.74747473;0.8043314;0.6740236;0.30020374;63.299187
0.022;0.016;15;11;19;0.6370192;0.72727275;0.80923843;0.67438364;0.3006106;62.970493
0.023;0.016;15;11;19;0.6370192;0.72727275;0.80923843;0.67438364;0.3006106;62.970493
0.024;0.016;15;11;19;0.6370192;0.72727275;0.80923843;0.67438364;0.3006106;62.970493
0.025;0.016;15;11;19;0.6370192;0.72727275;0.80923843;0.67438364;0.3006106;62.970493
0.026;0.016;15;11;19;0.6370192;0.72727275;0.80923843;0.67438364;0.3006106;62.970493
0.027;0.016;15;11;19;0.6370192;0.72727275;0.80923843;0.67438364;0.3006106;62.970493
0.028;0.016;15;11;19;0.6370192;0.72727275;0.80923843;0.67438364;0.3006106;62.970493
0.029;0.016;15;11;19;0.6370192;0.72727275;0.80923843;0.67438364;0.3006106;62.970493
0.03;0.016;15;11;19;0.6370192;0.72727275;0.80923843;0.67438364;0.3006106;62.970493
0.001;0.017;15;21;20;0.88349867;0.95238096;0.91116637;0.90227103;0.39995196;80.98538
0.002;0.017;15;21;20;0.88349867;0.95238096;0.91116637;0.90227103;0.39995196;80.98538
0.003;0.017;15;19;19;0.8612673;0.9411765;0.9093358;0.88626915;0.3740636;79.442245
0.004;0.017;15;17;18;0.84926933;0.9254902;0.9055836;0.8886097;0.3894888;79.16884
0.005;0.017;15;16;18;0.83407295;0.91071427;0.86497104;0.8553865;0.36520156;76.606926
0.006;0.017;15;15;16;0.84056693;0.9128205;0.8819398;0.8806802;0.40663406;78.45283
0.007;0.017;15;14;16;0.8291788;0.89285713;0.8672515;0.8502009;0.41691926;77.12815
0.008;0.017;15;14;16;0.8291788;0.89285713;0.8672515;0.8502009;0.41691926;77.12815
0.009;0.017;15;13;16;0.832748;0.8671329;0.8498874;0.8386265;0.39682624;75.70442
0.01;0.017;15;13;16;0.832748;0.8671329;0.8498874;0.8386265;0.39682624;75.70442
0.011;0.017;15;12;16;0.79429215;0.8333333;0.8214605;0.7942971;0.3967117;72.801895
0.012;0.017;15;12;16;0.79429215;0.8333333;0.8214605;0.7942971;0.3967117;72.801895
0.013;0.017;15;11;16;0.7431985;0.78787875;0.80673176;0.8017086;0.369533;70.181015
0.014;0.017;15;12;17;0.7678665;0.8166666;0.80425215;0.7595575;0.35765263;70.11991
0.015;0.017;15;12;17;0.7678665;0.8166666;0.80425215;0.7595575;0.35765263;70.11991
0.016;0.017;15;12;17;0.76712245;0.8166666;0.79803795;0.72226286;0.35765263;69.23485
0.017;0.017;15;11;16;0.67699146;0.78787875;0.78881943;0.74794865;0.34962347;67.02524
0.018;0.017;15;10;15;0.6759641;0.75;0.7948667;0.73052573;0.33938107;65.81475
0.019;0.017;15;10;16;0.6885803;0.725;0.7921367;0.7302455;0.33938107;65.506874
0.02;0.017;15;10;16;0.6885803;0.725;0.7921367;0.7302455;0.33938107;65.506874
0.021;0.017;15;10;16;0.6885803;0.725;0.7921367;0.7302455;0.33938107;65.506874
0.022;0.017;15;10;17;0.685585;0.7;0.79817384;0.7349427;0.33968285;65.16769
0.023;0.017;15;10;17;0.685585;0.7;0.79817384;0.7349427;0.33968285;65.16769
0.024;0.017;15;10;17;0.685585;0.7;0.79817384;0.7349427;0.33968285;65.16769
0.025;0.017;15;10;17;0.685585;0.7;0.79817384;0.7349427;0.33968285;65.16769
0.026;0.017;15;10;17;0.685585;0.7;0.79817384;0.7349427;0.33968285;65.16769
0.027;0.017;15;10;17;0.685585;0.7;0.79817384;0.7349427;0.33968285;65.16769
0.028;0.017;15;10;17;0.685585;0.7;0.79817384;0.7349427;0.33968285;65.16769
0.029;0.017;15;10;17;0.685585;0.7;0.79817384;0.7349427;0.33968285;65.16769
0.03;0.017;15;10;17;0.685585;0.7;0.79817384;0.7349427;0.33968285;65.16769
0.001;0.018;15;21;20;0.8803165;0.95238096;0.91137016;0.9027217;0.40025818;80.94095
0.002;0.018;15;21;20;0.8803165;0.95238096;0.91137016;0.9027217;0.40025818;80.94095
0.003;0.018;15;19;19;0.8577501;0.9411765;0.9096649;0.88693684;0.37435052;79.397575
0.004;0.018;15;18;19;0.8531584;0.9305555;0.91087013;0.8937049;0.38029116;79.3716
0.005;0.018;15;17;19;0.82364786;0.91764706;0.8960233;0.8762996;0.38776466;78.02765
0.006;0.018;15;15;17;0.8096564;0.90256405;0.8717192;0.8647162;0.40376574;77.04843
0.007;0.018;15;14;17;0.79606044;0.88095236;0.85789496;0.8330966;0.41381598;75.636406
0.008;0.018;15;14;17;0.79606044;0.88095236;0.85789496;0.8330966;0.41381598;75.636406
0.009;0.018;15;13;17;0.79745233;0.8531468;0.84408283;0.8200796;0.3970539;74.236305
0.01;0.018;15;13;17;0.79745233;0.8531468;0.84408283;0.8200796;0.3970539;74.236305
0.011;0.018;15;11;15;0.84574825;0.8080808;0.7943859;0.79827005;0.38206616;72.57103
0.012;0.018;15;11;15;0.84574825;0.8080808;0.7943859;0.79827005;0.38206616;72.57103
0.013;0.018;15;11;15;0.84574825;0.8080808;0.7943859;0.79827005;0.38206616;72.57103
0.014;0.018;15;11;15;0.84131366;0.8080808;0.780648;0.7697002;0.38206616;71.63618
0.015;0.018;15;11;15;0.84131366;0.8080808;0.780648;0.7697002;0.38206616;71.63618
0.016;0.018;15;11;15;0.84131366;0.8080808;0.780648;0.7697002;0.38206616;71.63618
0.017;0.018;15;9;13;0.7726814;0.7301587;0.812509;0.6701634;0.3519982;66.75021
0.018;0.018;15;8;11;0.71928453;0.7083333;0.8364186;0.6600308;0.33520958;65.18554
0.019;0.018;15;7;10;0.6838255;0.6285714;0.81493115;0.7556545;0.34431234;64.5459
0.02;0.018;15;6;10;0.6550941;0.41666663;0.816077;0.7829895;0.28072193;59.030983
0.021;0.018;15;6;10;0.6550941;0.41666663;0.816077;0.7829895;0.28072193;59.030983
0.022;0.018;15;5;8;0.65066385;0.26666656;0.7926669;0.7227055;0.2947886;54.549824
0.023;0.018;15;5;8;0.65066385;0.26666656;0.7926669;0.7227055;0.2947886;54.549824
0.024;0.018;15;5;8;0.65066385;0.26666656;0.7926669;0.7227055;0.2947886;54.549824
0.025;0.018;15;5;8;0.65066385;0.26666656;0.7926669;0.7227055;0.2947886;54.549824
0.026;0.018;15;5;8;0.65066385;0.26666656;0.7926669;0.7227055;0.2947886;54.549824
0.027;0.018;15;5;8;0.65066385;0.26666656;0.7926669;0.7227055;0.2947886;54.549824
0.028;0.018;15;5;8;0.65066385;0.26666656;0.7926669;0.7227055;0.2947886;54.549824
0.029;0.018;15;5;8;0.65066385;0.26666656;0.7926669;0.7227055;0.2947886;54.549824
0.03;0.018;15;5;8;0.65066385;0.26666656;0.7926669;0.7227055;0.2947886;54.549824
0.001;0.019;15;16;15;0.80109876;0.9375;0.88589096;0.8747597;0.37980857;77.581154
0.002;0.019;15;16;15;0.80109876;0.9375;0.88589096;0.8747597;0.37980857;77.581154
0.003;0.019;15;15;15;0.79049015;0.9230769;0.89061135;0.861062;0.36519954;76.608795
0.004;0.019;15;14;14;0.7570289;0.9166667;0.8661093;0.86432546;0.3869883;75.82238
0.005;0.019;15;14;14;0.7570289;0.9166667;0.8661093;0.86432546;0.3869883;75.82238
0.006;0.019;15;13;14;0.75307095;0.8951048;0.86746126;0.85249126;0.39002356;75.16304
0.007;0.019;15;13;14;0.75307095;0.8951048;0.86746126;0.85249126;0.39002356;75.16304
0.008;0.019;15;12;14;0.7294184;0.8666667;0.8551488;0.8317801;0.37120813;73.08444
0.009;0.019;15;12;14;0.7294184;0.8666667;0.8551488;0.8317801;0.37120813;73.08444
0.01;0.019;15;12;14;0.7294184;0.8666667;0.8551488;0.8317801;0.37120813;73.08444
0.011;0.019;15;11;14;0.8072994;0.8282828;0.82080895;0.8045863;0.3847557;72.91466
0.012;0.019;15;11;14;0.8072994;0.8282828;0.82080895;0.8045863;0.3847557;72.91466
0.013;0.019;15;11;14;0.8072994;0.8282828;0.82080895;0.8045863;0.3847557;72.91466
0.014;0.019;15;11;14;0.8072994;0.8282828;0.82080895;0.8045863;0.3847557;72.91466
0.015;0.019;15;11;14;0.8072994;0.8282828;0.82080895;0.8045863;0.3847557;72.91466
0.016;0.019;15;11;14;0.8072994;0.8282828;0.82080895;0.8045863;0.3847557;72.91466
0.017;0.019;15;9;12;0.7883744;0.7619047;0.8421878;0.710513;0.33193403;68.69828
0.018;0.019;15;8;12;0.73735726;0.6666667;0.79045856;0.60725546;0.31039274;62.242615
0.019;0.019;15;7;10;0.6652415;0.6285714;0.81431985;0.59129447;0.2847598;59.68374
0.02;0.019;15;5;8;0.71041286;0.26666674;0.8793555;0.78978825;0.19367538;56.797977
0.021;0.019;15;5;8;0.71041286;0.26666674;0.8793555;0.78978825;0.19367538;56.797977
0.022;0.019;15;4;6;0.6477455;0.0;0.9004394;0.7167803;0.14781423;48.255585
0.023;0.019;15;4;6;0.6477455;0.0;0.9004394;0.7167803;0.14781423;48.255585
0.024;0.019;15;4;6;0.6477455;0.0;0.9004394;0.7167803;0.14781423;48.255585
0.025;0.019;15;4;6;0.6477455;0.0;0.9004394;0.7167803;0.14781423;48.255585
0.026;0.019;15;4;6;0.6477455;0.0;0.9004394;0.7167803;0.14781423;48.255585
0.027;0.019;15;4;6;0.6477455;0.0;0.9004394;0.7167803;0.14781423;48.255585
0.028;0.019;15;4;6;0.6477455;0.0;0.9004394;0.7167803;0.14781423;48.255585
0.029;0.019;15;4;6;0.6477455;0.0;0.9004394;0.7167803;0.14781423;48.255585
0.03;0.019;15;4;6;0.6477455;0.0;0.9004394;0.7167803;0.14781423;48.255585
0.001;0.02;15;13;12;0.7497052;0.92307687;0.86774915;0.8550124;0.37007564;75.312386
0.002;0.02;15;13;12;0.7497052;0.92307687;0.86774915;0.8550124;0.37007564;75.312386
0.003;0.02;15;12;12;0.7288473;0.9;0.86794853;0.83153325;0.35916767;73.74994
0.004;0.02;15;12;12;0.7288473;0.9;0.86794853;0.83153325;0.35916767;73.74994
0.005;0.02;15;12;12;0.7288473;0.9;0.86794853;0.83153325;0.35916767;73.74994
0.006;0.02;15;11;12;0.72160786;0.86868685;0.8695494;0.8145663;0.3611618;72.71144
0.007;0.02;15;11;12;0.6900422;0.86868685;0.8746594;0.82089734;0.3507047;72.09981
0.008;0.02;15;11;12;0.6900422;0.86868685;0.8746594;0.82089734;0.3507047;72.09981
0.009;0.02;15;10;11;0.660753;0.84999996;0.8612137;0.81214404;0.33899367;70.46209
0.01;0.02;15;10;11;0.660753;0.84999996;0.8612137;0.81214404;0.33899367;70.46209
0.011;0.02;15;10;11;0.660753;0.84999996;0.8612137;0.81214404;0.33899367;70.46209
0.012;0.02;15;10;11;0.660753;0.84999996;0.8612137;0.81214404;0.33899367;70.46209
0.013;0.02;15;9;11;0.7085347;0.79365075;0.8454137;0.7856612;0.33007866;69.26678
0.014;0.02;15;7;8;0.76779884;0.7428571;0.8261889;0.8372497;0.3240175;69.96224
0.015;0.02;15;7;8;0.76779884;0.7428571;0.8261889;0.8372497;0.3240175;69.96224
0.016;0.02;15;7;8;0.76779884;0.7428571;0.8261889;0.8372497;0.3240175;69.96224
0.017;0.02;15;7;8;0.76779884;0.7428571;0.8261889;0.8372497;0.3240175;69.96224
0.018;0.02;15;6;7;0.7296332;0.6666667;0.8015075;0.8102215;0.34134153;66.987404
0.019;0.02;15;6;7;0.7296332;0.6666667;0.8015075;0.8102215;0.34134153;66.987404
0.02;0.02;15;6;7;0.7296332;0.6666667;0.8015075;0.8102215;0.34134153;66.987404
0.021;0.02;15;6;7;0.7296332;0.6666667;0.8015075;0.8102215;0.34134153;66.987404
0.022;0.02;15;4;4;0.68615913;0.5;0.82691824;0.6913819;0.311942;60.328026
0.023;0.02;15;4;4;0.68615913;0.5;0.82691824;0.6913819;0.311942;60.328026
0.024;0.02;15;4;4;0.68615913;0.5;0.82691824;0.6913819;0.311942;60.328026
0.025;0.02;15;4;4;0.68615913;0.5;0.82691824;0.6913819;0.311942;60.328026
0.026;0.02;15;4;4;0.68615913;0.5;0.82691824;0.6913819;0.311942;60.328026
0.027;0.02;15;4;4;0.68615913;0.5;0.82691824;0.6913819;0.311942;60.328026
0.028;0.02;15;4;4;0.68615913;0.5;0.82691824;0.6913819;0.311942;60.328026
0.029;0.02;15;4;4;0.68615913;0.5;0.82691824;0.6913819;0.311942;60.328026
0.03;0.02;15;4;4;0.68615913;0.5;0.82691824;0.6913819;0.311942;60.328026
0.001;0.021;15;12;11;0.6803222;0.9166667;0.8562868;0.8519993;0.379851;73.70252
0.002;0.021;15;12;11;0.6803222;0.9166667;0.8562868;0.8519993;0.379851;73.70252
0.003;0.021;15;12;11;0.6803222;0.9166667;0.8562868;0.8519993;0.379851;73.70252
0.004;0.021;15;12;11;0.6803222;0.9166667;0.8562868;0.8519993;0.379851;73.70252
0.005;0.021;15;12;11;0.6803222;0.9166667;0.8562868;0.8519993;0.379851;73.70252
0.006;0.021;15;11;11;0.6686713;0.8888889;0.85800755;0.8368928;0.38218817;72.69297
0.007;0.021;15;11;11;0.6686713;0.8888889;0.85800755;0.8368928;0.38218817;72.69297
0.008;0.021;15;11;11;0.6686713;0.8888889;0.85800755;0.8368928;0.38218817;72.69297
0.009;0.021;15;11;11;0.6686713;0.8888889;0.85800755;0.8368928;0.38218817;72.69297
0.01;0.021;15;11;11;0.6686713;0.8888889;0.85800755;0.8368928;0.38218817;72.69297
0.011;0.021;15;11;11;0.6686713;0.8888889;0.85800755;0.8368928;0.38218817;72.69297
0.012;0.021;15;11;11;0.6686713;0.8888889;0.85800755;0.8368928;0.38218817;72.69297
0.013;0.021;15;9;9;0.65395975;0.85714287;0.8483015;0.8199922;0.3470867;70.529655
0.014;0.021;15;7;8;0.77377164;0.7428571;0.82108384;0.8348508;0.3298897;70.049065
0.015;0.021;15;7;8;0.77377164;0.7428571;0.82108384;0.8348508;0.3298897;70.049065
0.016;0.021;15;7;8;0.77377164;0.7428571;0.82108384;0.8348508;0.3298897;70.049065
0.017;0.021;15;7;8;0.77377164;0.7428571;0.82108384;0.8348508;0.3298897;70.049065
0.018;0.021;15;6;7;0.7366015;0.6666667;0.79566234;0.8074228;0.34795922;67.08625
0.019;0.021;15;6;7;0.7366015;0.6666667;0.79566234;0.8074228;0.34795922;67.08625
0.02;0.021;15;6;7;0.7366015;0.6666667;0.79566234;0.8074228;0.34795922;67.08625
0.021;0.021;15;6;7;0.7366015;0.6666667;0.79566234;0.8074228;0.34795922;67.08625
0.022;0.021;15;4;4;0.6936841;0.5;0.8232362;0.70095193;0.32365754;60.8306
0.023;0.021;15;4;4;0.6936841;0.5;0.8232362;0.70095193;0.32365754;60.8306
0.024;0.021;15;4;4;0.6936841;0.5;0.8232362;0.70095193;0.32365754;60.8306
0.025;0.021;15;4;4;0.6936841;0.5;0.8232362;0.70095193;0.32365754;60.8306
0.026;0.021;15;4;4;0.6936841;0.5;0.8232362;0.70095193;0.32365754;60.8306
0.027;0.021;15;4;4;0.6936841;0.5;0.8232362;0.70095193;0.32365754;60.8306
0.028;0.021;15;4;4;0.6936841;0.5;0.8232362;0.70095193;0.32365754;60.8306
0.029;0.021;15;4;4;0.6936841;0.5;0.8232362;0.70095193;0.32365754;60.8306
0.03;0.021;15;4;4;0.6936841;0.5;0.8232362;0.70095193;0.32365754;60.8306
0.001;0.022;15;7;6;0.77153814;0.8571428;0.8341369;0.7690147;0.32486704;71.13399
0.002;0.022;15;7;6;0.77153814;0.8571428;0.8341369;0.7690147;0.32486704;71.13399
0.003;0.022;15;7;6;0.77153814;0.8571428;0.8341369;0.7690147;0.32486704;71.13399
0.004;0.022;15;7;6;0.77153814;0.8571428;0.8341369;0.7690147;0.32486704;71.13399
0.005;0.022;15;7;6;0.77153814;0.8571428;0.8341369;0.7690147;0.32486704;71.13399
0.006;0.022;15;6;6;0.7653809;0.75;0.83773917;0.7274887;0.31807598;67.973694
0.007;0.022;15;6;6;0.7653809;0.75;0.83773917;0.7274887;0.31807598;67.973694
0.008;0.022;15;6;6;0.7653809;0.75;0.83773917;0.7274887;0.31807598;67.973694
0.009;0.022;15;6;6;0.7653809;0.75;0.83773917;0.7274887;0.31807598;67.973694
0.01;0.022;15;6;6;0.7653809;0.75;0.83773917;0.7274887;0.31807598;67.973694
0.011;0.022;15;6;6;0.7653809;0.75;0.83773917;0.7274887;0.31807598;67.973694
0.012;0.022;15;6;6;0.7653809;0.75;0.83773917;0.7274887;0.31807598;67.973694
0.013;0.022;15;6;6;0.7653809;0.75;0.83773917;0.7274887;0.31807598;67.973694
0.014;0.022;15;6;6;0.7653809;0.75;0.83773917;0.7274887;0.31807598;67.973694
0.015;0.022;15;6;6;0.7653809;0.75;0.83773917;0.7274887;0.31807598;67.973694
0.016;0.022;15;4;4;0.81568015;0.5;0.83648866;0.7786971;0.30245322;64.66638
0.017;0.022;15;4;4;0.81568015;0.5;0.83648866;0.7786971;0.30245322;64.66638
0.018;0.022;15;4;4;0.81568015;0.5;0.83648866;0.7786971;0.30245322;64.66638
0.019;0.022;15;4;4;0.81568015;0.5;0.83648866;0.7786971;0.30245322;64.66638
0.02;0.022;15;4;4;0.81568015;0.5;0.83648866;0.7786971;0.30245322;64.66638
0.021;0.022;15;3;2;0.7544397;0.6666666;0.8042772;0.7050164;0.313798;64.88396
0.022;0.022;15;2;1;0.59762776;NaN;0.90628403;0.6293395;0.09371593;NaN
0.023;0.022;15;2;1;0.59762776;NaN;0.90628403;0.6293395;0.09371593;NaN
0.024;0.022;15;2;1;0.59762776;NaN;0.90628403;0.6293395;0.09371593;NaN
0.025;0.022;15;2;1;0.59762776;NaN;0.90628403;0.6293395;0.09371593;NaN
0.026;0.022;15;2;1;0.59762776;NaN;0.90628403;0.6293395;0.09371593;NaN
0.027;0.022;15;2;1;0.59762776;NaN;0.90628403;0.6293395;0.09371593;NaN
0.028;0.022;15;2;1;0.59762776;NaN;0.90628403;0.6293395;0.09371593;NaN
0.029;0.022;15;2;1;0.59762776;NaN;0.90628403;0.6293395;0.09371593;NaN
0.03;0.022;15;2;1;0.59762776;NaN;0.90628403;0.6293395;0.09371593;NaN
0.001;0.023;15;5;4;0.7462009;0.8;0.80927056;0.69489616;0.31105134;67.22838
0.002;0.023;15;5;4;0.7462009;0.8;0.80927056;0.69489616;0.31105134;67.22838
0.003;0.023;15;5;4;0.7462009;0.8;0.80927056;0.69489616;0.31105134;67.22838
0.004;0.023;15;5;4;0.7462009;0.8;0.80927056;0.69489616;0.31105134;67.22838
0.005;0.023;15;5;4;0.7462009;0.8;0.80927056;0.69489616;0.31105134;67.22838
0.006;0.023;15;5;4;0.7462009;0.8;0.80927056;0.69489616;0.31105134;67.22838
0.007;0.023;15;5;4;0.7462009;0.8;0.80927056;0.69489616;0.31105134;67.22838
0.008;0.023;15;5;4;0.7462009;0.8;0.80927056;0.69489616;0.31105134;67.22838
0.009;0.023;15;5;4;0.7462009;0.8;0.80927056;0.69489616;0.31105134;67.22838
0.01;0.023;15;5;4;0.7462009;0.8;0.80927056;0.69489616;0.31105134;67.22838
0.011;0.023;15;5;4;0.7462009;0.8;0.80927056;0.69489616;0.31105134;67.22838
0.012;0.023;15;5;4;0.7462009;0.8;0.80927056;0.69489616;0.31105134;67.22838
0.013;0.023;15;5;4;0.7462009;0.8;0.80927056;0.69489616;0.31105134;67.22838
0.014;0.023;15;5;4;0.7462009;0.8;0.80927056;0.69489616;0.31105134;67.22838
0.015;0.023;15;5;4;0.7462009;0.8;0.80927056;0.69489616;0.31105134;67.22838
0.016;0.023;15;4;3;0.80989313;0.75;0.8181034;0.78682935;0.32642725;69.82506
0.017;0.023;15;4;3;0.80989313;0.75;0.8181034;0.78682935;0.32642725;69.82506
0.018;0.023;15;4;3;0.80989313;0.75;0.8181034;0.78682935;0.32642725;69.82506
0.019;0.023;15;4;3;0.80989313;0.75;0.8181034;0.78682935;0.32642725;69.82506
0.02;0.023;15;4;3;0.80989313;0.75;0.8181034;0.78682935;0.32642725;69.82506
0.021;0.023;15;3;2;0.7544397;0.6666666;0.8042772;0.7050164;0.313798;64.88396
0.022;0.023;15;2;1;0.59762776;NaN;0.90628403;0.6293395;0.09371593;NaN
0.023;0.023;15;2;1;0.59762776;NaN;0.90628403;0.6293395;0.09371593;NaN
0.024;0.023;15;2;1;0.59762776;NaN;0.90628403;0.6293395;0.09371593;NaN
0.025;0.023;15;2;1;0.59762776;NaN;0.90628403;0.6293395;0.09371593;NaN
0.026;0.023;15;2;1;0.59762776;NaN;0.90628403;0.6293395;0.09371593;NaN
0.027;0.023;15;2;1;0.59762776;NaN;0.90628403;0.6293395;0.09371593;NaN
0.028;0.023;15;2;1;0.59762776;NaN;0.90628403;0.6293395;0.09371593;NaN
0.029;0.023;15;2;1;0.59762776;NaN;0.90628403;0.6293395;0.09371593;NaN
0.03;0.023;15;2;1;0.59762776;NaN;0.90628403;0.6293395;0.09371593;NaN
0.001;0.024;15;1;0;0.6764706;-0.0;1.0;0.5687177;2.4866472E-8;44.903767
0.002;0.024;15;1;0;0.6764706;-0.0;1.0;0.5687177;2.4866472E-8;44.903767
0.003;0.024;15;1;0;0.6764706;-0.0;1.0;0.5687177;2.4866472E-8;44.903767
0.004;0.024;15;1;0;0.6764706;-0.0;1.0;0.5687177;2.4866472E-8;44.903767
0.005;0.024;15;1;0;0.6764706;-0.0;1.0;0.5687177;2.4866472E-8;44.903767
0.006;0.024;15;1;0;0.6764706;-0.0;1.0;0.5687177;2.4866472E-8;44.903767
0.007;0.024;15;1;0;0.6764706;-0.0;1.0;0.5687177;2.4866472E-8;44.903767
0.008;0.024;15;1;0;0.6764706;-0.0;1.0;0.5687177;2.4866472E-8;44.903767
0.009;0.024;15;1;0;0.6764706;-0.0;1.0;0.5687177;2.4866472E-8;44.903767
0.01;0.024;15;1;0;0.6764706;-0.0;1.0;0.5687177;2.4866472E-8;44.903767
0.011;0.024;15;1;0;0.6764706;-0.0;1.0;0.5687177;2.4866472E-8;44.903767
0.012;0.024;15;1;0;0.6764706;-0.0;1.0;0.5687177;2.4866472E-8;44.903767
0.013;0.024;15;1;0;0.6764706;-0.0;1.0;0.5687177;2.4866472E-8;44.903767
0.014;0.024;15;1;0;0.6764706;-0.0;1.0;0.5687177;2.4866472E-8;44.903767
0.015;0.024;15;1;0;0.6764706;-0.0;1.0;0.5687177;2.4866472E-8;44.903767
0.016;0.024;15;1;0;0.6764706;-0.0;1.0;0.5687177;2.4866472E-8;44.903767
0.017;0.024;15;1;0;0.6764706;-0.0;1.0;0.5687177;2.4866472E-8;44.903767
0.018;0.024;15;1;0;0.6764706;-0.0;1.0;0.5687177;2.4866472E-8;44.903767
0.019;0.024;15;1;0;0.6764706;-0.0;1.0;0.5687177;2.4866472E-8;44.903767
0.02;0.024;15;1;0;0.6764706;-0.0;1.0;0.5687177;2.4866472E-8;44.903767
0.021;0.024;15;1;0;0.6764706;-0.0;1.0;0.5687177;2.4866472E-8;44.903767
0.022;0.024;15;1;0;0.6764706;-0.0;1.0;0.5687177;2.4866472E-8;44.903767
0.023;0.024;15;1;0;0.6764706;-0.0;1.0;0.5687177;2.4866472E-8;44.903767
0.024;0.024;15;1;0;0.6764706;-0.0;1.0;0.5687177;2.4866472E-8;44.903767
0.025;0.024;15;1;0;0.6764706;-0.0;1.0;0.5687177;2.4866472E-8;44.903767
0.026;0.024;15;1;0;0.6764706;-0.0;1.0;0.5687177;2.4866472E-8;44.903767
0.027;0.024;15;1;0;0.6764706;-0.0;1.0;0.5687177;2.4866472E-8;44.903767
0.028;0.024;15;1;0;0.6764706;-0.0;1.0;0.5687177;2.4866472E-8;44.903767
0.029;0.024;15;1;0;0.6764706;-0.0;1.0;0.5687177;2.4866472E-8;44.903767
0.03;0.024;15;1;0;0.6764706;-0.0;1.0;0.5687177;2.4866472E-8;44.903767
0.001;0.025;15;1;0;0.6764706;-0.0;1.0;0.5687177;2.4866472E-8;44.903767
0.002;0.025;15;1;0;0.6764706;-0.0;1.0;0.5687177;2.4866472E-8;44.903767
0.003;0.025;15;1;0;0.6764706;-0.0;1.0;0.5687177;2.4866472E-8;44.903767
0.004;0.025;15;1;0;0.6764706;-0.0;1.0;0.5687177;2.4866472E-8;44.903767
0.005;0.025;15;1;0;0.6764706;-0.0;1.0;0.5687177;2.4866472E-8;44.903767
0.006;0.025;15;1;0;0.6764706;-0.0;1.0;0.5687177;2.4866472E-8;44.903767
0.007;0.025;15;1;0;0.6764706;-0.0;1.0;0.5687177;2.4866472E-8;44.903767
0.008;0.025;15;1;0;0.6764706;-0.0;1.0;0.5687177;2.4866472E-8;44.903767
0.009;0.025;15;1;0;0.6764706;-0.0;1.0;0.5687177;2.4866472E-8;44.903767
0.01;0.025;15;1;0;0.6764706;-0.0;1.0;0.5687177;2.4866472E-8;44.903767
0.011;0.025;15;1;0;0.6764706;-0.0;1.0;0.5687177;2.4866472E-8;44.903767
0.012;0.025;15;1;0;0.6764706;-0.0;1.0;0.5687177;2.4866472E-8;44.903767
0.013;0.025;15;1;0;0.6764706;-0.0;1.0;0.5687177;2.4866472E-8;44.903767
0.014;0.025;15;1;0;0.6764706;-0.0;1.0;0.5687177;2.4866472E-8;44.903767
0.015;0.025;15;1;0;0.6764706;-0.0;1.0;0.5687177;2.4866472E-8;44.903767
0.016;0.025;15;1;0;0.6764706;-0.0;1.0;0.5687177;2.4866472E-8;44.903767
0.017;0.025;15;1;0;0.6764706;-0.0;1.0;0.5687177;2.4866472E-8;44.903767
0.018;0.025;15;1;0;0.6764706;-0.0;1.0;0.5687177;2.4866472E-8;44.903767
0.019;0.025;15;1;0;0.6764706;-0.0;1.0;0.5687177;2.4866472E-8;44.903767
0.02;0.025;15;1;0;0.6764706;-0.0;1.0;0.5687177;2.4866472E-8;44.903767
0.021;0.025;15;1;0;0.6764706;-0.0;1.0;0.5687177;2.4866472E-8;44.903767
0.022;0.025;15;1;0;0.6764706;-0.0;1.0;0.5687177;2.4866472E-8;44.903767
0.023;0.025;15;1;0;0.6764706;-0.0;1.0;0.5687177;2.4866472E-8;44.903767
0.024;0.025;15;1;0;0.6764706;-0.0;1.0;0.5687177;2.4866472E-8;44.903767
0.025;0.025;15;1;0;0.6764706;-0.0;1.0;0.5687177;2.4866472E-8;44.903767
0.026;0.025;15;1;0;0.6764706;-0.0;1.0;0.5687177;2.4866472E-8;44.903767
0.027;0.025;15;1;0;0.6764706;-0.0;1.0;0.5687177;2.4866472E-8;44.903767
0.028;0.025;15;1;0;0.6764706;-0.0;1.0;0.5687177;2.4866472E-8;44.903767
0.029;0.025;15;1;0;0.6764706;-0.0;1.0;0.5687177;2.4866472E-8;44.903767
0.03;0.025;15;1;0;0.6764706;-0.0;1.0;0.5687177;2.4866472E-8;44.903767
0.001;0.026;15;1;0;0.6764706;-0.0;1.0;0.5687177;2.4866472E-8;44.903767
0.002;0.026;15;1;0;0.6764706;-0.0;1.0;0.5687177;2.4866472E-8;44.903767
0.003;0.026;15;1;0;0.6764706;-0.0;1.0;0.5687177;2.4866472E-8;44.903767
0.004;0.026;15;1;0;0.6764706;-0.0;1.0;0.5687177;2.4866472E-8;44.903767
0.005;0.026;15;1;0;0.6764706;-0.0;1.0;0.5687177;2.4866472E-8;44.903767
0.006;0.026;15;1;0;0.6764706;-0.0;1.0;0.5687177;2.4866472E-8;44.903767
0.007;0.026;15;1;0;0.6764706;-0.0;1.0;0.5687177;2.4866472E-8;44.903767
0.008;0.026;15;1;0;0.6764706;-0.0;1.0;0.5687177;2.4866472E-8;44.903767
0.009;0.026;15;1;0;0.6764706;-0.0;1.0;0.5687177;2.4866472E-8;44.903767
0.01;0.026;15;1;0;0.6764706;-0.0;1.0;0.5687177;2.4866472E-8;44.903767
0.011;0.026;15;1;0;0.6764706;-0.0;1.0;0.5687177;2.4866472E-8;44.903767
0.012;0.026;15;1;0;0.6764706;-0.0;1.0;0.5687177;2.4866472E-8;44.903767
0.013;0.026;15;1;0;0.6764706;-0.0;1.0;0.5687177;2.4866472E-8;44.903767
0.014;0.026;15;1;0;0.6764706;-0.0;1.0;0.5687177;2.4866472E-8;44.903767
0.015;0.026;15;1;0;0.6764706;-0.0;1.0;0.5687177;2.4866472E-8;44.903767
0.016;0.026;15;1;0;0.6764706;-0.0;1.0;0.5687177;2.4866472E-8;44.903767
0.017;0.026;15;1;0;0.6764706;-0.0;1.0;0.5687177;2.4866472E-8;44.903767
0.018;0.026;15;1;0;0.6764706;-0.0;1.0;0.5687177;2.4866472E-8;44.903767
0.019;0.026;15;1;0;0.6764706;-0.0;1.0;0.5687177;2.4866472E-8;44.903767
0.02;0.026;15;1;0;0.6764706;-0.0;1.0;0.5687177;2.4866472E-8;44.903767
0.021;0.026;15;1;0;0.6764706;-0.0;1.0;0.5687177;2.4866472E-8;44.903767
0.022;0.026;15;1;0;0.6764706;-0.0;1.0;0.5687177;2.4866472E-8;44.903767
0.023;0.026;15;1;0;0.6764706;-0.0;1.0;0.5687177;2.4866472E-8;44.903767
0.024;0.026;15;1;0;0.6764706;-0.0;1.0;0.5687177;2.4866472E-8;44.903767
0.025;0.026;15;1;0;0.6764706;-0.0;1.0;0.5687177;2.4866472E-8;44.903767
0.026;0.026;15;1;0;0.6764706;-0.0;1.0;0.5687177;2.4866472E-8;44.903767
0.027;0.026;15;1;0;0.6764706;-0.0;1.0;0.5687177;2.4866472E-8;44.903767
0.028;0.026;15;1;0;0.6764706;-0.0;1.0;0.5687177;2.4866472E-8;44.903767
0.029;0.026;15;1;0;0.6764706;-0.0;1.0;0.5687177;2.4866472E-8;44.903767
0.03;0.026;15;1;0;0.6764706;-0.0;1.0;0.5687177;2.4866472E-8;44.903767
0.001;0.027;15;1;0;0.6764706;-0.0;1.0;0.5687177;2.4866472E-8;44.903767
0.002;0.027;15;1;0;0.6764706;-0.0;1.0;0.5687177;2.4866472E-8;44.903767
0.003;0.027;15;1;0;0.6764706;-0.0;1.0;0.5687177;2.4866472E-8;44.903767
0.004;0.027;15;1;0;0.6764706;-0.0;1.0;0.5687177;2.4866472E-8;44.903767
0.005;0.027;15;1;0;0.6764706;-0.0;1.0;0.5687177;2.4866472E-8;44.903767
0.006;0.027;15;1;0;0.6764706;-0.0;1.0;0.5687177;2.4866472E-8;44.903767
0.007;0.027;15;1;0;0.6764706;-0.0;1.0;0.5687177;2.4866472E-8;44.903767
0.008;0.027;15;1;0;0.6764706;-0.0;1.0;0.5687177;2.4866472E-8;44.903767
0.009;0.027;15;1;0;0.6764706;-0.0;1.0;0.5687177;2.4866472E-8;44.903767
0.01;0.027;15;1;0;0.6764706;-0.0;1.0;0.5687177;2.4866472E-8;44.903767
0.011;0.027;15;1;0;0.6764706;-0.0;1.0;0.5687177;2.4866472E-8;44.903767
0.012;0.027;15;1;0;0.6764706;-0.0;1.0;0.5687177;2.4866472E-8;44.903767
0.013;0.027;15;1;0;0.6764706;-0.0;1.0;0.5687177;2.4866472E-8;44.903767
0.014;0.027;15;1;0;0.6764706;-0.0;1.0;0.5687177;2.4866472E-8;44.903767
0.015;0.027;15;1;0;0.6764706;-0.0;1.0;0.5687177;2.4866472E-8;44.903767
0.016;0.027;15;1;0;0.6764706;-0.0;1.0;0.5687177;2.4866472E-8;44.903767
0.017;0.027;15;1;0;0.6764706;-0.0;1.0;0.5687177;2.4866472E-8;44.903767
0.018;0.027;15;1;0;0.6764706;-0.0;1.0;0.5687177;2.4866472E-8;44.903767
0.019;0.027;15;1;0;0.6764706;-0.0;1.0;0.5687177;2.4866472E-8;44.903767
0.02;0.027;15;1;0;0.6764706;-0.0;1.0;0.5687177;2.4866472E-8;44.903767
0.021;0.027;15;1;0;0.6764706;-0.0;1.0;0.5687177;2.4866472E-8;44.903767
0.022;0.027;15;1;0;0.6764706;-0.0;1.0;0.5687177;2.4866472E-8;44.903767
0.023;0.027;15;1;0;0.6764706;-0.0;1.0;0.5687177;2.4866472E-8;44.903767
0.024;0.027;15;1;0;0.6764706;-0.0;1.0;0.5687177;2.4866472E-8;44.903767
0.025;0.027;15;1;0;0.6764706;-0.0;1.0;0.5687177;2.4866472E-8;44.903767
0.026;0.027;15;1;0;0.6764706;-0.0;1.0;0.5687177;2.4866472E-8;44.903767
0.027;0.027;15;1;0;0.6764706;-0.0;1.0;0.5687177;2.4866472E-8;44.903767
0.028;0.027;15;1;0;0.6764706;-0.0;1.0;0.5687177;2.4866472E-8;44.903767
0.029;0.027;15;1;0;0.6764706;-0.0;1.0;0.5687177;2.4866472E-8;44.903767
0.03;0.027;15;1;0;0.6764706;-0.0;1.0;0.5687177;2.4866472E-8;44.903767
0.001;0.028;15;1;0;0.6764706;-0.0;1.0;0.5687177;2.4866472E-8;44.903767
0.002;0.028;15;1;0;0.6764706;-0.0;1.0;0.5687177;2.4866472E-8;44.903767
0.003;0.028;15;1;0;0.6764706;-0.0;1.0;0.5687177;2.4866472E-8;44.903767
0.004;0.028;15;1;0;0.6764706;-0.0;1.0;0.5687177;2.4866472E-8;44.903767
0.005;0.028;15;1;0;0.6764706;-0.0;1.0;0.5687177;2.4866472E-8;44.903767
0.006;0.028;15;1;0;0.6764706;-0.0;1.0;0.5687177;2.4866472E-8;44.903767
0.007;0.028;15;1;0;0.6764706;-0.0;1.0;0.5687177;2.4866472E-8;44.903767
0.008;0.028;15;1;0;0.6764706;-0.0;1.0;0.5687177;2.4866472E-8;44.903767
0.009;0.028;15;1;0;0.6764706;-0.0;1.0;0.5687177;2.4866472E-8;44.903767
0.01;0.028;15;1;0;0.6764706;-0.0;1.0;0.5687177;2.4866472E-8;44.903767
0.011;0.028;15;1;0;0.6764706;-0.0;1.0;0.5687177;2.4866472E-8;44.903767
0.012;0.028;15;1;0;0.6764706;-0.0;1.0;0.5687177;2.4866472E-8;44.903767
0.013;0.028;15;1;0;0.6764706;-0.0;1.0;0.5687177;2.4866472E-8;44.903767
0.014;0.028;15;1;0;0.6764706;-0.0;1.0;0.5687177;2.4866472E-8;44.903767
0.015;0.028;15;1;0;0.6764706;-0.0;1.0;0.5687177;2.4866472E-8;44.903767
0.016;0.028;15;1;0;0.6764706;-0.0;1.0;0.5687177;2.4866472E-8;44.903767
0.017;0.028;15;1;0;0.6764706;-0.0;1.0;0.5687177;2.4866472E-8;44.903767
0.018;0.028;15;1;0;0.6764706;-0.0;1.0;0.5687177;2.4866472E-8;44.903767
0.019;0.028;15;1;0;0.6764706;-0.0;1.0;0.5687177;2.4866472E-8;44.903767
0.02;0.028;15;1;0;0.6764706;-0.0;1.0;0.5687177;2.4866472E-8;44.903767
0.021;0.028;15;1;0;0.6764706;-0.0;1.0;0.5687177;2.4866472E-8;44.903767
0.022;0.028;15;1;0;0.6764706;-0.0;1.0;0.5687177;2.4866472E-8;44.903767
0.023;0.028;15;1;0;0.6764706;-0.0;1.0;0.5687177;2.4866472E-8;44.903767
0.024;0.028;15;1;0;0.6764706;-0.0;1.0;0.5687177;2.4866472E-8;44.903767
0.025;0.028;15;1;0;0.6764706;-0.0;1.0;0.5687177;2.4866472E-8;44.903767
0.026;0.028;15;1;0;0.6764706;-0.0;1.0;0.5687177;2.4866472E-8;44.903767
0.027;0.028;15;1;0;0.6764706;-0.0;1.0;0.5687177;2.4866472E-8;44.903767
0.028;0.028;15;1;0;0.6764706;-0.0;1.0;0.5687177;2.4866472E-8;44.903767
0.029;0.028;15;1;0;0.6764706;-0.0;1.0;0.5687177;2.4866472E-8;44.903767
0.03;0.028;15;1;0;0.6764706;-0.0;1.0;0.5687177;2.4866472E-8;44.903767
0.001;0.029;15;1;0;0.6764706;-0.0;1.0;0.5687177;2.4866472E-8;44.903767
0.002;0.029;15;1;0;0.6764706;-0.0;1.0;0.5687177;2.4866472E-8;44.903767
0.003;0.029;15;1;0;0.6764706;-0.0;1.0;0.5687177;2.4866472E-8;44.903767
0.004;0.029;15;1;0;0.6764706;-0.0;1.0;0.5687177;2.4866472E-8;44.903767
0.005;0.029;15;1;0;0.6764706;-0.0;1.0;0.5687177;2.4866472E-8;44.903767
0.006;0.029;15;1;0;0.6764706;-0.0;1.0;0.5687177;2.4866472E-8;44.903767
0.007;0.029;15;1;0;0.6764706;-0.0;1.0;0.5687177;2.4866472E-8;44.903767
0.008;0.029;15;1;0;0.6764706;-0.0;1.0;0.5687177;2.4866472E-8;44.903767
0.009;0.029;15;1;0;0.6764706;-0.0;1.0;0.5687177;2.4866472E-8;44.903767
0.01;0.029;15;1;0;0.6764706;-0.0;1.0;0.5687177;2.4866472E-8;44.903767
0.011;0.029;15;1;0;0.6764706;-0.0;1.0;0.5687177;2.4866472E-8;44.903767
0.012;0.029;15;1;0;0.6764706;-0.0;1.0;0.5687177;2.4866472E-8;44.903767
0.013;0.029;15;1;0;0.6764706;-0.0;1.0;0.5687177;2.4866472E-8;44.903767
0.014;0.029;15;1;0;0.6764706;-0.0;1.0;0.5687177;2.4866472E-8;44.903767
0.015;0.029;15;1;0;0.6764706;-0.0;1.0;0.5687177;2.4866472E-8;44.903767
0.016;0.029;15;1;0;0.6764706;-0.0;1.0;0.5687177;2.4866472E-8;44.903767
0.017;0.029;15;1;0;0.6764706;-0.0;1.0;0.5687177;2.4866472E-8;44.903767
0.018;0.029;15;1;0;0.6764706;-0.0;1.0;0.5687177;2.4866472E-8;44.903767
0.019;0.029;15;1;0;0.6764706;-0.0;1.0;0.5687177;2.4866472E-8;44.903767
0.02;0.029;15;1;0;0.6764706;-0.0;1.0;0.5687177;2.4866472E-8;44.903767
0.021;0.029;15;1;0;0.6764706;-0.0;1.0;0.5687177;2.4866472E-8;44.903767
0.022;0.029;15;1;0;0.6764706;-0.0;1.0;0.5687177;2.4866472E-8;44.903767
0.023;0.029;15;1;0;0.6764706;-0.0;1.0;0.5687177;2.4866472E-8;44.903767
0.024;0.029;15;1;0;0.6764706;-0.0;1.0;0.5687177;2.4866472E-8;44.903767
0.025;0.029;15;1;0;0.6764706;-0.0;1.0;0.5687177;2.4866472E-8;44.903767
0.026;0.029;15;1;0;0.6764706;-0.0;1.0;0.5687177;2.4866472E-8;44.903767
0.027;0.029;15;1;0;0.6764706;-0.0;1.0;0.5687177;2.4866472E-8;44.903767
0.028;0.029;15;1;0;0.6764706;-0.0;1.0;0.5687177;2.4866472E-8;44.903767
0.029;0.029;15;1;0;0.6764706;-0.0;1.0;0.5687177;2.4866472E-8;44.903767
0.03;0.029;15;1;0;0.6764706;-0.0;1.0;0.5687177;2.4866472E-8;44.903767
0.001;0.03;15;1;0;0.6764706;-0.0;1.0;0.5687177;2.4866472E-8;44.903767
0.002;0.03;15;1;0;0.6764706;-0.0;1.0;0.5687177;2.4866472E-8;44.903767
0.003;0.03;15;1;0;0.6764706;-0.0;1.0;0.5687177;2.4866472E-8;44.903767
0.004;0.03;15;1;0;0.6764706;-0.0;1.0;0.5687177;2.4866472E-8;44.903767
0.005;0.03;15;1;0;0.6764706;-0.0;1.0;0.5687177;2.4866472E-8;44.903767
0.006;0.03;15;1;0;0.6764706;-0.0;1.0;0.5687177;2.4866472E-8;44.903767
0.007;0.03;15;1;0;0.6764706;-0.0;1.0;0.5687177;2.4866472E-8;44.903767
0.008;0.03;15;1;0;0.6764706;-0.0;1.0;0.5687177;2.4866472E-8;44.903767
0.009;0.03;15;1;0;0.6764706;-0.0;1.0;0.5687177;2.4866472E-8;44.903767
0.01;0.03;15;1;0;0.6764706;-0.0;1.0;0.5687177;2.4866472E-8;44.903767
0.011;0.03;15;1;0;0.6764706;-0.0;1.0;0.5687177;2.4866472E-8;44.903767
0.012;0.03;15;1;0;0.6764706;-0.0;1.0;0.5687177;2.4866472E-8;44.903767
0.013;0.03;15;1;0;0.6764706;-0.0;1.0;0.5687177;2.4866472E-8;44.903767
0.014;0.03;15;1;0;0.6764706;-0.0;1.0;0.5687177;2.4866472E-8;44.903767
0.015;0.03;15;1;0;0.6764706;-0.0;1.0;0.5687177;2.4866472E-8;44.903767
0.016;0.03;15;1;0;0.6764706;-0.0;1.0;0.5687177;2.4866472E-8;44.903767
0.017;0.03;15;1;0;0.6764706;-0.0;1.0;0.5687177;2.4866472E-8;44.903767
0.018;0.03;15;1;0;0.6764706;-0.0;1.0;0.5687177;2.4866472E-8;44.903767
0.019;0.03;15;1;0;0.6764706;-0.0;1.0;0.5687177;2.4866472E-8;44.903767
0.02;0.03;15;1;0;0.6764706;-0.0;1.0;0.5687177;2.4866472E-8;44.903767
0.021;0.03;15;1;0;0.6764706;-0.0;1.0;0.5687177;2.4866472E-8;44.903767
0.022;0.03;15;1;0;0.6764706;-0.0;1.0;0.5687177;2.4866472E-8;44.903767
0.023;0.03;15;1;0;0.6764706;-0.0;1.0;0.5687177;2.4866472E-8;44.903767
0.024;0.03;15;1;0;0.6764706;-0.0;1.0;0.5687177;2.4866472E-8;44.903767
0.025;0.03;15;1;0;0.6764706;-0.0;1.0;0.5687177;2.4866472E-8;44.903767
0.026;0.03;15;1;0;0.6764706;-0.0;1.0;0.5687177;2.4866472E-8;44.903767
0.027;0.03;15;1;0;0.6764706;-0.0;1.0;0.5687177;2.4866472E-8;44.903767
0.028;0.03;15;1;0;0.6764706;-0.0;1.0;0.5687177;2.4866472E-8;44.903767
0.029;0.03;15;1;0;0.6764706;-0.0;1.0;0.5687177;2.4866472E-8;44.903767
0.03;0.03;15;1;0;0.6764706;-0.0;1.0;0.5687177;2.4866472E-8;44.903767
0.001;0.031;15;1;0;0.6764706;-0.0;1.0;0.5687177;2.4866472E-8;44.903767
0.002;0.031;15;1;0;0.6764706;-0.0;1.0;0.5687177;2.4866472E-8;44.903767
0.003;0.031;15;1;0;0.6764706;-0.0;1.0;0.5687177;2.4866472E-8;44.903767
0.004;0.031;15;1;0;0.6764706;-0.0;1.0;0.5687177;2.4866472E-8;44.903767
0.005;0.031;15;1;0;0.6764706;-0.0;1.0;0.5687177;2.4866472E-8;44.903767
0.006;0.031;15;1;0;0.6764706;-0.0;1.0;0.5687177;2.4866472E-8;44.903767
0.007;0.031;15;1;0;0.6764706;-0.0;1.0;0.5687177;2.4866472E-8;44.903767
0.008;0.031;15;1;0;0.6764706;-0.0;1.0;0.5687177;2.4866472E-8;44.903767
0.009;0.031;15;1;0;0.6764706;-0.0;1.0;0.5687177;2.4866472E-8;44.903767
0.01;0.031;15;1;0;0.6764706;-0.0;1.0;0.5687177;2.4866472E-8;44.903767
0.011;0.031;15;1;0;0.6764706;-0.0;1.0;0.5687177;2.4866472E-8;44.903767
0.012;0.031;15;1;0;0.6764706;-0.0;1.0;0.5687177;2.4866472E-8;44.903767
0.013;0.031;15;1;0;0.6764706;-0.0;1.0;0.5687177;2.4866472E-8;44.903767
0.014;0.031;15;1;0;0.6764706;-0.0;1.0;0.5687177;2.4866472E-8;44.903767
0.015;0.031;15;1;0;0.6764706;-0.0;1.0;0.5687177;2.4866472E-8;44.903767
0.016;0.031;15;1;0;0.6764706;-0.0;1.0;0.5687177;2.4866472E-8;44.903767
0.017;0.031;15;1;0;0.6764706;-0.0;1.0;0.5687177;2.4866472E-8;44.903767
0.018;0.031;15;1;0;0.6764706;-0.0;1.0;0.5687177;2.4866472E-8;44.903767
0.019;0.031;15;1;0;0.6764706;-0.0;1.0;0.5687177;2.4866472E-8;44.903767
0.02;0.031;15;1;0;0.6764706;-0.0;1.0;0.5687177;2.4866472E-8;44.903767
0.021;0.031;15;1;0;0.6764706;-0.0;1.0;0.5687177;2.4866472E-8;44.903767
0.022;0.031;15;1;0;0.6764706;-0.0;1.0;0.5687177;2.4866472E-8;44.903767
0.023;0.031;15;1;0;0.6764706;-0.0;1.0;0.5687177;2.4866472E-8;44.903767
0.024;0.031;15;1;0;0.6764706;-0.0;1.0;0.5687177;2.4866472E-8;44.903767
0.025;0.031;15;1;0;0.6764706;-0.0;1.0;0.5687177;2.4866472E-8;44.903767
0.026;0.031;15;1;0;0.6764706;-0.0;1.0;0.5687177;2.4866472E-8;44.903767
0.027;0.031;15;1;0;0.6764706;-0.0;1.0;0.5687177;2.4866472E-8;44.903767
0.028;0.031;15;1;0;0.6764706;-0.0;1.0;0.5687177;2.4866472E-8;44.903767
0.029;0.031;15;1;0;0.6764706;-0.0;1.0;0.5687177;2.4866472E-8;44.903767
0.03;0.031;15;1;0;0.6764706;-0.0;1.0;0.5687177;2.4866472E-8;44.903767
0.001;0.032;15;1;0;0.6764706;-0.0;1.0;0.5687177;2.4866472E-8;44.903767
0.002;0.032;15;1;0;0.6764706;-0.0;1.0;0.5687177;2.4866472E-8;44.903767
0.003;0.032;15;1;0;0.6764706;-0.0;1.0;0.5687177;2.4866472E-8;44.903767
0.004;0.032;15;1;0;0.6764706;-0.0;1.0;0.5687177;2.4866472E-8;44.903767
0.005;0.032;15;1;0;0.6764706;-0.0;1.0;0.5687177;2.4866472E-8;44.903767
0.006;0.032;15;1;0;0.6764706;-0.0;1.0;0.5687177;2.4866472E-8;44.903767
0.007;0.032;15;1;0;0.6764706;-0.0;1.0;0.5687177;2.4866472E-8;44.903767
0.008;0.032;15;1;0;0.6764706;-0.0;1.0;0.5687177;2.4866472E-8;44.903767
0.009;0.032;15;1;0;0.6764706;-0.0;1.0;0.5687177;2.4866472E-8;44.903767
0.01;0.032;15;1;0;0.6764706;-0.0;1.0;0.5687177;2.4866472E-8;44.903767
0.011;0.032;15;1;0;0.6764706;-0.0;1.0;0.5687177;2.4866472E-8;44.903767
0.012;0.032;15;1;0;0.6764706;-0.0;1.0;0.5687177;2.4866472E-8;44.903767
0.013;0.032;15;1;0;0.6764706;-0.0;1.0;0.5687177;2.4866472E-8;44.903767
0.014;0.032;15;1;0;0.6764706;-0.0;1.0;0.5687177;2.4866472E-8;44.903767
0.015;0.032;15;1;0;0.6764706;-0.0;1.0;0.5687177;2.4866472E-8;44.903767
0.016;0.032;15;1;0;0.6764706;-0.0;1.0;0.5687177;2.4866472E-8;44.903767
0.017;0.032;15;1;0;0.6764706;-0.0;1.0;0.5687177;2.4866472E-8;44.903767
0.018;0.032;15;1;0;0.6764706;-0.0;1.0;0.5687177;2.4866472E-8;44.903767
0.019;0.032;15;1;0;0.6764706;-0.0;1.0;0.5687177;2.4866472E-8;44.903767
0.02;0.032;15;1;0;0.6764706;-0.0;1.0;0.5687177;2.4866472E-8;44.903767
0.021;0.032;15;1;0;0.6764706;-0.0;1.0;0.5687177;2.4866472E-8;44.903767
0.022;0.032;15;1;0;0.6764706;-0.0;1.0;0.5687177;2.4866472E-8;44.903767
0.023;0.032;15;1;0;0.6764706;-0.0;1.0;0.5687177;2.4866472E-8;44.903767
0.024;0.032;15;1;0;0.6764706;-0.0;1.0;0.5687177;2.4866472E-8;44.903767
0.025;0.032;15;1;0;0.6764706;-0.0;1.0;0.5687177;2.4866472E-8;44.903767
0.026;0.032;15;1;0;0.6764706;-0.0;1.0;0.5687177;2.4866472E-8;44.903767
0.027;0.032;15;1;0;0.6764706;-0.0;1.0;0.5687177;2.4866472E-8;44.903767
0.028;0.032;15;1;0;0.6764706;-0.0;1.0;0.5687177;2.4866472E-8;44.903767
0.029;0.032;15;1;0;0.6764706;-0.0;1.0;0.5687177;2.4866472E-8;44.903767
0.03;0.032;15;1;0;0.6764706;-0.0;1.0;0.5687177;2.4866472E-8;44.903767
0.001;0.033;15;1;0;0.6764706;-0.0;1.0;0.5687177;2.4866472E-8;44.903767
0.002;0.033;15;1;0;0.6764706;-0.0;1.0;0.5687177;2.4866472E-8;44.903767
0.003;0.033;15;1;0;0.6764706;-0.0;1.0;0.5687177;2.4866472E-8;44.903767
0.004;0.033;15;1;0;0.6764706;-0.0;1.0;0.5687177;2.4866472E-8;44.903767
0.005;0.033;15;1;0;0.6764706;-0.0;1.0;0.5687177;2.4866472E-8;44.903767
0.006;0.033;15;1;0;0.6764706;-0.0;1.0;0.5687177;2.4866472E-8;44.903767
0.007;0.033;15;1;0;0.6764706;-0.0;1.0;0.5687177;2.4866472E-8;44.903767
0.008;0.033;15;1;0;0.6764706;-0.0;1.0;0.5687177;2.4866472E-8;44.903767
0.009;0.033;15;1;0;0.6764706;-0.0;1.0;0.5687177;2.4866472E-8;44.903767
0.01;0.033;15;1;0;0.6764706;-0.0;1.0;0.5687177;2.4866472E-8;44.903767
0.011;0.033;15;1;0;0.6764706;-0.0;1.0;0.5687177;2.4866472E-8;44.903767
0.012;0.033;15;1;0;0.6764706;-0.0;1.0;0.5687177;2.4866472E-8;44.903767
0.013;0.033;15;1;0;0.6764706;-0.0;1.0;0.5687177;2.4866472E-8;44.903767
0.014;0.033;15;1;0;0.6764706;-0.0;1.0;0.5687177;2.4866472E-8;44.903767
0.015;0.033;15;1;0;0.6764706;-0.0;1.0;0.5687177;2.4866472E-8;44.903767
0.016;0.033;15;1;0;0.6764706;-0.0;1.0;0.5687177;2.4866472E-8;44.903767
0.017;0.033;15;1;0;0.6764706;-0.0;1.0;0.5687177;2.4866472E-8;44.903767
0.018;0.033;15;1;0;0.6764706;-0.0;1.0;0.5687177;2.4866472E-8;44.903767
0.019;0.033;15;1;0;0.6764706;-0.0;1.0;0.5687177;2.4866472E-8;44.903767
0.02;0.033;15;1;0;0.6764706;-0.0;1.0;0.5687177;2.4866472E-8;44.903767
0.021;0.033;15;1;0;0.6764706;-0.0;1.0;0.5687177;2.4866472E-8;44.903767
0.022;0.033;15;1;0;0.6764706;-0.0;1.0;0.5687177;2.4866472E-8;44.903767
0.023;0.033;15;1;0;0.6764706;-0.0;1.0;0.5687177;2.4866472E-8;44.903767
0.024;0.033;15;1;0;0.6764706;-0.0;1.0;0.5687177;2.4866472E-8;44.903767
0.025;0.033;15;1;0;0.6764706;-0.0;1.0;0.5687177;2.4866472E-8;44.903767
0.026;0.033;15;1;0;0.6764706;-0.0;1.0;0.5687177;2.4866472E-8;44.903767
0.027;0.033;15;1;0;0.6764706;-0.0;1.0;0.5687177;2.4866472E-8;44.903767
0.028;0.033;15;1;0;0.6764706;-0.0;1.0;0.5687177;2.4866472E-8;44.903767
0.029;0.033;15;1;0;0.6764706;-0.0;1.0;0.5687177;2.4866472E-8;44.903767
0.03;0.033;15;1;0;0.6764706;-0.0;1.0;0.5687177;2.4866472E-8;44.903767
0.001;0.034;15;1;0;0.6764706;-0.0;1.0;0.5687177;2.4866472E-8;44.903767
0.002;0.034;15;1;0;0.6764706;-0.0;1.0;0.5687177;2.4866472E-8;44.903767
0.003;0.034;15;1;0;0.6764706;-0.0;1.0;0.5687177;2.4866472E-8;44.903767
0.004;0.034;15;1;0;0.6764706;-0.0;1.0;0.5687177;2.4866472E-8;44.903767
0.005;0.034;15;1;0;0.6764706;-0.0;1.0;0.5687177;2.4866472E-8;44.903767
0.006;0.034;15;1;0;0.6764706;-0.0;1.0;0.5687177;2.4866472E-8;44.903767
0.007;0.034;15;1;0;0.6764706;-0.0;1.0;0.5687177;2.4866472E-8;44.903767
0.008;0.034;15;1;0;0.6764706;-0.0;1.0;0.5687177;2.4866472E-8;44.903767
0.009;0.034;15;1;0;0.6764706;-0.0;1.0;0.5687177;2.4866472E-8;44.903767
0.01;0.034;15;1;0;0.6764706;-0.0;1.0;0.5687177;2.4866472E-8;44.903767
0.011;0.034;15;1;0;0.6764706;-0.0;1.0;0.5687177;2.4866472E-8;44.903767
0.012;0.034;15;1;0;0.6764706;-0.0;1.0;0.5687177;2.4866472E-8;44.903767
0.013;0.034;15;1;0;0.6764706;-0.0;1.0;0.5687177;2.4866472E-8;44.903767
0.014;0.034;15;1;0;0.6764706;-0.0;1.0;0.5687177;2.4866472E-8;44.903767
0.015;0.034;15;1;0;0.6764706;-0.0;1.0;0.5687177;2.4866472E-8;44.903767
0.016;0.034;15;1;0;0.6764706;-0.0;1.0;0.5687177;2.4866472E-8;44.903767
0.017;0.034;15;1;0;0.6764706;-0.0;1.0;0.5687177;2.4866472E-8;44.903767
0.018;0.034;15;1;0;0.6764706;-0.0;1.0;0.5687177;2.4866472E-8;44.903767
0.019;0.034;15;1;0;0.6764706;-0.0;1.0;0.5687177;2.4866472E-8;44.903767
0.02;0.034;15;1;0;0.6764706;-0.0;1.0;0.5687177;2.4866472E-8;44.903767
0.021;0.034;15;1;0;0.6764706;-0.0;1.0;0.5687177;2.4866472E-8;44.903767
0.022;0.034;15;1;0;0.6764706;-0.0;1.0;0.5687177;2.4866472E-8;44.903767
0.023;0.034;15;1;0;0.6764706;-0.0;1.0;0.5687177;2.4866472E-8;44.903767
0.024;0.034;15;1;0;0.6764706;-0.0;1.0;0.5687177;2.4866472E-8;44.903767
0.025;0.034;15;1;0;0.6764706;-0.0;1.0;0.5687177;2.4866472E-8;44.903767
0.026;0.034;15;1;0;0.6764706;-0.0;1.0;0.5687177;2.4866472E-8;44.903767
0.027;0.034;15;1;0;0.6764706;-0.0;1.0;0.5687177;2.4866472E-8;44.903767
0.028;0.034;15;1;0;0.6764706;-0.0;1.0;0.5687177;2.4866472E-8;44.903767
0.029;0.034;15;1;0;0.6764706;-0.0;1.0;0.5687177;2.4866472E-8;44.903767
0.03;0.034;15;1;0;0.6764706;-0.0;1.0;0.5687177;2.4866472E-8;44.903767
0.001;0.035;15;1;0;0.6764706;-0.0;1.0;0.5687177;2.4866472E-8;44.903767
0.002;0.035;15;1;0;0.6764706;-0.0;1.0;0.5687177;2.4866472E-8;44.903767
0.003;0.035;15;1;0;0.6764706;-0.0;1.0;0.5687177;2.4866472E-8;44.903767
0.004;0.035;15;1;0;0.6764706;-0.0;1.0;0.5687177;2.4866472E-8;44.903767
0.005;0.035;15;1;0;0.6764706;-0.0;1.0;0.5687177;2.4866472E-8;44.903767
0.006;0.035;15;1;0;0.6764706;-0.0;1.0;0.5687177;2.4866472E-8;44.903767
0.007;0.035;15;1;0;0.6764706;-0.0;1.0;0.5687177;2.4866472E-8;44.903767
0.008;0.035;15;1;0;0.6764706;-0.0;1.0;0.5687177;2.4866472E-8;44.903767
0.009;0.035;15;1;0;0.6764706;-0.0;1.0;0.5687177;2.4866472E-8;44.903767
0.01;0.035;15;1;0;0.6764706;-0.0;1.0;0.5687177;2.4866472E-8;44.903767
0.011;0.035;15;1;0;0.6764706;-0.0;1.0;0.5687177;2.4866472E-8;44.903767
0.012;0.035;15;1;0;0.6764706;-0.0;1.0;0.5687177;2.4866472E-8;44.903767
0.013;0.035;15;1;0;0.6764706;-0.0;1.0;0.5687177;2.4866472E-8;44.903767
0.014;0.035;15;1;0;0.6764706;-0.0;1.0;0.5687177;2.4866472E-8;44.903767
0.015;0.035;15;1;0;0.6764706;-0.0;1.0;0.5687177;2.4866472E-8;44.903767
0.016;0.035;15;1;0;0.6764706;-0.0;1.0;0.5687177;2.4866472E-8;44.903767
0.017;0.035;15;1;0;0.6764706;-0.0;1.0;0.5687177;2.4866472E-8;44.903767
0.018;0.035;15;1;0;0.6764706;-0.0;1.0;0.5687177;2.4866472E-8;44.903767
0.019;0.035;15;1;0;0.6764706;-0.0;1.0;0.5687177;2.4866472E-8;44.903767
0.02;0.035;15;1;0;0.6764706;-0.0;1.0;0.5687177;2.4866472E-8;44.903767
0.021;0.035;15;1;0;0.6764706;-0.0;1.0;0.5687177;2.4866472E-8;44.903767
0.022;0.035;15;1;0;0.6764706;-0.0;1.0;0.5687177;2.4866472E-8;44.903767
0.023;0.035;15;1;0;0.6764706;-0.0;1.0;0.5687177;2.4866472E-8;44.903767
0.024;0.035;15;1;0;0.6764706;-0.0;1.0;0.5687177;2.4866472E-8;44.903767
0.025;0.035;15;1;0;0.6764706;-0.0;1.0;0.5687177;2.4866472E-8;44.903767
0.026;0.035;15;1;0;0.6764706;-0.0;1.0;0.5687177;2.4866472E-8;44.903767
0.027;0.035;15;1;0;0.6764706;-0.0;1.0;0.5687177;2.4866472E-8;44.903767
0.028;0.035;15;1;0;0.6764706;-0.0;1.0;0.5687177;2.4866472E-8;44.903767
0.029;0.035;15;1;0;0.6764706;-0.0;1.0;0.5687177;2.4866472E-8;44.903767
0.03;0.035;15;1;0;0.6764706;-0.0;1.0;0.5687177;2.4866472E-8;44.903767
0.001;0.036;15;1;0;0.6764706;-0.0;1.0;0.5687177;2.4866472E-8;44.903767
0.002;0.036;15;1;0;0.6764706;-0.0;1.0;0.5687177;2.4866472E-8;44.903767
0.003;0.036;15;1;0;0.6764706;-0.0;1.0;0.5687177;2.4866472E-8;44.903767
0.004;0.036;15;1;0;0.6764706;-0.0;1.0;0.5687177;2.4866472E-8;44.903767
0.005;0.036;15;1;0;0.6764706;-0.0;1.0;0.5687177;2.4866472E-8;44.903767
0.006;0.036;15;1;0;0.6764706;-0.0;1.0;0.5687177;2.4866472E-8;44.903767
0.007;0.036;15;1;0;0.6764706;-0.0;1.0;0.5687177;2.4866472E-8;44.903767
0.008;0.036;15;1;0;0.6764706;-0.0;1.0;0.5687177;2.4866472E-8;44.903767
0.009;0.036;15;1;0;0.6764706;-0.0;1.0;0.5687177;2.4866472E-8;44.903767
0.01;0.036;15;1;0;0.6764706;-0.0;1.0;0.5687177;2.4866472E-8;44.903767
0.011;0.036;15;1;0;0.6764706;-0.0;1.0;0.5687177;2.4866472E-8;44.903767
0.012;0.036;15;1;0;0.6764706;-0.0;1.0;0.5687177;2.4866472E-8;44.903767
0.013;0.036;15;1;0;0.6764706;-0.0;1.0;0.5687177;2.4866472E-8;44.903767
0.014;0.036;15;1;0;0.6764706;-0.0;1.0;0.5687177;2.4866472E-8;44.903767
0.015;0.036;15;1;0;0.6764706;-0.0;1.0;0.5687177;2.4866472E-8;44.903767
0.016;0.036;15;1;0;0.6764706;-0.0;1.0;0.5687177;2.4866472E-8;44.903767
0.017;0.036;15;1;0;0.6764706;-0.0;1.0;0.5687177;2.4866472E-8;44.903767
0.018;0.036;15;1;0;0.6764706;-0.0;1.0;0.5687177;2.4866472E-8;44.903767
0.019;0.036;15;1;0;0.6764706;-0.0;1.0;0.5687177;2.4866472E-8;44.903767
0.02;0.036;15;1;0;0.6764706;-0.0;1.0;0.5687177;2.4866472E-8;44.903767
0.021;0.036;15;1;0;0.6764706;-0.0;1.0;0.5687177;2.4866472E-8;44.903767
0.022;0.036;15;1;0;0.6764706;-0.0;1.0;0.5687177;2.4866472E-8;44.903767
0.023;0.036;15;1;0;0.6764706;-0.0;1.0;0.5687177;2.4866472E-8;44.903767
0.024;0.036;15;1;0;0.6764706;-0.0;1.0;0.5687177;2.4866472E-8;44.903767
0.025;0.036;15;1;0;0.6764706;-0.0;1.0;0.5687177;2.4866472E-8;44.903767
0.026;0.036;15;1;0;0.6764706;-0.0;1.0;0.5687177;2.4866472E-8;44.903767
0.027;0.036;15;1;0;0.6764706;-0.0;1.0;0.5687177;2.4866472E-8;44.903767
0.028;0.036;15;1;0;0.6764706;-0.0;1.0;0.5687177;2.4866472E-8;44.903767
0.029;0.036;15;1;0;0.6764706;-0.0;1.0;0.5687177;2.4866472E-8;44.903767
0.03;0.036;15;1;0;0.6764706;-0.0;1.0;0.5687177;2.4866472E-8;44.903767
0.001;0.037;15;1;0;0.6764706;-0.0;1.0;0.5687177;2.4866472E-8;44.903767
0.002;0.037;15;1;0;0.6764706;-0.0;1.0;0.5687177;2.4866472E-8;44.903767
0.003;0.037;15;1;0;0.6764706;-0.0;1.0;0.5687177;2.4866472E-8;44.903767
0.004;0.037;15;1;0;0.6764706;-0.0;1.0;0.5687177;2.4866472E-8;44.903767
0.005;0.037;15;1;0;0.6764706;-0.0;1.0;0.5687177;2.4866472E-8;44.903767
0.006;0.037;15;1;0;0.6764706;-0.0;1.0;0.5687177;2.4866472E-8;44.903767
0.007;0.037;15;1;0;0.6764706;-0.0;1.0;0.5687177;2.4866472E-8;44.903767
0.008;0.037;15;1;0;0.6764706;-0.0;1.0;0.5687177;2.4866472E-8;44.903767
0.009;0.037;15;1;0;0.6764706;-0.0;1.0;0.5687177;2.4866472E-8;44.903767
0.01;0.037;15;1;0;0.6764706;-0.0;1.0;0.5687177;2.4866472E-8;44.903767
0.011;0.037;15;1;0;0.6764706;-0.0;1.0;0.5687177;2.4866472E-8;44.903767
0.012;0.037;15;1;0;0.6764706;-0.0;1.0;0.5687177;2.4866472E-8;44.903767
0.013;0.037;15;1;0;0.6764706;-0.0;1.0;0.5687177;2.4866472E-8;44.903767
0.014;0.037;15;1;0;0.6764706;-0.0;1.0;0.5687177;2.4866472E-8;44.903767
0.015;0.037;15;1;0;0.6764706;-0.0;1.0;0.5687177;2.4866472E-8;44.903767
0.016;0.037;15;1;0;0.6764706;-0.0;1.0;0.5687177;2.4866472E-8;44.903767
0.017;0.037;15;1;0;0.6764706;-0.0;1.0;0.5687177;2.4866472E-8;44.903767
0.018;0.037;15;1;0;0.6764706;-0.0;1.0;0.5687177;2.4866472E-8;44.903767
0.019;0.037;15;1;0;0.6764706;-0.0;1.0;0.5687177;2.4866472E-8;44.903767
0.02;0.037;15;1;0;0.6764706;-0.0;1.0;0.5687177;2.4866472E-8;44.903767
0.021;0.037;15;1;0;0.6764706;-0.0;1.0;0.5687177;2.4866472E-8;44.903767
0.022;0.037;15;1;0;0.6764706;-0.0;1.0;0.5687177;2.4866472E-8;44.903767
0.023;0.037;15;1;0;0.6764706;-0.0;1.0;0.5687177;2.4866472E-8;44.903767
0.024;0.037;15;1;0;0.6764706;-0.0;1.0;0.5687177;2.4866472E-8;44.903767
0.025;0.037;15;1;0;0.6764706;-0.0;1.0;0.5687177;2.4866472E-8;44.903767
0.026;0.037;15;1;0;0.6764706;-0.0;1.0;0.5687177;2.4866472E-8;44.903767
0.027;0.037;15;1;0;0.6764706;-0.0;1.0;0.5687177;2.4866472E-8;44.903767
0.028;0.037;15;1;0;0.6764706;-0.0;1.0;0.5687177;2.4866472E-8;44.903767
0.029;0.037;15;1;0;0.6764706;-0.0;1.0;0.5687177;2.4866472E-8;44.903767
0.03;0.037;15;1;0;0.6764706;-0.0;1.0;0.5687177;2.4866472E-8;44.903767
0.001;0.038;15;1;0;0.6764706;-0.0;1.0;0.5687177;2.4866472E-8;44.903767
0.002;0.038;15;1;0;0.6764706;-0.0;1.0;0.5687177;2.4866472E-8;44.903767
0.003;0.038;15;1;0;0.6764706;-0.0;1.0;0.5687177;2.4866472E-8;44.903767
0.004;0.038;15;1;0;0.6764706;-0.0;1.0;0.5687177;2.4866472E-8;44.903767
0.005;0.038;15;1;0;0.6764706;-0.0;1.0;0.5687177;2.4866472E-8;44.903767
0.006;0.038;15;1;0;0.6764706;-0.0;1.0;0.5687177;2.4866472E-8;44.903767
0.007;0.038;15;1;0;0.6764706;-0.0;1.0;0.5687177;2.4866472E-8;44.903767
0.008;0.038;15;1;0;0.6764706;-0.0;1.0;0.5687177;2.4866472E-8;44.903767
0.009;0.038;15;1;0;0.6764706;-0.0;1.0;0.5687177;2.4866472E-8;44.903767
0.01;0.038;15;1;0;0.6764706;-0.0;1.0;0.5687177;2.4866472E-8;44.903767
0.011;0.038;15;1;0;0.6764706;-0.0;1.0;0.5687177;2.4866472E-8;44.903767
0.012;0.038;15;1;0;0.6764706;-0.0;1.0;0.5687177;2.4866472E-8;44.903767
0.013;0.038;15;1;0;0.6764706;-0.0;1.0;0.5687177;2.4866472E-8;44.903767
0.014;0.038;15;1;0;0.6764706;-0.0;1.0;0.5687177;2.4866472E-8;44.903767
0.015;0.038;15;1;0;0.6764706;-0.0;1.0;0.5687177;2.4866472E-8;44.903767
0.016;0.038;15;1;0;0.6764706;-0.0;1.0;0.5687177;2.4866472E-8;44.903767
0.017;0.038;15;1;0;0.6764706;-0.0;1.0;0.5687177;2.4866472E-8;44.903767
0.018;0.038;15;1;0;0.6764706;-0.0;1.0;0.5687177;2.4866472E-8;44.903767
0.019;0.038;15;1;0;0.6764706;-0.0;1.0;0.5687177;2.4866472E-8;44.903767
0.02;0.038;15;1;0;0.6764706;-0.0;1.0;0.5687177;2.4866472E-8;44.903767
0.021;0.038;15;1;0;0.6764706;-0.0;1.0;0.5687177;2.4866472E-8;44.903767
0.022;0.038;15;1;0;0.6764706;-0.0;1.0;0.5687177;2.4866472E-8;44.903767
0.023;0.038;15;1;0;0.6764706;-0.0;1.0;0.5687177;2.4866472E-8;44.903767
0.024;0.038;15;1;0;0.6764706;-0.0;1.0;0.5687177;2.4866472E-8;44.903767
0.025;0.038;15;1;0;0.6764706;-0.0;1.0;0.5687177;2.4866472E-8;44.903767
0.026;0.038;15;1;0;0.6764706;-0.0;1.0;0.5687177;2.4866472E-8;44.903767
0.027;0.038;15;1;0;0.6764706;-0.0;1.0;0.5687177;2.4866472E-8;44.903767
0.028;0.038;15;1;0;0.6764706;-0.0;1.0;0.5687177;2.4866472E-8;44.903767
0.029;0.038;15;1;0;0.6764706;-0.0;1.0;0.5687177;2.4866472E-8;44.903767
0.03;0.038;15;1;0;0.6764706;-0.0;1.0;0.5687177;2.4866472E-8;44.903767
0.001;0.039;15;1;0;0.6764706;-0.0;1.0;0.5687177;2.4866472E-8;44.903767
0.002;0.039;15;1;0;0.6764706;-0.0;1.0;0.5687177;2.4866472E-8;44.903767
0.003;0.039;15;1;0;0.6764706;-0.0;1.0;0.5687177;2.4866472E-8;44.903767
0.004;0.039;15;1;0;0.6764706;-0.0;1.0;0.5687177;2.4866472E-8;44.903767
0.005;0.039;15;1;0;0.6764706;-0.0;1.0;0.5687177;2.4866472E-8;44.903767
0.006;0.039;15;1;0;0.6764706;-0.0;1.0;0.5687177;2.4866472E-8;44.903767
0.007;0.039;15;1;0;0.6764706;-0.0;1.0;0.5687177;2.4866472E-8;44.903767
0.008;0.039;15;1;0;0.6764706;-0.0;1.0;0.5687177;2.4866472E-8;44.903767
0.009;0.039;15;1;0;0.6764706;-0.0;1.0;0.5687177;2.4866472E-8;44.903767
0.01;0.039;15;1;0;0.6764706;-0.0;1.0;0.5687177;2.4866472E-8;44.903767
0.011;0.039;15;1;0;0.6764706;-0.0;1.0;0.5687177;2.4866472E-8;44.903767
0.012;0.039;15;1;0;0.6764706;-0.0;1.0;0.5687177;2.4866472E-8;44.903767
0.013;0.039;15;1;0;0.6764706;-0.0;1.0;0.5687177;2.4866472E-8;44.903767
0.014;0.039;15;1;0;0.6764706;-0.0;1.0;0.5687177;2.4866472E-8;44.903767
0.015;0.039;15;1;0;0.6764706;-0.0;1.0;0.5687177;2.4866472E-8;44.903767
0.016;0.039;15;1;0;0.6764706;-0.0;1.0;0.5687177;2.4866472E-8;44.903767
0.017;0.039;15;1;0;0.6764706;-0.0;1.0;0.5687177;2.4866472E-8;44.903767
0.018;0.039;15;1;0;0.6764706;-0.0;1.0;0.5687177;2.4866472E-8;44.903767
0.019;0.039;15;1;0;0.6764706;-0.0;1.0;0.5687177;2.4866472E-8;44.903767
0.02;0.039;15;1;0;0.6764706;-0.0;1.0;0.5687177;2.4866472E-8;44.903767
0.021;0.039;15;1;0;0.6764706;-0.0;1.0;0.5687177;2.4866472E-8;44.903767
0.022;0.039;15;1;0;0.6764706;-0.0;1.0;0.5687177;2.4866472E-8;44.903767
0.023;0.039;15;1;0;0.6764706;-0.0;1.0;0.5687177;2.4866472E-8;44.903767
0.024;0.039;15;1;0;0.6764706;-0.0;1.0;0.5687177;2.4866472E-8;44.903767
0.025;0.039;15;1;0;0.6764706;-0.0;1.0;0.5687177;2.4866472E-8;44.903767
0.026;0.039;15;1;0;0.6764706;-0.0;1.0;0.5687177;2.4866472E-8;44.903767
0.027;0.039;15;1;0;0.6764706;-0.0;1.0;0.5687177;2.4866472E-8;44.903767
0.028;0.039;15;1;0;0.6764706;-0.0;1.0;0.5687177;2.4866472E-8;44.903767
0.029;0.039;15;1;0;0.6764706;-0.0;1.0;0.5687177;2.4866472E-8;44.903767
0.03;0.039;15;1;0;0.6764706;-0.0;1.0;0.5687177;2.4866472E-8;44.903767
0.001;0.04;15;1;0;0.6764706;-0.0;1.0;0.5687177;2.4866472E-8;44.903767
0.002;0.04;15;1;0;0.6764706;-0.0;1.0;0.5687177;2.4866472E-8;44.903767
0.003;0.04;15;1;0;0.6764706;-0.0;1.0;0.5687177;2.4866472E-8;44.903767
0.004;0.04;15;1;0;0.6764706;-0.0;1.0;0.5687177;2.4866472E-8;44.903767
0.005;0.04;15;1;0;0.6764706;-0.0;1.0;0.5687177;2.4866472E-8;44.903767
0.006;0.04;15;1;0;0.6764706;-0.0;1.0;0.5687177;2.4866472E-8;44.903767
0.007;0.04;15;1;0;0.6764706;-0.0;1.0;0.5687177;2.4866472E-8;44.903767
0.008;0.04;15;1;0;0.6764706;-0.0;1.0;0.5687177;2.4866472E-8;44.903767
0.009;0.04;15;1;0;0.6764706;-0.0;1.0;0.5687177;2.4866472E-8;44.903767
0.01;0.04;15;1;0;0.6764706;-0.0;1.0;0.5687177;2.4866472E-8;44.903767
0.011;0.04;15;1;0;0.6764706;-0.0;1.0;0.5687177;2.4866472E-8;44.903767
0.012;0.04;15;1;0;0.6764706;-0.0;1.0;0.5687177;2.4866472E-8;44.903767
0.013;0.04;15;1;0;0.6764706;-0.0;1.0;0.5687177;2.4866472E-8;44.903767
0.014;0.04;15;1;0;0.6764706;-0.0;1.0;0.5687177;2.4866472E-8;44.903767
0.015;0.04;15;1;0;0.6764706;-0.0;1.0;0.5687177;2.4866472E-8;44.903767
0.016;0.04;15;1;0;0.6764706;-0.0;1.0;0.5687177;2.4866472E-8;44.903767
0.017;0.04;15;1;0;0.6764706;-0.0;1.0;0.5687177;2.4866472E-8;44.903767
0.018;0.04;15;1;0;0.6764706;-0.0;1.0;0.5687177;2.4866472E-8;44.903767
0.019;0.04;15;1;0;0.6764706;-0.0;1.0;0.5687177;2.4866472E-8;44.903767
0.02;0.04;15;1;0;0.6764706;-0.0;1.0;0.5687177;2.4866472E-8;44.903767
0.021;0.04;15;1;0;0.6764706;-0.0;1.0;0.5687177;2.4866472E-8;44.903767
0.022;0.04;15;1;0;0.6764706;-0.0;1.0;0.5687177;2.4866472E-8;44.903767
0.023;0.04;15;1;0;0.6764706;-0.0;1.0;0.5687177;2.4866472E-8;44.903767
0.024;0.04;15;1;0;0.6764706;-0.0;1.0;0.5687177;2.4866472E-8;44.903767
0.025;0.04;15;1;0;0.6764706;-0.0;1.0;0.5687177;2.4866472E-8;44.903767
0.026;0.04;15;1;0;0.6764706;-0.0;1.0;0.5687177;2.4866472E-8;44.903767
0.027;0.04;15;1;0;0.6764706;-0.0;1.0;0.5687177;2.4866472E-8;44.903767
0.028;0.04;15;1;0;0.6764706;-0.0;1.0;0.5687177;2.4866472E-8;44.903767
0.029;0.04;15;1;0;0.6764706;-0.0;1.0;0.5687177;2.4866472E-8;44.903767
0.03;0.04;15;1;0;0.6764706;-0.0;1.0;0.5687177;2.4866472E-8;44.903767
0.001;0.041;15;1;0;0.6764706;-0.0;1.0;0.5687177;2.4866472E-8;44.903767
0.002;0.041;15;1;0;0.6764706;-0.0;1.0;0.5687177;2.4866472E-8;44.903767
0.003;0.041;15;1;0;0.6764706;-0.0;1.0;0.5687177;2.4866472E-8;44.903767
0.004;0.041;15;1;0;0.6764706;-0.0;1.0;0.5687177;2.4866472E-8;44.903767
0.005;0.041;15;1;0;0.6764706;-0.0;1.0;0.5687177;2.4866472E-8;44.903767
0.006;0.041;15;1;0;0.6764706;-0.0;1.0;0.5687177;2.4866472E-8;44.903767
0.007;0.041;15;1;0;0.6764706;-0.0;1.0;0.5687177;2.4866472E-8;44.903767
0.008;0.041;15;1;0;0.6764706;-0.0;1.0;0.5687177;2.4866472E-8;44.903767
0.009;0.041;15;1;0;0.6764706;-0.0;1.0;0.5687177;2.4866472E-8;44.903767
0.01;0.041;15;1;0;0.6764706;-0.0;1.0;0.5687177;2.4866472E-8;44.903767
0.011;0.041;15;1;0;0.6764706;-0.0;1.0;0.5687177;2.4866472E-8;44.903767
0.012;0.041;15;1;0;0.6764706;-0.0;1.0;0.5687177;2.4866472E-8;44.903767
0.013;0.041;15;1;0;0.6764706;-0.0;1.0;0.5687177;2.4866472E-8;44.903767
0.014;0.041;15;1;0;0.6764706;-0.0;1.0;0.5687177;2.4866472E-8;44.903767
0.015;0.041;15;1;0;0.6764706;-0.0;1.0;0.5687177;2.4866472E-8;44.903767
0.016;0.041;15;1;0;0.6764706;-0.0;1.0;0.5687177;2.4866472E-8;44.903767
0.017;0.041;15;1;0;0.6764706;-0.0;1.0;0.5687177;2.4866472E-8;44.903767
0.018;0.041;15;1;0;0.6764706;-0.0;1.0;0.5687177;2.4866472E-8;44.903767
0.019;0.041;15;1;0;0.6764706;-0.0;1.0;0.5687177;2.4866472E-8;44.903767
0.02;0.041;15;1;0;0.6764706;-0.0;1.0;0.5687177;2.4866472E-8;44.903767
0.021;0.041;15;1;0;0.6764706;-0.0;1.0;0.5687177;2.4866472E-8;44.903767
0.022;0.041;15;1;0;0.6764706;-0.0;1.0;0.5687177;2.4866472E-8;44.903767
0.023;0.041;15;1;0;0.6764706;-0.0;1.0;0.5687177;2.4866472E-8;44.903767
0.024;0.041;15;1;0;0.6764706;-0.0;1.0;0.5687177;2.4866472E-8;44.903767
0.025;0.041;15;1;0;0.6764706;-0.0;1.0;0.5687177;2.4866472E-8;44.903767
0.026;0.041;15;1;0;0.6764706;-0.0;1.0;0.5687177;2.4866472E-8;44.903767
0.027;0.041;15;1;0;0.6764706;-0.0;1.0;0.5687177;2.4866472E-8;44.903767
0.028;0.041;15;1;0;0.6764706;-0.0;1.0;0.5687177;2.4866472E-8;44.903767
0.029;0.041;15;1;0;0.6764706;-0.0;1.0;0.5687177;2.4866472E-8;44.903767
0.03;0.041;15;1;0;0.6764706;-0.0;1.0;0.5687177;2.4866472E-8;44.903767
0.001;0.042;15;1;0;0.6764706;-0.0;1.0;0.5687177;2.4866472E-8;44.903767
0.002;0.042;15;1;0;0.6764706;-0.0;1.0;0.5687177;2.4866472E-8;44.903767
0.003;0.042;15;1;0;0.6764706;-0.0;1.0;0.5687177;2.4866472E-8;44.903767
0.004;0.042;15;1;0;0.6764706;-0.0;1.0;0.5687177;2.4866472E-8;44.903767
0.005;0.042;15;1;0;0.6764706;-0.0;1.0;0.5687177;2.4866472E-8;44.903767
0.006;0.042;15;1;0;0.6764706;-0.0;1.0;0.5687177;2.4866472E-8;44.903767
0.007;0.042;15;1;0;0.6764706;-0.0;1.0;0.5687177;2.4866472E-8;44.903767
0.008;0.042;15;1;0;0.6764706;-0.0;1.0;0.5687177;2.4866472E-8;44.903767
0.009;0.042;15;1;0;0.6764706;-0.0;1.0;0.5687177;2.4866472E-8;44.903767
0.01;0.042;15;1;0;0.6764706;-0.0;1.0;0.5687177;2.4866472E-8;44.903767
0.011;0.042;15;1;0;0.6764706;-0.0;1.0;0.5687177;2.4866472E-8;44.903767
0.012;0.042;15;1;0;0.6764706;-0.0;1.0;0.5687177;2.4866472E-8;44.903767
0.013;0.042;15;1;0;0.6764706;-0.0;1.0;0.5687177;2.4866472E-8;44.903767
0.014;0.042;15;1;0;0.6764706;-0.0;1.0;0.5687177;2.4866472E-8;44.903767
0.015;0.042;15;1;0;0.6764706;-0.0;1.0;0.5687177;2.4866472E-8;44.903767
0.016;0.042;15;1;0;0.6764706;-0.0;1.0;0.5687177;2.4866472E-8;44.903767
0.017;0.042;15;1;0;0.6764706;-0.0;1.0;0.5687177;2.4866472E-8;44.903767
0.018;0.042;15;1;0;0.6764706;-0.0;1.0;0.5687177;2.4866472E-8;44.903767
0.019;0.042;15;1;0;0.6764706;-0.0;1.0;0.5687177;2.4866472E-8;44.903767
0.02;0.042;15;1;0;0.6764706;-0.0;1.0;0.5687177;2.4866472E-8;44.903767
0.021;0.042;15;1;0;0.6764706;-0.0;1.0;0.5687177;2.4866472E-8;44.903767
0.022;0.042;15;1;0;0.6764706;-0.0;1.0;0.5687177;2.4866472E-8;44.903767
0.023;0.042;15;1;0;0.6764706;-0.0;1.0;0.5687177;2.4866472E-8;44.903767
0.024;0.042;15;1;0;0.6764706;-0.0;1.0;0.5687177;2.4866472E-8;44.903767
0.025;0.042;15;1;0;0.6764706;-0.0;1.0;0.5687177;2.4866472E-8;44.903767
0.026;0.042;15;1;0;0.6764706;-0.0;1.0;0.5687177;2.4866472E-8;44.903767
0.027;0.042;15;1;0;0.6764706;-0.0;1.0;0.5687177;2.4866472E-8;44.903767
0.028;0.042;15;1;0;0.6764706;-0.0;1.0;0.5687177;2.4866472E-8;44.903767
0.029;0.042;15;1;0;0.6764706;-0.0;1.0;0.5687177;2.4866472E-8;44.903767
0.03;0.042;15;1;0;0.6764706;-0.0;1.0;0.5687177;2.4866472E-8;44.903767
0.001;0.043;15;1;0;0.6764706;-0.0;1.0;0.5687177;2.4866472E-8;44.903767
0.002;0.043;15;1;0;0.6764706;-0.0;1.0;0.5687177;2.4866472E-8;44.903767
0.003;0.043;15;1;0;0.6764706;-0.0;1.0;0.5687177;2.4866472E-8;44.903767
0.004;0.043;15;1;0;0.6764706;-0.0;1.0;0.5687177;2.4866472E-8;44.903767
0.005;0.043;15;1;0;0.6764706;-0.0;1.0;0.5687177;2.4866472E-8;44.903767
0.006;0.043;15;1;0;0.6764706;-0.0;1.0;0.5687177;2.4866472E-8;44.903767
0.007;0.043;15;1;0;0.6764706;-0.0;1.0;0.5687177;2.4866472E-8;44.903767
0.008;0.043;15;1;0;0.6764706;-0.0;1.0;0.5687177;2.4866472E-8;44.903767
0.009;0.043;15;1;0;0.6764706;-0.0;1.0;0.5687177;2.4866472E-8;44.903767
0.01;0.043;15;1;0;0.6764706;-0.0;1.0;0.5687177;2.4866472E-8;44.903767
0.011;0.043;15;1;0;0.6764706;-0.0;1.0;0.5687177;2.4866472E-8;44.903767
0.012;0.043;15;1;0;0.6764706;-0.0;1.0;0.5687177;2.4866472E-8;44.903767
0.013;0.043;15;1;0;0.6764706;-0.0;1.0;0.5687177;2.4866472E-8;44.903767
0.014;0.043;15;1;0;0.6764706;-0.0;1.0;0.5687177;2.4866472E-8;44.903767
0.015;0.043;15;1;0;0.6764706;-0.0;1.0;0.5687177;2.4866472E-8;44.903767
0.016;0.043;15;1;0;0.6764706;-0.0;1.0;0.5687177;2.4866472E-8;44.903767
0.017;0.043;15;1;0;0.6764706;-0.0;1.0;0.5687177;2.4866472E-8;44.903767
0.018;0.043;15;1;0;0.6764706;-0.0;1.0;0.5687177;2.4866472E-8;44.903767
0.019;0.043;15;1;0;0.6764706;-0.0;1.0;0.5687177;2.4866472E-8;44.903767
0.02;0.043;15;1;0;0.6764706;-0.0;1.0;0.5687177;2.4866472E-8;44.903767
0.021;0.043;15;1;0;0.6764706;-0.0;1.0;0.5687177;2.4866472E-8;44.903767
0.022;0.043;15;1;0;0.6764706;-0.0;1.0;0.5687177;2.4866472E-8;44.903767
0.023;0.043;15;1;0;0.6764706;-0.0;1.0;0.5687177;2.4866472E-8;44.903767
0.024;0.043;15;1;0;0.6764706;-0.0;1.0;0.5687177;2.4866472E-8;44.903767
0.025;0.043;15;1;0;0.6764706;-0.0;1.0;0.5687177;2.4866472E-8;44.903767
0.026;0.043;15;1;0;0.6764706;-0.0;1.0;0.5687177;2.4866472E-8;44.903767
0.027;0.043;15;1;0;0.6764706;-0.0;1.0;0.5687177;2.4866472E-8;44.903767
0.028;0.043;15;1;0;0.6764706;-0.0;1.0;0.5687177;2.4866472E-8;44.903767
0.029;0.043;15;1;0;0.6764706;-0.0;1.0;0.5687177;2.4866472E-8;44.903767
0.03;0.043;15;1;0;0.6764706;-0.0;1.0;0.5687177;2.4866472E-8;44.903767
0.001;0.044;15;1;0;0.6764706;-0.0;1.0;0.5687177;2.4866472E-8;44.903767
0.002;0.044;15;1;0;0.6764706;-0.0;1.0;0.5687177;2.4866472E-8;44.903767
0.003;0.044;15;1;0;0.6764706;-0.0;1.0;0.5687177;2.4866472E-8;44.903767
0.004;0.044;15;1;0;0.6764706;-0.0;1.0;0.5687177;2.4866472E-8;44.903767
0.005;0.044;15;1;0;0.6764706;-0.0;1.0;0.5687177;2.4866472E-8;44.903767
0.006;0.044;15;1;0;0.6764706;-0.0;1.0;0.5687177;2.4866472E-8;44.903767
0.007;0.044;15;1;0;0.6764706;-0.0;1.0;0.5687177;2.4866472E-8;44.903767
0.008;0.044;15;1;0;0.6764706;-0.0;1.0;0.5687177;2.4866472E-8;44.903767
0.009;0.044;15;1;0;0.6764706;-0.0;1.0;0.5687177;2.4866472E-8;44.903767
0.01;0.044;15;1;0;0.6764706;-0.0;1.0;0.5687177;2.4866472E-8;44.903767
0.011;0.044;15;1;0;0.6764706;-0.0;1.0;0.5687177;2.4866472E-8;44.903767
0.012;0.044;15;1;0;0.6764706;-0.0;1.0;0.5687177;2.4866472E-8;44.903767
0.013;0.044;15;1;0;0.6764706;-0.0;1.0;0.5687177;2.4866472E-8;44.903767
0.014;0.044;15;1;0;0.6764706;-0.0;1.0;0.5687177;2.4866472E-8;44.903767
0.015;0.044;15;1;0;0.6764706;-0.0;1.0;0.5687177;2.4866472E-8;44.903767
0.016;0.044;15;1;0;0.6764706;-0.0;1.0;0.5687177;2.4866472E-8;44.903767
0.017;0.044;15;1;0;0.6764706;-0.0;1.0;0.5687177;2.4866472E-8;44.903767
0.018;0.044;15;1;0;0.6764706;-0.0;1.0;0.5687177;2.4866472E-8;44.903767
0.019;0.044;15;1;0;0.6764706;-0.0;1.0;0.5687177;2.4866472E-8;44.903767
0.02;0.044;15;1;0;0.6764706;-0.0;1.0;0.5687177;2.4866472E-8;44.903767
0.021;0.044;15;1;0;0.6764706;-0.0;1.0;0.5687177;2.4866472E-8;44.903767
0.022;0.044;15;1;0;0.6764706;-0.0;1.0;0.5687177;2.4866472E-8;44.903767
0.023;0.044;15;1;0;0.6764706;-0.0;1.0;0.5687177;2.4866472E-8;44.903767
0.024;0.044;15;1;0;0.6764706;-0.0;1.0;0.5687177;2.4866472E-8;44.903767
0.025;0.044;15;1;0;0.6764706;-0.0;1.0;0.5687177;2.4866472E-8;44.903767
0.026;0.044;15;1;0;0.6764706;-0.0;1.0;0.5687177;2.4866472E-8;44.903767
0.027;0.044;15;1;0;0.6764706;-0.0;1.0;0.5687177;2.4866472E-8;44.903767
0.028;0.044;15;1;0;0.6764706;-0.0;1.0;0.5687177;2.4866472E-8;44.903767
0.029;0.044;15;1;0;0.6764706;-0.0;1.0;0.5687177;2.4866472E-8;44.903767
0.03;0.044;15;1;0;0.6764706;-0.0;1.0;0.5687177;2.4866472E-8;44.903767
0.001;0.045;15;1;0;0.6764706;-0.0;1.0;0.5687177;2.4866472E-8;44.903767
0.002;0.045;15;1;0;0.6764706;-0.0;1.0;0.5687177;2.4866472E-8;44.903767
0.003;0.045;15;1;0;0.6764706;-0.0;1.0;0.5687177;2.4866472E-8;44.903767
0.004;0.045;15;1;0;0.6764706;-0.0;1.0;0.5687177;2.4866472E-8;44.903767
0.005;0.045;15;1;0;0.6764706;-0.0;1.0;0.5687177;2.4866472E-8;44.903767
0.006;0.045;15;1;0;0.6764706;-0.0;1.0;0.5687177;2.4866472E-8;44.903767
0.007;0.045;15;1;0;0.6764706;-0.0;1.0;0.5687177;2.4866472E-8;44.903767
0.008;0.045;15;1;0;0.6764706;-0.0;1.0;0.5687177;2.4866472E-8;44.903767
0.009;0.045;15;1;0;0.6764706;-0.0;1.0;0.5687177;2.4866472E-8;44.903767
0.01;0.045;15;1;0;0.6764706;-0.0;1.0;0.5687177;2.4866472E-8;44.903767
0.011;0.045;15;1;0;0.6764706;-0.0;1.0;0.5687177;2.4866472E-8;44.903767
0.012;0.045;15;1;0;0.6764706;-0.0;1.0;0.5687177;2.4866472E-8;44.903767
0.013;0.045;15;1;0;0.6764706;-0.0;1.0;0.5687177;2.4866472E-8;44.903767
0.014;0.045;15;1;0;0.6764706;-0.0;1.0;0.5687177;2.4866472E-8;44.903767
0.015;0.045;15;1;0;0.6764706;-0.0;1.0;0.5687177;2.4866472E-8;44.903767
0.016;0.045;15;1;0;0.6764706;-0.0;1.0;0.5687177;2.4866472E-8;44.903767
0.017;0.045;15;1;0;0.6764706;-0.0;1.0;0.5687177;2.4866472E-8;44.903767
0.018;0.045;15;1;0;0.6764706;-0.0;1.0;0.5687177;2.4866472E-8;44.903767
0.019;0.045;15;1;0;0.6764706;-0.0;1.0;0.5687177;2.4866472E-8;44.903767
0.02;0.045;15;1;0;0.6764706;-0.0;1.0;0.5687177;2.4866472E-8;44.903767
0.021;0.045;15;1;0;0.6764706;-0.0;1.0;0.5687177;2.4866472E-8;44.903767
0.022;0.045;15;1;0;0.6764706;-0.0;1.0;0.5687177;2.4866472E-8;44.903767
0.023;0.045;15;1;0;0.6764706;-0.0;1.0;0.5687177;2.4866472E-8;44.903767
0.024;0.045;15;1;0;0.6764706;-0.0;1.0;0.5687177;2.4866472E-8;44.903767
0.025;0.045;15;1;0;0.6764706;-0.0;1.0;0.5687177;2.4866472E-8;44.903767
0.026;0.045;15;1;0;0.6764706;-0.0;1.0;0.5687177;2.4866472E-8;44.903767
0.027;0.045;15;1;0;0.6764706;-0.0;1.0;0.5687177;2.4866472E-8;44.903767
0.028;0.045;15;1;0;0.6764706;-0.0;1.0;0.5687177;2.4866472E-8;44.903767
0.029;0.045;15;1;0;0.6764706;-0.0;1.0;0.5687177;2.4866472E-8;44.903767
0.03;0.045;15;1;0;0.6764706;-0.0;1.0;0.5687177;2.4866472E-8;44.903767
0.001;0.046;15;1;0;0.6764706;-0.0;1.0;0.5687177;2.4866472E-8;44.903767
0.002;0.046;15;1;0;0.6764706;-0.0;1.0;0.5687177;2.4866472E-8;44.903767
0.003;0.046;15;1;0;0.6764706;-0.0;1.0;0.5687177;2.4866472E-8;44.903767
0.004;0.046;15;1;0;0.6764706;-0.0;1.0;0.5687177;2.4866472E-8;44.903767
0.005;0.046;15;1;0;0.6764706;-0.0;1.0;0.5687177;2.4866472E-8;44.903767
0.006;0.046;15;1;0;0.6764706;-0.0;1.0;0.5687177;2.4866472E-8;44.903767
0.007;0.046;15;1;0;0.6764706;-0.0;1.0;0.5687177;2.4866472E-8;44.903767
0.008;0.046;15;1;0;0.6764706;-0.0;1.0;0.5687177;2.4866472E-8;44.903767
0.009;0.046;15;1;0;0.6764706;-0.0;1.0;0.5687177;2.4866472E-8;44.903767
0.01;0.046;15;1;0;0.6764706;-0.0;1.0;0.5687177;2.4866472E-8;44.903767
0.011;0.046;15;1;0;0.6764706;-0.0;1.0;0.5687177;2.4866472E-8;44.903767
0.012;0.046;15;1;0;0.6764706;-0.0;1.0;0.5687177;2.4866472E-8;44.903767
0.013;0.046;15;1;0;0.6764706;-0.0;1.0;0.5687177;2.4866472E-8;44.903767
0.014;0.046;15;1;0;0.6764706;-0.0;1.0;0.5687177;2.4866472E-8;44.903767
0.015;0.046;15;1;0;0.6764706;-0.0;1.0;0.5687177;2.4866472E-8;44.903767
0.016;0.046;15;1;0;0.6764706;-0.0;1.0;0.5687177;2.4866472E-8;44.903767
0.017;0.046;15;1;0;0.6764706;-0.0;1.0;0.5687177;2.4866472E-8;44.903767
0.018;0.046;15;1;0;0.6764706;-0.0;1.0;0.5687177;2.4866472E-8;44.903767
0.019;0.046;15;1;0;0.6764706;-0.0;1.0;0.5687177;2.4866472E-8;44.903767
0.02;0.046;15;1;0;0.6764706;-0.0;1.0;0.5687177;2.4866472E-8;44.903767
0.021;0.046;15;1;0;0.6764706;-0.0;1.0;0.5687177;2.4866472E-8;44.903767
0.022;0.046;15;1;0;0.6764706;-0.0;1.0;0.5687177;2.4866472E-8;44.903767
0.023;0.046;15;1;0;0.6764706;-0.0;1.0;0.5687177;2.4866472E-8;44.903767
0.024;0.046;15;1;0;0.6764706;-0.0;1.0;0.5687177;2.4866472E-8;44.903767
0.025;0.046;15;1;0;0.6764706;-0.0;1.0;0.5687177;2.4866472E-8;44.903767
0.026;0.046;15;1;0;0.6764706;-0.0;1.0;0.5687177;2.4866472E-8;44.903767
0.027;0.046;15;1;0;0.6764706;-0.0;1.0;0.5687177;2.4866472E-8;44.903767
0.028;0.046;15;1;0;0.6764706;-0.0;1.0;0.5687177;2.4866472E-8;44.903767
0.029;0.046;15;1;0;0.6764706;-0.0;1.0;0.5687177;2.4866472E-8;44.903767
0.03;0.046;15;1;0;0.6764706;-0.0;1.0;0.5687177;2.4866472E-8;44.903767
0.001;0.047;15;1;0;0.6764706;-0.0;1.0;0.5687177;2.4866472E-8;44.903767
0.002;0.047;15;1;0;0.6764706;-0.0;1.0;0.5687177;2.4866472E-8;44.903767
0.003;0.047;15;1;0;0.6764706;-0.0;1.0;0.5687177;2.4866472E-8;44.903767
0.004;0.047;15;1;0;0.6764706;-0.0;1.0;0.5687177;2.4866472E-8;44.903767
0.005;0.047;15;1;0;0.6764706;-0.0;1.0;0.5687177;2.4866472E-8;44.903767
0.006;0.047;15;1;0;0.6764706;-0.0;1.0;0.5687177;2.4866472E-8;44.903767
0.007;0.047;15;1;0;0.6764706;-0.0;1.0;0.5687177;2.4866472E-8;44.903767
0.008;0.047;15;1;0;0.6764706;-0.0;1.0;0.5687177;2.4866472E-8;44.903767
0.009;0.047;15;1;0;0.6764706;-0.0;1.0;0.5687177;2.4866472E-8;44.903767
0.01;0.047;15;1;0;0.6764706;-0.0;1.0;0.5687177;2.4866472E-8;44.903767
0.011;0.047;15;1;0;0.6764706;-0.0;1.0;0.5687177;2.4866472E-8;44.903767
0.012;0.047;15;1;0;0.6764706;-0.0;1.0;0.5687177;2.4866472E-8;44.903767
0.013;0.047;15;1;0;0.6764706;-0.0;1.0;0.5687177;2.4866472E-8;44.903767
0.014;0.047;15;1;0;0.6764706;-0.0;1.0;0.5687177;2.4866472E-8;44.903767
0.015;0.047;15;1;0;0.6764706;-0.0;1.0;0.5687177;2.4866472E-8;44.903767
0.016;0.047;15;1;0;0.6764706;-0.0;1.0;0.5687177;2.4866472E-8;44.903767
0.017;0.047;15;1;0;0.6764706;-0.0;1.0;0.5687177;2.4866472E-8;44.903767
0.018;0.047;15;1;0;0.6764706;-0.0;1.0;0.5687177;2.4866472E-8;44.903767
0.019;0.047;15;1;0;0.6764706;-0.0;1.0;0.5687177;2.4866472E-8;44.903767
0.02;0.047;15;1;0;0.6764706;-0.0;1.0;0.5687177;2.4866472E-8;44.903767
0.021;0.047;15;1;0;0.6764706;-0.0;1.0;0.5687177;2.4866472E-8;44.903767
0.022;0.047;15;1;0;0.6764706;-0.0;1.0;0.5687177;2.4866472E-8;44.903767
0.023;0.047;15;1;0;0.6764706;-0.0;1.0;0.5687177;2.4866472E-8;44.903767
0.024;0.047;15;1;0;0.6764706;-0.0;1.0;0.5687177;2.4866472E-8;44.903767
0.025;0.047;15;1;0;0.6764706;-0.0;1.0;0.5687177;2.4866472E-8;44.903767
0.026;0.047;15;1;0;0.6764706;-0.0;1.0;0.5687177;2.4866472E-8;44.903767
0.027;0.047;15;1;0;0.6764706;-0.0;1.0;0.5687177;2.4866472E-8;44.903767
0.028;0.047;15;1;0;0.6764706;-0.0;1.0;0.5687177;2.4866472E-8;44.903767
0.029;0.047;15;1;0;0.6764706;-0.0;1.0;0.5687177;2.4866472E-8;44.903767
0.03;0.047;15;1;0;0.6764706;-0.0;1.0;0.5687177;2.4866472E-8;44.903767
0.001;0.048;15;1;0;0.6764706;-0.0;1.0;0.5687177;2.4866472E-8;44.903767
0.002;0.048;15;1;0;0.6764706;-0.0;1.0;0.5687177;2.4866472E-8;44.903767
0.003;0.048;15;1;0;0.6764706;-0.0;1.0;0.5687177;2.4866472E-8;44.903767
0.004;0.048;15;1;0;0.6764706;-0.0;1.0;0.5687177;2.4866472E-8;44.903767
0.005;0.048;15;1;0;0.6764706;-0.0;1.0;0.5687177;2.4866472E-8;44.903767
0.006;0.048;15;1;0;0.6764706;-0.0;1.0;0.5687177;2.4866472E-8;44.903767
0.007;0.048;15;1;0;0.6764706;-0.0;1.0;0.5687177;2.4866472E-8;44.903767
0.008;0.048;15;1;0;0.6764706;-0.0;1.0;0.5687177;2.4866472E-8;44.903767
0.009;0.048;15;1;0;0.6764706;-0.0;1.0;0.5687177;2.4866472E-8;44.903767
0.01;0.048;15;1;0;0.6764706;-0.0;1.0;0.5687177;2.4866472E-8;44.903767
0.011;0.048;15;1;0;0.6764706;-0.0;1.0;0.5687177;2.4866472E-8;44.903767
0.012;0.048;15;1;0;0.6764706;-0.0;1.0;0.5687177;2.4866472E-8;44.903767
0.013;0.048;15;1;0;0.6764706;-0.0;1.0;0.5687177;2.4866472E-8;44.903767
0.014;0.048;15;1;0;0.6764706;-0.0;1.0;0.5687177;2.4866472E-8;44.903767
0.015;0.048;15;1;0;0.6764706;-0.0;1.0;0.5687177;2.4866472E-8;44.903767
0.016;0.048;15;1;0;0.6764706;-0.0;1.0;0.5687177;2.4866472E-8;44.903767
0.017;0.048;15;1;0;0.6764706;-0.0;1.0;0.5687177;2.4866472E-8;44.903767
0.018;0.048;15;1;0;0.6764706;-0.0;1.0;0.5687177;2.4866472E-8;44.903767
0.019;0.048;15;1;0;0.6764706;-0.0;1.0;0.5687177;2.4866472E-8;44.903767
0.02;0.048;15;1;0;0.6764706;-0.0;1.0;0.5687177;2.4866472E-8;44.903767
0.021;0.048;15;1;0;0.6764706;-0.0;1.0;0.5687177;2.4866472E-8;44.903767
0.022;0.048;15;1;0;0.6764706;-0.0;1.0;0.5687177;2.4866472E-8;44.903767
0.023;0.048;15;1;0;0.6764706;-0.0;1.0;0.5687177;2.4866472E-8;44.903767
0.024;0.048;15;1;0;0.6764706;-0.0;1.0;0.5687177;2.4866472E-8;44.903767
0.025;0.048;15;1;0;0.6764706;-0.0;1.0;0.5687177;2.4866472E-8;44.903767
0.026;0.048;15;1;0;0.6764706;-0.0;1.0;0.5687177;2.4866472E-8;44.903767
0.027;0.048;15;1;0;0.6764706;-0.0;1.0;0.5687177;2.4866472E-8;44.903767
0.028;0.048;15;1;0;0.6764706;-0.0;1.0;0.5687177;2.4866472E-8;44.903767
0.029;0.048;15;1;0;0.6764706;-0.0;1.0;0.5687177;2.4866472E-8;44.903767
0.03;0.048;15;1;0;0.6764706;-0.0;1.0;0.5687177;2.4866472E-8;44.903767
0.001;0.049;15;1;0;0.6764706;-0.0;1.0;0.5687177;2.4866472E-8;44.903767
0.002;0.049;15;1;0;0.6764706;-0.0;1.0;0.5687177;2.4866472E-8;44.903767
0.003;0.049;15;1;0;0.6764706;-0.0;1.0;0.5687177;2.4866472E-8;44.903767
0.004;0.049;15;1;0;0.6764706;-0.0;1.0;0.5687177;2.4866472E-8;44.903767
0.005;0.049;15;1;0;0.6764706;-0.0;1.0;0.5687177;2.4866472E-8;44.903767
0.006;0.049;15;1;0;0.6764706;-0.0;1.0;0.5687177;2.4866472E-8;44.903767
0.007;0.049;15;1;0;0.6764706;-0.0;1.0;0.5687177;2.4866472E-8;44.903767
0.008;0.049;15;1;0;0.6764706;-0.0;1.0;0.5687177;2.4866472E-8;44.903767
0.009;0.049;15;1;0;0.6764706;-0.0;1.0;0.5687177;2.4866472E-8;44.903767
0.01;0.049;15;1;0;0.6764706;-0.0;1.0;0.5687177;2.4866472E-8;44.903767
0.011;0.049;15;1;0;0.6764706;-0.0;1.0;0.5687177;2.4866472E-8;44.903767
0.012;0.049;15;1;0;0.6764706;-0.0;1.0;0.5687177;2.4866472E-8;44.903767
0.013;0.049;15;1;0;0.6764706;-0.0;1.0;0.5687177;2.4866472E-8;44.903767
0.014;0.049;15;1;0;0.6764706;-0.0;1.0;0.5687177;2.4866472E-8;44.903767
0.015;0.049;15;1;0;0.6764706;-0.0;1.0;0.5687177;2.4866472E-8;44.903767
0.016;0.049;15;1;0;0.6764706;-0.0;1.0;0.5687177;2.4866472E-8;44.903767
0.017;0.049;15;1;0;0.6764706;-0.0;1.0;0.5687177;2.4866472E-8;44.903767
0.018;0.049;15;1;0;0.6764706;-0.0;1.0;0.5687177;2.4866472E-8;44.903767
0.019;0.049;15;1;0;0.6764706;-0.0;1.0;0.5687177;2.4866472E-8;44.903767
0.02;0.049;15;1;0;0.6764706;-0.0;1.0;0.5687177;2.4866472E-8;44.903767
0.021;0.049;15;1;0;0.6764706;-0.0;1.0;0.5687177;2.4866472E-8;44.903767
0.022;0.049;15;1;0;0.6764706;-0.0;1.0;0.5687177;2.4866472E-8;44.903767
0.023;0.049;15;1;0;0.6764706;-0.0;1.0;0.5687177;2.4866472E-8;44.903767
0.024;0.049;15;1;0;0.6764706;-0.0;1.0;0.5687177;2.4866472E-8;44.903767
0.025;0.049;15;1;0;0.6764706;-0.0;1.0;0.5687177;2.4866472E-8;44.903767
0.026;0.049;15;1;0;0.6764706;-0.0;1.0;0.5687177;2.4866472E-8;44.903767
0.027;0.049;15;1;0;0.6764706;-0.0;1.0;0.5687177;2.4866472E-8;44.903767
0.028;0.049;15;1;0;0.6764706;-0.0;1.0;0.5687177;2.4866472E-8;44.903767
0.029;0.049;15;1;0;0.6764706;-0.0;1.0;0.5687177;2.4866472E-8;44.903767
0.03;0.049;15;1;0;0.6764706;-0.0;1.0;0.5687177;2.4866472E-8;44.903767
