0.001;0.01;15;85;84;0.9702357;0.9882353;0.9732028;0.97565943;0.38038447;85.75436
0.002;0.01;15;80;86;0.9677852;0.9852564;0.93934906;0.9471694;0.3795544;84.382286
0.003;0.01;15;72;82;0.9568755;0.981746;0.9356264;0.94726455;0.37955973;84.02145
0.004;0.01;15;58;74;0.9121955;0.97229064;0.88203573;0.90672725;0.39160538;81.29709
0.005;0.01;15;45;66;0.8999758;0.9550387;0.8738786;0.9071465;0.38939145;80.50861
0.006;0.01;15;42;66;0.87680787;0.9464285;0.85428196;0.8789487;0.38794383;78.888214
0.007;0.01;15;38;65;0.8627982;0.9327485;0.846974;0.8424678;0.37209144;77.141594
0.008;0.01;15;33;65;0.8104122;0.9051809;0.8050025;0.7973771;0.3719541;73.79853
0.009;0.01;15;28;62;0.8248009;0.86813176;0.81649965;0.8039978;0.3419308;73.107216
0.01;0.01;15;27;62;0.82265544;0.85629624;0.8086495;0.8209851;0.3428957;73.02963
0.011;0.01;15;26;62;0.84406877;0.84294873;0.80128026;0.7985472;0.34289396;72.59477
0.012;0.01;15;26;60;0.85059106;0.84935904;0.80720997;0.80159473;0.34776217;73.13034
0.013;0.01;15;26;62;0.84912044;0.84294873;0.80248284;0.8005815;0.34759146;72.8545
0.014;0.01;15;26;58;0.8581336;0.8557692;0.7969069;0.8000542;0.3442205;73.101685
0.015;0.01;15;26;57;0.85826916;0.8589744;0.79554003;0.80163;0.3437902;73.16407
0.016;0.01;15;26;57;0.85826916;0.8589744;0.79554003;0.80163;0.3437902;73.16407
0.017;0.01;15;26;57;0.85826916;0.8589744;0.79554003;0.80163;0.3437902;73.16407
0.018;0.01;15;26;57;0.85826916;0.8589744;0.79554003;0.80163;0.3437902;73.16407
0.019;0.01;15;26;57;0.85826916;0.8589744;0.79554003;0.80163;0.3437902;73.16407
0.02;0.01;15;26;57;0.85826916;0.8589744;0.79554003;0.80163;0.3437902;73.16407
0.021;0.01;15;26;57;0.85826916;0.8589744;0.79554003;0.80163;0.3437902;73.16407
0.022;0.01;15;26;57;0.85826916;0.8589744;0.79554003;0.80163;0.3437902;73.16407
0.023;0.01;15;26;57;0.85826916;0.8589744;0.79554003;0.80163;0.3437902;73.16407
0.024;0.01;15;26;57;0.85826916;0.8589744;0.79554003;0.80163;0.3437902;73.16407
0.025;0.01;15;26;57;0.85826916;0.8589744;0.79554003;0.80163;0.3437902;73.16407
0.026;0.01;15;26;57;0.85826916;0.8589744;0.79554003;0.80163;0.3437902;73.16407
0.027;0.01;15;26;57;0.85826916;0.8589744;0.79554003;0.80163;0.3437902;73.16407
0.028;0.01;15;26;57;0.85826916;0.8589744;0.79554003;0.80163;0.3437902;73.16407
0.029;0.01;15;26;57;0.85826916;0.8589744;0.79554003;0.80163;0.3437902;73.16407
0.03;0.01;15;26;57;0.85826916;0.8589744;0.79554003;0.80163;0.3437902;73.16407
0.001;0.011;15;66;65;0.9604361;0.9848485;0.9659053;0.9674909;0.3930419;85.434456
0.002;0.011;15;64;65;0.9591997;0.9833669;0.95390034;0.95745814;0.3935072;84.948654
0.003;0.011;15;59;63;0.9480665;0.9800773;0.93611276;0.94309556;0.39821336;84.11131
0.004;0.011;15;47;59;0.90856713;0.96643025;0.875832;0.89378154;0.40270805;80.94638
0.005;0.011;15;41;57;0.89863443;0.9543465;0.86303073;0.8595311;0.40173876;79.54562
0.006;0.011;15;37;58;0.8614366;0.93899614;0.8362056;0.87770563;0.40036562;78.29419
0.007;0.011;15;33;56;0.87725604;0.92277616;0.8372253;0.8786994;0.3852995;78.02513
0.008;0.011;15;32;56;0.8682119;0.9166667;0.83378637;0.86482906;0.39041162;77.47811
0.009;0.011;15;28;51;0.8377898;0.89835167;0.79818755;0.82260126;0.3752157;74.642914
0.01;0.011;15;27;53;0.85672885;0.88296294;0.80883974;0.8784336;0.37085277;75.95636
0.011;0.011;15;24;52;0.87150675;0.8484848;0.79725206;0.8566941;0.3568227;74.61521
0.012;0.011;15;23;50;0.8510402;0.8405797;0.7773989;0.8827176;0.33573014;73.74933
0.013;0.011;15;23;52;0.84918094;0.83229816;0.77512515;0.88158125;0.33498365;73.46338
0.014;0.011;15;23;48;0.84364295;0.84886134;0.79797214;0.8681447;0.33013773;73.77518
0.015;0.011;15;22;46;0.8347572;0.8409091;0.79677206;0.8664711;0.3314442;73.407074
0.016;0.011;15;22;46;0.8347572;0.8409091;0.79677206;0.8664711;0.3314442;73.407074
0.017;0.011;15;22;46;0.8347572;0.8409091;0.79677206;0.8664711;0.3314442;73.407074
0.018;0.011;15;22;46;0.8347572;0.8409091;0.79677206;0.8664711;0.3314442;73.407074
0.019;0.011;15;22;46;0.8347572;0.8409091;0.79677206;0.8664711;0.3314442;73.407074
0.02;0.011;15;22;46;0.8347572;0.8409091;0.79677206;0.8664711;0.3314442;73.407074
0.021;0.011;15;22;46;0.8347572;0.8409091;0.79677206;0.8664711;0.3314442;73.407074
0.022;0.011;15;22;46;0.8347572;0.8409091;0.79677206;0.8664711;0.3314442;73.407074
0.023;0.011;15;22;46;0.8347572;0.8409091;0.79677206;0.8664711;0.3314442;73.407074
0.024;0.011;15;22;46;0.8347572;0.8409091;0.79677206;0.8664711;0.3314442;73.407074
0.025;0.011;15;22;46;0.8347572;0.8409091;0.79677206;0.8664711;0.3314442;73.407074
0.026;0.011;15;22;46;0.8347572;0.8409091;0.79677206;0.8664711;0.3314442;73.407074
0.027;0.011;15;22;46;0.8347572;0.8409091;0.79677206;0.8664711;0.3314442;73.407074
0.028;0.011;15;22;46;0.8347572;0.8409091;0.79677206;0.8664711;0.3314442;73.407074
0.029;0.011;15;22;46;0.8347572;0.8409091;0.79677206;0.8664711;0.3314442;73.407074
0.03;0.011;15;22;46;0.8347572;0.8409091;0.79677206;0.8664711;0.3314442;73.407074
0.001;0.012;15;51;50;0.95338243;0.98039216;0.95741653;0.959763;0.38001233;84.61932
0.002;0.012;15;50;51;0.95245004;0.9783333;0.94293827;0.94747853;0.37774247;83.97884
0.003;0.012;15;46;51;0.95103264;0.972332;0.9182429;0.93808705;0.38236803;83.24125
0.004;0.012;15;41;52;0.9200803;0.96060044;0.8805767;0.8862061;0.38878638;80.725
0.005;0.012;15;35;48;0.8949572;0.9471861;0.8767342;0.8723646;0.37810856;79.38702
0.006;0.012;15;34;49;0.8638586;0.9411764;0.8514387;0.8729078;0.38171136;78.221855
0.007;0.012;15;29;48;0.81005275;0.9144317;0.8497893;0.8659429;0.3566218;75.936775
0.008;0.012;15;26;42;0.83920693;0.90705127;0.8128099;0.8647001;0.3548814;75.57299
0.009;0.012;15;27;44;0.87669516;0.90962964;0.8201097;0.84501505;0.35954115;76.21982
0.01;0.012;15;24;44;0.8268998;0.87878793;0.797278;0.8275186;0.34634915;73.53667
0.011;0.012;15;22;43;0.8640387;0.8545455;0.8132344;0.8211976;0.3410853;73.88203
0.012;0.012;15;20;47;0.8528823;0.7944445;0.8105926;0.82310605;0.303654;71.69359
0.013;0.012;15;20;47;0.8503761;0.79444444;0.80548114;0.8284975;0.30285498;71.63309
0.014;0.012;15;18;44;0.81236285;0.7569444;0.7794398;0.77830094;0.31878394;68.91664
0.015;0.012;15;17;42;0.7992941;0.73725486;0.7735647;0.77381873;0.3209834;68.09832
0.016;0.012;15;17;42;0.7992941;0.73725486;0.7735647;0.77381873;0.3209834;68.09832
0.017;0.012;15;17;42;0.7992941;0.73725486;0.7735647;0.77381873;0.3209834;68.09832
0.018;0.012;15;17;42;0.7992941;0.73725486;0.7735647;0.77381873;0.3209834;68.09832
0.019;0.012;15;17;42;0.7992941;0.73725486;0.7735647;0.77381873;0.3209834;68.09832
0.02;0.012;15;17;42;0.7992941;0.73725486;0.7735647;0.77381873;0.3209834;68.09832
0.021;0.012;15;17;42;0.7992941;0.73725486;0.7735647;0.77381873;0.3209834;68.09832
0.022;0.012;15;17;42;0.7992941;0.73725486;0.7735647;0.77381873;0.3209834;68.09832
0.023;0.012;15;17;42;0.7992941;0.73725486;0.7735647;0.77381873;0.3209834;68.09832
0.024;0.012;15;17;42;0.7992941;0.73725486;0.7735647;0.77381873;0.3209834;68.09832
0.025;0.012;15;17;42;0.7992941;0.73725486;0.7735647;0.77381873;0.3209834;68.09832
0.026;0.012;15;17;42;0.7992941;0.73725486;0.7735647;0.77381873;0.3209834;68.09832
0.027;0.012;15;17;42;0.7992941;0.73725486;0.7735647;0.77381873;0.3209834;68.09832
0.028;0.012;15;17;42;0.7992941;0.73725486;0.7735647;0.77381873;0.3209834;68.09832
0.029;0.012;15;17;42;0.7992941;0.73725486;0.7735647;0.77381873;0.3209834;68.09832
0.03;0.012;15;17;42;0.7992941;0.73725486;0.7735647;0.77381873;0.3209834;68.09832
0.001;0.013;15;41;40;0.93218225;0.9756098;0.9491182;0.9494564;0.37281662;83.583664
0.002;0.013;15;40;41;0.9304868;0.9723684;0.9319729;0.9342975;0.37044063;82.79133
0.003;0.013;15;37;42;0.9068326;0.96370655;0.8964053;0.9084111;0.3689647;80.886406
0.004;0.013;15;35;44;0.90376306;0.9541125;0.902625;0.91859955;0.3684998;80.951996
0.005;0.013;15;30;42;0.8816832;0.9357143;0.8565808;0.86573285;0.37608266;78.31587
0.006;0.013;15;24;39;0.8509759;0.89772725;0.843416;0.8455186;0.36311606;76.01507
0.007;0.013;15;24;38;0.8547134;0.9015152;0.8461792;0.8861517;0.36392093;77.049614
0.008;0.013;15;23;39;0.81789875;0.88612837;0.837874;0.8615949;0.35907164;75.25136
0.009;0.013;15;20;36;0.8355656;0.8555556;0.8397007;0.8597822;0.36945057;75.201096
0.01;0.013;15;18;37;0.73624206;0.8055555;0.7918998;0.81253153;0.348444;69.89346
0.011;0.013;15;18;35;0.78605;0.8194444;0.82399833;0.79271495;0.32275164;70.899185
0.012;0.013;15;16;31;0.7975802;0.79464287;0.8234301;0.7976116;0.3225476;70.71625
0.013;0.013;15;16;32;0.816717;0.78571427;0.82887906;0.72280866;0.3052615;69.187614
0.014;0.013;15;15;30;0.81023705;0.7692307;0.83532476;0.7073702;0.30339563;68.51116
0.015;0.013;15;15;29;0.8100438;0.7794871;0.83072555;0.7076125;0.3033051;68.62348
0.016;0.013;15;15;29;0.8100438;0.7794871;0.83072555;0.7076125;0.3033051;68.62348
0.017;0.013;15;15;29;0.8100438;0.7794871;0.83072555;0.7076125;0.3033051;68.62348
0.018;0.013;15;15;29;0.80681825;0.7794871;0.8231742;0.7081668;0.30299532;68.412834
0.019;0.013;15;15;29;0.80681825;0.7794871;0.8231742;0.7081668;0.30299532;68.412834
0.02;0.013;15;15;29;0.80681825;0.7794871;0.8231742;0.7081668;0.30299532;68.412834
0.021;0.013;15;15;29;0.80681825;0.7794871;0.8231742;0.7081668;0.30299532;68.412834
0.022;0.013;15;15;29;0.80681825;0.7794871;0.8231742;0.7081668;0.30299532;68.412834
0.023;0.013;15;15;29;0.80681825;0.7794871;0.8231742;0.7081668;0.30299532;68.412834
0.024;0.013;15;15;29;0.80681825;0.7794871;0.8231742;0.7081668;0.30299532;68.412834
0.025;0.013;15;15;29;0.80681825;0.7794871;0.8231742;0.7081668;0.30299532;68.412834
0.026;0.013;15;15;29;0.80681825;0.7794871;0.8231742;0.7081668;0.30299532;68.412834
0.027;0.013;15;15;29;0.80681825;0.7794871;0.8231742;0.7081668;0.30299532;68.412834
0.028;0.013;15;15;29;0.80681825;0.7794871;0.8231742;0.7081668;0.30299532;68.412834
0.029;0.013;15;15;29;0.80681825;0.7794871;0.8231742;0.7081668;0.30299532;68.412834
0.03;0.013;15;15;29;0.80681825;0.7794871;0.8231742;0.7081668;0.30299532;68.412834
0.001;0.014;15;29;28;0.9043288;0.9655173;0.9354492;0.9354793;0.3694233;82.20396
0.002;0.014;15;29;28;0.9043288;0.9655173;0.9354492;0.9354793;0.3694233;82.20396
0.003;0.014;15;28;28;0.87948346;0.96153843;0.90493584;0.91916585;0.35492194;80.40091
0.004;0.014;15;27;30;0.86229956;0.95111114;0.89243454;0.90727353;0.3602748;79.46787
0.005;0.014;15;22;25;0.8761043;0.9363636;0.8684218;0.8869219;0.36197293;78.59569
0.006;0.014;15;19;25;0.8335067;0.9040247;0.8607055;0.8869326;0.3639481;76.982346
0.007;0.014;15;16;21;0.86837935;0.8839286;0.85214305;0.88019484;0.37871766;77.26727
0.008;0.014;15;16;21;0.86837935;0.8839286;0.85214305;0.88019484;0.37871766;77.26727
0.009;0.014;15;15;21;0.79892266;0.86153835;0.81046015;0.8449088;0.38058972;73.9284
0.01;0.014;15;15;21;0.82356447;0.86153835;0.8170518;0.8370513;0.36185065;74.02113
0.011;0.014;15;15;21;0.82356447;0.86153835;0.8170518;0.8370513;0.36185065;74.02113
0.012;0.014;15;13;23;0.7792158;0.7692308;0.823337;0.773585;0.33390355;69.58545
0.013;0.014;15;12;21;0.7860701;0.74999994;0.7847957;0.78979814;0.34220538;69.05739
0.014;0.014;15;12;21;0.7971944;0.75;0.8170316;0.77133125;0.32573235;69.22579
0.015;0.014;15;12;22;0.8176296;0.7333333;0.806023;0.76943386;0.3224323;68.97704
0.016;0.014;15;12;22;0.8176296;0.7333333;0.806023;0.76943386;0.3224323;68.97704
0.017;0.014;15;12;22;0.8176296;0.7333333;0.806023;0.76943386;0.3224323;68.97704
0.018;0.014;15;12;22;0.8176296;0.7333333;0.806023;0.76943386;0.3224323;68.97704
0.019;0.014;15;12;22;0.8176296;0.7333333;0.806023;0.76943386;0.3224323;68.97704
0.02;0.014;15;12;22;0.8176296;0.7333333;0.806023;0.76943386;0.3224323;68.97704
0.021;0.014;15;12;22;0.8176296;0.7333333;0.806023;0.76943386;0.3224323;68.97704
0.022;0.014;15;12;22;0.8176296;0.7333333;0.806023;0.76943386;0.3224323;68.97704
0.023;0.014;15;12;22;0.8176296;0.7333333;0.806023;0.76943386;0.3224323;68.97704
0.024;0.014;15;12;22;0.8176296;0.7333333;0.806023;0.76943386;0.3224323;68.97704
0.025;0.014;15;12;22;0.8176296;0.7333333;0.806023;0.76943386;0.3224323;68.97704
0.026;0.014;15;12;22;0.8176296;0.7333333;0.806023;0.76943386;0.3224323;68.97704
0.027;0.014;15;12;22;0.8176296;0.7333333;0.806023;0.76943386;0.3224323;68.97704
0.028;0.014;15;12;22;0.8176296;0.7333333;0.806023;0.76943386;0.3224323;68.97704
0.029;0.014;15;12;22;0.8176296;0.7333333;0.806023;0.76943386;0.3224323;68.97704
0.03;0.014;15;12;22;0.8176296;0.7333333;0.806023;0.76943386;0.3224323;68.97704
0.001;0.015;15;20;19;0.8434361;0.95000005;0.9095412;0.9118896;0.37749013;79.847145
0.002;0.015;15;19;19;0.83519596;0.9411765;0.88854694;0.8877738;0.37034255;78.46072
0.003;0.015;15;19;19;0.83519596;0.9411765;0.88854694;0.8877738;0.37034255;78.46072
0.004;0.015;15;17;18;0.8168235;0.9254902;0.8569496;0.8997119;0.33876264;76.75476
0.005;0.015;15;15;17;0.7923999;0.9025641;0.8542133;0.8909496;0.3481872;75.76628
0.006;0.015;15;14;17;0.77784187;0.88095236;0.8376927;0.8727051;0.34093618;74.20256
0.007;0.015;15;12;15;0.7287202;0.85;0.82050806;0.83442307;0.3636892;71.94681
0.008;0.015;15;13;15;0.7418415;0.88111883;0.85723233;0.85580456;0.3784894;74.28973
0.009;0.015;15;12;14;0.7279938;0.8666667;0.8494137;0.84428173;0.39287627;73.62465
0.01;0.015;15;12;14;0.7279938;0.8666667;0.8494137;0.84428173;0.39287627;73.62465
0.011;0.015;15;12;14;0.7279938;0.8666667;0.8494137;0.84428173;0.39287627;73.62465
0.012;0.015;15;10;15;0.70048076;0.75;0.82486105;0.81339616;0.3622762;69.02028
0.013;0.015;15;10;15;0.7151339;0.75;0.8255697;0.82107866;0.3622762;69.48117
0.014;0.015;15;10;15;0.7151339;0.75;0.8255697;0.82107866;0.3622762;69.48117
0.015;0.015;15;10;15;0.7688862;0.75;0.7987714;0.83101153;0.36377782;70.24894
0.016;0.015;15;10;15;0.7688862;0.75;0.7987714;0.83101153;0.36377782;70.24894
0.017;0.015;15;10;15;0.7688862;0.75;0.7987714;0.83101153;0.36377782;70.24894
0.018;0.015;15;10;15;0.7688862;0.75;0.7987714;0.83101153;0.36377782;70.24894
0.019;0.015;15;10;16;0.76686597;0.72499996;0.77295595;0.77410513;0.36249483;68.028435
0.02;0.015;15;10;16;0.76686597;0.72499996;0.77295595;0.77410513;0.36249483;68.028435
0.021;0.015;15;10;15;0.7666135;0.75;0.7673753;0.77402294;0.36248967;68.41003
0.022;0.015;15;10;15;0.7666135;0.75;0.7673753;0.77402294;0.36248967;68.41003
0.023;0.015;15;10;15;0.7666135;0.75;0.7673753;0.77402294;0.36248967;68.41003
0.024;0.015;15;10;15;0.7666135;0.75;0.7673753;0.77402294;0.36248967;68.41003
0.025;0.015;15;10;15;0.7666135;0.75;0.7673753;0.77402294;0.36248967;68.41003
0.026;0.015;15;10;15;0.7666135;0.75;0.7673753;0.77402294;0.36248967;68.41003
0.027;0.015;15;10;15;0.7666135;0.75;0.7673753;0.77402294;0.36248967;68.41003
0.028;0.015;15;10;15;0.7666135;0.75;0.7673753;0.77402294;0.36248967;68.41003
0.029;0.015;15;10;15;0.7666135;0.75;0.7673753;0.77402294;0.36248967;68.41003
0.03;0.015;15;10;15;0.7666135;0.75;0.7673753;0.77402294;0.36248967;68.41003
0.001;0.016;15;15;14;0.8224771;0.93333334;0.8833182;0.87082016;0.35200128;77.239
0.002;0.016;15;15;14;0.8224771;0.93333334;0.8833182;0.87082016;0.35200128;77.239
0.003;0.016;15;15;14;0.8224771;0.93333334;0.8833182;0.87082016;0.35200128;77.239
0.004;0.016;15;13;12;0.7635448;0.92307687;0.8573269;0.8549829;0.36865574;75.351746
0.005;0.016;15;11;11;0.71104217;0.8888889;0.8441162;0.82857686;0.3394254;72.24099
0.006;0.016;15;11;11;0.71104217;0.8888889;0.8441162;0.82857686;0.3394254;72.24099
0.007;0.016;15;11;12;0.73040855;0.86868685;0.83404875;0.8188617;0.34311432;71.90241
0.008;0.016;15;11;12;0.7213241;0.86868685;0.82873183;0.7917687;0.3405796;71.02182
0.009;0.016;15;10;12;0.82111794;0.825;0.8300996;0.8159107;0.37745604;73.391685
0.01;0.016;15;10;12;0.82111794;0.825;0.8300996;0.8159107;0.37745604;73.391685
0.011;0.016;15;10;12;0.82111794;0.825;0.8300996;0.8159107;0.37745604;73.391685
0.012;0.016;15;9;11;0.82084674;0.79365075;0.82464635;0.79028237;0.36080447;71.80461
0.013;0.016;15;9;11;0.82084674;0.79365075;0.82464635;0.79028237;0.36080447;71.80461
0.014;0.016;15;9;13;0.7376704;0.7301587;0.815003;0.8280554;0.30834353;68.38462
0.015;0.016;15;9;12;0.8359861;0.7619047;0.8110932;0.709995;0.3588636;69.55685
0.016;0.016;15;9;13;0.8408963;0.7301587;0.80128366;0.69760674;0.35864076;68.571724
0.017;0.016;15;9;13;0.8408963;0.7301587;0.80128366;0.69760674;0.35864076;68.571724
0.018;0.016;15;9;13;0.8408963;0.7301587;0.80128366;0.69760674;0.35864076;68.571724
0.019;0.016;15;9;13;0.8408963;0.7301587;0.80128366;0.69760674;0.35864076;68.571724
0.02;0.016;15;9;13;0.8408963;0.7301587;0.80128366;0.69760674;0.35864076;68.571724
0.021;0.016;15;9;12;0.8406157;0.7619047;0.7967109;0.69754577;0.3590554;69.11665
0.022;0.016;15;9;12;0.8406157;0.7619047;0.7967109;0.69754577;0.3590554;69.11665
0.023;0.016;15;9;12;0.8406157;0.7619047;0.7967109;0.69754577;0.3590554;69.11665
0.024;0.016;15;9;12;0.8406157;0.7619047;0.7967109;0.69754577;0.3590554;69.11665
0.025;0.016;15;9;12;0.8406157;0.7619047;0.7967109;0.69754577;0.3590554;69.11665
0.026;0.016;15;9;12;0.8406157;0.7619047;0.7967109;0.69754577;0.3590554;69.11665
0.027;0.016;15;9;12;0.8406157;0.7619047;0.7967109;0.69754577;0.3590554;69.11665
0.028;0.016;15;9;12;0.8406157;0.7619047;0.7967109;0.69754577;0.3590554;69.11665
0.029;0.016;15;9;12;0.8406157;0.7619047;0.7967109;0.69754577;0.3590554;69.11665
0.03;0.016;15;9;12;0.8406157;0.7619047;0.7967109;0.69754577;0.3590554;69.11665
0.001;0.017;15;13;12;0.8247081;0.92307687;0.8721029;0.8536747;0.356848;76.608215
0.002;0.017;15;13;12;0.8247081;0.92307687;0.8721029;0.8536747;0.356848;76.608215
0.003;0.017;15;13;12;0.8247081;0.92307687;0.8721029;0.8536747;0.356848;76.608215
0.004;0.017;15;13;12;0.8247081;0.92307687;0.8721029;0.8536747;0.356848;76.608215
0.005;0.017;15;10;9;0.76287836;0.9;0.835947;0.841259;0.3382747;73.567184
0.006;0.017;15;10;9;0.76287836;0.9;0.835947;0.841259;0.3382747;73.567184
0.007;0.017;15;10;10;0.78390515;0.875;0.8255998;0.8299187;0.3412634;73.11374
0.008;0.017;15;10;10;0.7613378;0.875;0.81842494;0.8049886;0.34147432;72.02451
0.009;0.017;15;9;11;0.7798873;0.79365075;0.8171785;0.76501095;0.36496666;70.41389
0.01;0.017;15;9;11;0.7798873;0.79365075;0.8171785;0.76501095;0.36496666;70.41389
0.011;0.017;15;9;11;0.7798873;0.79365075;0.8171785;0.76501095;0.36496666;70.41389
0.012;0.017;15;7;9;0.88038945;0.68571424;0.8115104;0.75962347;0.3741634;70.22802
0.013;0.017;15;7;9;0.88038945;0.68571424;0.8115104;0.75962347;0.3741634;70.22802
0.014;0.017;15;7;9;0.88038945;0.68571424;0.8115104;0.75962347;0.3741634;70.22802
0.015;0.017;15;7;10;0.89869106;0.6285714;0.7708153;0.6541425;0.37110612;66.46652
0.016;0.017;15;6;8;0.8911351;0.5833334;0.8269559;0.8009597;0.3104635;68.25695
0.017;0.017;15;6;8;0.8911351;0.5833334;0.8269559;0.8009597;0.3104635;68.25695
0.018;0.017;15;6;8;0.8911351;0.5833334;0.8269559;0.8009597;0.3104635;68.25695
0.019;0.017;15;6;8;0.8919009;0.5833334;0.8269559;0.8007368;0.3104635;68.26781
0.02;0.017;15;6;8;0.8919009;0.5833334;0.8269559;0.8007368;0.3104635;68.26781
0.021;0.017;15;6;8;0.8219282;0.5833334;0.7915055;0.74164194;0.33376765;65.443535
0.022;0.017;15;6;8;0.8219282;0.5833334;0.7915055;0.74164194;0.33376765;65.443535
0.023;0.017;15;6;8;0.8219282;0.5833334;0.7915055;0.74164194;0.33376765;65.443535
0.024;0.017;15;6;8;0.8219282;0.5833334;0.7915055;0.74164194;0.33376765;65.443535
0.025;0.017;15;6;8;0.8219282;0.5833334;0.7915055;0.74164194;0.33376765;65.443535
0.026;0.017;15;6;8;0.8219282;0.5833334;0.7915055;0.74164194;0.33376765;65.443535
0.027;0.017;15;6;8;0.8219282;0.5833334;0.7915055;0.74164194;0.33376765;65.443535
0.028;0.017;15;6;8;0.8219282;0.5833334;0.7915055;0.74164194;0.33376765;65.443535
0.029;0.017;15;6;8;0.8219282;0.5833334;0.7915055;0.74164194;0.33376765;65.443535
0.03;0.017;15;6;8;0.8219282;0.5833334;0.7915055;0.74164194;0.33376765;65.443535
0.001;0.018;15;9;8;0.7259816;0.8888889;0.8614778;0.80663043;0.3363602;72.38677
0.002;0.018;15;9;8;0.7259816;0.8888889;0.8614778;0.80663043;0.3363602;72.38677
0.003;0.018;15;9;8;0.7259816;0.8888889;0.8614778;0.80663043;0.3363602;72.38677
0.004;0.018;15;9;8;0.7259816;0.8888889;0.8614778;0.80663043;0.3363602;72.38677
0.005;0.018;15;9;8;0.7259816;0.8888889;0.8614778;0.80663043;0.3363602;72.38677
0.006;0.018;15;9;8;0.7259816;0.8888889;0.8614778;0.80663043;0.3363602;72.38677
0.007;0.018;15;9;8;0.7259816;0.8888889;0.8614778;0.80663043;0.3363602;72.38677
0.008;0.018;15;9;8;0.7259816;0.8888889;0.8614778;0.80663043;0.3363602;72.38677
0.009;0.018;15;8;7;0.76501274;0.875;0.84039974;0.7818285;0.33261985;71.89722
0.01;0.018;15;7;7;0.7671079;0.8;0.8220765;0.72825825;0.34419426;69.23274
0.011;0.018;15;7;7;0.7671079;0.8;0.8220765;0.72825825;0.34419426;69.23274
0.012;0.018;15;7;7;0.68568325;0.8;0.8141264;0.8012588;0.32426372;68.506645
0.013;0.018;15;7;7;0.68568325;0.8;0.8141264;0.8012588;0.32426372;68.506645
0.014;0.018;15;7;7;0.68568325;0.8;0.8141264;0.8012588;0.32426372;68.506645
0.015;0.018;15;7;7;0.68568325;0.8;0.8141264;0.8012588;0.32426372;68.506645
0.016;0.018;15;7;7;0.68568325;0.8;0.8141264;0.8012588;0.32426372;68.506645
0.017;0.018;15;7;7;0.68568325;0.8;0.8141264;0.8012588;0.32426372;68.506645
0.018;0.018;15;6;6;0.77805567;0.75;0.83244234;0.8075938;0.32349905;69.83182
0.019;0.018;15;6;7;0.78023267;0.6666667;0.8112024;0.8086958;0.32419282;67.81981
0.02;0.018;15;6;7;0.78023267;0.6666667;0.8112024;0.8086958;0.32419282;67.81981
0.021;0.018;15;6;8;0.79909986;0.5833334;0.8106694;0.7853233;0.3220808;66.01013
0.022;0.018;15;6;8;0.8342189;0.5833334;0.79488546;0.757427;0.3220808;65.83891
0.023;0.018;15;6;8;0.8342189;0.5833334;0.79488546;0.757427;0.3220808;65.83891
0.024;0.018;15;6;8;0.8342189;0.5833334;0.79488546;0.757427;0.3220808;65.83891
0.025;0.018;15;6;8;0.8342189;0.5833334;0.79488546;0.757427;0.3220808;65.83891
0.026;0.018;15;6;8;0.8342189;0.5833334;0.79488546;0.757427;0.3220808;65.83891
0.027;0.018;15;6;8;0.8342189;0.5833334;0.79488546;0.757427;0.3220808;65.83891
0.028;0.018;15;6;8;0.8342189;0.5833334;0.79488546;0.757427;0.3220808;65.83891
0.029;0.018;15;6;8;0.8342189;0.5833334;0.79488546;0.757427;0.3220808;65.83891
0.03;0.018;15;6;8;0.8342189;0.5833334;0.79488546;0.757427;0.3220808;65.83891
0.001;0.019;15;9;8;0.75263757;0.8888889;0.8612728;0.80628467;0.3381752;72.94518
0.002;0.019;15;9;8;0.75263757;0.8888889;0.8612728;0.80628467;0.3381752;72.94518
0.003;0.019;15;9;8;0.75263757;0.8888889;0.8612728;0.80628467;0.3381752;72.94518
0.004;0.019;15;9;8;0.75263757;0.8888889;0.8612728;0.80628467;0.3381752;72.94518
0.005;0.019;15;9;8;0.75263757;0.8888889;0.8612728;0.80628467;0.3381752;72.94518
0.006;0.019;15;9;8;0.75263757;0.8888889;0.8612728;0.80628467;0.3381752;72.94518
0.007;0.019;15;9;8;0.75263757;0.8888889;0.8612728;0.80628467;0.3381752;72.94518
0.008;0.019;15;9;8;0.75263757;0.8888889;0.8612728;0.80628467;0.3381752;72.94518
0.009;0.019;15;7;6;0.8249877;0.8571428;0.82308084;0.8046383;0.34385967;73.07419
0.01;0.019;15;7;6;0.8249877;0.8571428;0.82308084;0.8046383;0.34385967;73.07419
0.011;0.019;15;7;6;0.8249877;0.8571428;0.82308084;0.8046383;0.34385967;73.07419
0.012;0.019;15;7;6;0.8249877;0.8571428;0.82308084;0.8046383;0.34385967;73.07419
0.013;0.019;15;7;6;0.8249877;0.8571428;0.82308084;0.8046383;0.34385967;73.07419
0.014;0.019;15;7;6;0.8249877;0.8571428;0.82308084;0.8046383;0.34385967;73.07419
0.015;0.019;15;6;6;0.8082354;0.75;0.8006157;0.7383437;0.3581848;69.10759
0.016;0.019;15;6;6;0.8082354;0.75;0.8006157;0.7383437;0.3581848;69.10759
0.017;0.019;15;6;6;0.8082354;0.75;0.8006157;0.7383437;0.3581848;69.10759
0.018;0.019;15;6;6;0.8082354;0.75;0.8006157;0.7383437;0.3581848;69.10759
0.019;0.019;15;5;5;0.77068436;0.6666667;0.7408743;0.6207762;0.38096985;63.599426
0.02;0.019;15;5;5;0.77068436;0.6666667;0.7408743;0.6207762;0.38096985;63.599426
0.021;0.019;15;5;6;0.79354155;0.5333333;0.74894977;0.5942418;0.38159013;61.03313
0.022;0.019;15;5;6;0.79354155;0.5333333;0.74894977;0.5942418;0.38159013;61.03313
0.023;0.019;15;5;6;0.79354155;0.5333333;0.74894977;0.5942418;0.38159013;61.03313
0.024;0.019;15;4;5;0.6956967;0.25;0.781685;0.56481385;0.36840728;53.212055
0.025;0.019;15;4;5;0.6956967;0.25;0.781685;0.56481385;0.36840728;53.212055
0.026;0.019;15;4;5;0.6956967;0.25;0.781685;0.56481385;0.36840728;53.212055
0.027;0.019;15;4;5;0.6956967;0.25;0.781685;0.56481385;0.36840728;53.212055
0.028;0.019;15;4;5;0.6956967;0.25;0.781685;0.56481385;0.36840728;53.212055
0.029;0.019;15;4;5;0.6956967;0.25;0.781685;0.56481385;0.36840728;53.212055
0.03;0.019;15;4;5;0.6956967;0.25;0.781685;0.56481385;0.36840728;53.212055
0.001;0.02;15;5;4;0.74392223;0.8;0.81676114;0.7108808;0.27531108;66.9375
0.002;0.02;15;5;4;0.74392223;0.8;0.81676114;0.7108808;0.27531108;66.9375
0.003;0.02;15;5;4;0.74392223;0.8;0.81676114;0.7108808;0.27531108;66.9375
0.004;0.02;15;5;4;0.74392223;0.8;0.81676114;0.7108808;0.27531108;66.9375
0.005;0.02;15;5;4;0.74392223;0.8;0.81676114;0.7108808;0.27531108;66.9375
0.006;0.02;15;5;4;0.74392223;0.8;0.81676114;0.7108808;0.27531108;66.9375
0.007;0.02;15;5;4;0.74392223;0.8;0.81676114;0.7108808;0.27531108;66.9375
0.008;0.02;15;5;4;0.74392223;0.8;0.81676114;0.7108808;0.27531108;66.9375
0.009;0.02;15;5;4;0.74392223;0.8;0.81676114;0.7108808;0.27531108;66.9375
0.01;0.02;15;5;4;0.74392223;0.8;0.81676114;0.7108808;0.27531108;66.9375
0.011;0.02;15;5;4;0.74392223;0.8;0.81676114;0.7108808;0.27531108;66.9375
0.012;0.02;15;5;4;0.74392223;0.8;0.81676114;0.7108808;0.27531108;66.9375
0.013;0.02;15;5;4;0.74392223;0.8;0.81676114;0.7108808;0.27531108;66.9375
0.014;0.02;15;4;3;0.79898953;0.75;0.81967485;0.80444205;0.29340842;69.3303
0.015;0.02;15;3;3;0.75681883;0.0;0.76670605;0.67178756;0.27947214;49.495693
0.016;0.02;15;3;3;0.75681883;0.0;0.76670605;0.67178756;0.27947214;49.495693
0.017;0.02;15;3;3;0.75681883;0.0;0.76670605;0.67178756;0.27947214;49.495693
0.018;0.02;15;3;3;0.75681883;0.0;0.76670605;0.67178756;0.27947214;49.495693
0.019;0.02;15;3;2;0.6395303;0.6666666;0.73705316;0.64544857;0.27947778;59.363525
0.02;0.02;15;3;2;0.6395303;0.6666666;0.73705316;0.64544857;0.27947778;59.363525
0.021;0.02;15;3;2;0.6395303;0.6666666;0.73705316;0.64544857;0.27947778;59.363525
0.022;0.02;15;3;2;0.6395303;0.6666666;0.73705316;0.64544857;0.27947778;59.363525
0.023;0.02;15;3;2;0.6395303;0.6666666;0.73705316;0.64544857;0.27947778;59.363525
0.024;0.02;15;3;2;0.6395303;0.6666666;0.73705316;0.64544857;0.27947778;59.363525
0.025;0.02;15;3;2;0.6395303;0.6666666;0.73705316;0.64544857;0.27947778;59.363525
0.026;0.02;15;3;2;0.6395303;0.6666666;0.73705316;0.64544857;0.27947778;59.363525
0.027;0.02;15;3;2;0.6395303;0.6666666;0.73705316;0.64544857;0.27947778;59.363525
0.028;0.02;15;3;2;0.6395303;0.6666666;0.73705316;0.64544857;0.27947778;59.363525
0.029;0.02;15;3;2;0.6395303;0.6666666;0.73705316;0.64544857;0.27947778;59.363525
0.03;0.02;15;3;2;0.6395303;0.6666666;0.73705316;0.64544857;0.27947778;59.363525
0.001;0.021;15;4;3;0.60951924;0.75;0.8121917;0.64165825;0.25807995;61.42898
0.002;0.021;15;4;3;0.60951924;0.75;0.8121917;0.64165825;0.25807995;61.42898
0.003;0.021;15;4;3;0.60951924;0.75;0.8121917;0.64165825;0.25807995;61.42898
0.004;0.021;15;4;3;0.60951924;0.75;0.8121917;0.64165825;0.25807995;61.42898
0.005;0.021;15;4;3;0.60951924;0.75;0.8121917;0.64165825;0.25807995;61.42898
0.006;0.021;15;4;3;0.60951924;0.75;0.8121917;0.64165825;0.25807995;61.42898
0.007;0.021;15;4;3;0.60951924;0.75;0.8121917;0.64165825;0.25807995;61.42898
0.008;0.021;15;4;3;0.60951924;0.75;0.8121917;0.64165825;0.25807995;61.42898
0.009;0.021;15;4;3;0.60951924;0.75;0.8121917;0.64165825;0.25807995;61.42898
0.01;0.021;15;4;3;0.60951924;0.75;0.8121917;0.64165825;0.25807995;61.42898
0.011;0.021;15;4;3;0.60951924;0.75;0.8121917;0.64165825;0.25807995;61.42898
0.012;0.021;15;4;3;0.60951924;0.75;0.8121917;0.64165825;0.25807995;61.42898
0.013;0.021;15;4;3;0.60951924;0.75;0.8121917;0.64165825;0.25807995;61.42898
0.014;0.021;15;4;3;0.60951924;0.75;0.8121917;0.64165825;0.25807995;61.42898
0.015;0.021;15;3;2;0.6382267;0.6666666;0.82211447;0.7428669;0.2862275;63.12204
0.016;0.021;15;3;2;0.6382267;0.6666666;0.82211447;0.7428669;0.2862275;63.12204
0.017;0.021;15;3;2;0.6382267;0.6666666;0.82211447;0.7428669;0.2862275;63.12204
0.018;0.021;15;3;2;0.6382267;0.6666666;0.82211447;0.7428669;0.2862275;63.12204
0.019;0.021;15;3;2;0.63656396;0.6666666;0.7356243;0.6452837;0.27944708;59.271713
0.02;0.021;15;3;2;0.63656396;0.6666666;0.7356243;0.6452837;0.27944708;59.271713
0.021;0.021;15;3;2;0.63656396;0.6666666;0.7356243;0.6452837;0.27944708;59.271713
0.022;0.021;15;3;2;0.63656396;0.6666666;0.7356243;0.6452837;0.27944708;59.271713
0.023;0.021;15;3;2;0.63656396;0.6666666;0.7356243;0.6452837;0.27944708;59.271713
0.024;0.021;15;3;2;0.63656396;0.6666666;0.7356243;0.6452837;0.27944708;59.271713
0.025;0.021;15;3;2;0.63656396;0.6666666;0.7356243;0.6452837;0.27944708;59.271713
0.026;0.021;15;3;2;0.63656396;0.6666666;0.7356243;0.6452837;0.27944708;59.271713
0.027;0.021;15;3;2;0.63656396;0.6666666;0.7356243;0.6452837;0.27944708;59.271713
0.028;0.021;15;3;2;0.63656396;0.6666666;0.7356243;0.6452837;0.27944708;59.271713
0.029;0.021;15;3;2;0.63656396;0.6666666;0.7356243;0.6452837;0.27944708;59.271713
0.03;0.021;15;3;2;0.63656396;0.6666666;0.7356243;0.6452837;0.27944708;59.271713
0.001;0.022;15;4;3;0.6073382;0.75;0.8131925;0.64235675;0.25759166;61.409576
0.002;0.022;15;4;3;0.6073382;0.75;0.8131925;0.64235675;0.25759166;61.409576
0.003;0.022;15;4;3;0.6073382;0.75;0.8131925;0.64235675;0.25759166;61.409576
0.004;0.022;15;4;3;0.6073382;0.75;0.8131925;0.64235675;0.25759166;61.409576
0.005;0.022;15;4;3;0.6073382;0.75;0.8131925;0.64235675;0.25759166;61.409576
0.006;0.022;15;4;3;0.6073382;0.75;0.8131925;0.64235675;0.25759166;61.409576
0.007;0.022;15;4;3;0.6073382;0.75;0.8131925;0.64235675;0.25759166;61.409576
0.008;0.022;15;4;3;0.6073382;0.75;0.8131925;0.64235675;0.25759166;61.409576
0.009;0.022;15;4;3;0.6073382;0.75;0.8131925;0.64235675;0.25759166;61.409576
0.01;0.022;15;4;3;0.6073382;0.75;0.8131925;0.64235675;0.25759166;61.409576
0.011;0.022;15;4;3;0.6073382;0.75;0.8131925;0.64235675;0.25759166;61.409576
0.012;0.022;15;4;3;0.6073382;0.75;0.8131925;0.64235675;0.25759166;61.409576
0.013;0.022;15;4;3;0.6073382;0.75;0.8131925;0.64235675;0.25759166;61.409576
0.014;0.022;15;4;3;0.6073382;0.75;0.8131925;0.64235675;0.25759166;61.409576
0.015;0.022;15;3;2;0.6357025;0.6666666;0.82334685;0.743147;0.2854016;63.085293
0.016;0.022;15;3;2;0.6357025;0.6666666;0.82334685;0.743147;0.2854016;63.085293
0.017;0.022;15;3;2;0.6357025;0.6666666;0.82334685;0.743147;0.2854016;63.085293
0.018;0.022;15;3;2;0.6357025;0.6666666;0.82334685;0.743147;0.2854016;63.085293
0.019;0.022;15;3;2;0.6344496;0.6666666;0.7381797;0.6457037;0.2784439;59.268867
0.02;0.022;15;3;2;0.6344496;0.6666666;0.7381797;0.6457037;0.2784439;59.268867
0.021;0.022;15;3;2;0.6344496;0.6666666;0.7381797;0.6457037;0.2784439;59.268867
0.022;0.022;15;3;2;0.6344496;0.6666666;0.7381797;0.6457037;0.2784439;59.268867
0.023;0.022;15;3;2;0.6344496;0.6666666;0.7381797;0.6457037;0.2784439;59.268867
0.024;0.022;15;3;2;0.6344496;0.6666666;0.7381797;0.6457037;0.2784439;59.268867
0.025;0.022;15;3;2;0.6344496;0.6666666;0.7381797;0.6457037;0.2784439;59.268867
0.026;0.022;15;3;2;0.6344496;0.6666666;0.7381797;0.6457037;0.2784439;59.268867
0.027;0.022;15;3;2;0.6344496;0.6666666;0.7381797;0.6457037;0.2784439;59.268867
0.028;0.022;15;3;2;0.6344496;0.6666666;0.7381797;0.6457037;0.2784439;59.268867
0.029;0.022;15;3;2;0.6344496;0.6666666;0.7381797;0.6457037;0.2784439;59.268867
0.03;0.022;15;3;2;0.6344496;0.6666666;0.7381797;0.6457037;0.2784439;59.268867
0.001;0.023;15;3;2;0.5503449;0.6666666;0.7582175;0.5847731;0.25313613;56.262764
0.002;0.023;15;3;2;0.5503449;0.6666666;0.7582175;0.5847731;0.25313613;56.262764
0.003;0.023;15;3;2;0.5503449;0.6666666;0.7582175;0.5847731;0.25313613;56.262764
0.004;0.023;15;3;2;0.5503449;0.6666666;0.7582175;0.5847731;0.25313613;56.262764
0.005;0.023;15;3;2;0.5503449;0.6666666;0.7582175;0.5847731;0.25313613;56.262764
0.006;0.023;15;3;2;0.5503449;0.6666666;0.7582175;0.5847731;0.25313613;56.262764
0.007;0.023;15;3;2;0.5503449;0.6666666;0.7582175;0.5847731;0.25313613;56.262764
0.008;0.023;15;3;2;0.5503449;0.6666666;0.7582175;0.5847731;0.25313613;56.262764
0.009;0.023;15;3;2;0.5503449;0.6666666;0.7582175;0.5847731;0.25313613;56.262764
0.01;0.023;15;3;2;0.5503449;0.6666666;0.7582175;0.5847731;0.25313613;56.262764
0.011;0.023;15;3;2;0.5503449;0.6666666;0.7582175;0.5847731;0.25313613;56.262764
0.012;0.023;15;3;2;0.5503449;0.6666666;0.7582175;0.5847731;0.25313613;56.262764
0.013;0.023;15;3;2;0.5503449;0.6666666;0.7582175;0.5847731;0.25313613;56.262764
0.014;0.023;15;3;2;0.5503449;0.6666666;0.7582175;0.5847731;0.25313613;56.262764
0.015;0.023;15;3;2;0.5503449;0.6666666;0.7582175;0.5847731;0.25313613;56.262764
0.016;0.023;15;3;2;0.5503449;0.6666666;0.7582175;0.5847731;0.25313613;56.262764
0.017;0.023;15;3;2;0.5503449;0.6666666;0.7582175;0.5847731;0.25313613;56.262764
0.018;0.023;15;3;2;0.5503449;0.6666666;0.7582175;0.5847731;0.25313613;56.262764
0.019;0.023;15;3;2;0.5503449;0.6666666;0.7582175;0.5847731;0.25313613;56.262764
0.02;0.023;15;3;2;0.5503449;0.6666666;0.7582175;0.5847731;0.25313613;56.262764
0.021;0.023;15;3;2;0.5503449;0.6666666;0.7582175;0.5847731;0.25313613;56.262764
0.022;0.023;15;3;2;0.5503449;0.6666666;0.7582175;0.5847731;0.25313613;56.262764
0.023;0.023;15;3;2;0.5503449;0.6666666;0.7582175;0.5847731;0.25313613;56.262764
0.024;0.023;15;2;1;0.64746803;NaN;0.7705688;0.667053;0.22943117;NaN
0.025;0.023;15;2;1;0.64746803;NaN;0.7705688;0.667053;0.22943117;NaN
0.026;0.023;15;2;1;0.64746803;NaN;0.7705688;0.667053;0.22943117;NaN
0.027;0.023;15;2;1;0.64746803;NaN;0.7705688;0.667053;0.22943117;NaN
0.028;0.023;15;2;1;0.64746803;NaN;0.7705688;0.667053;0.22943117;NaN
0.029;0.023;15;2;1;0.64746803;NaN;0.7705688;0.667053;0.22943117;NaN
0.03;0.023;15;2;1;0.64746803;NaN;0.7705688;0.667053;0.22943117;NaN
0.001;0.024;15;2;1;0.51495564;NaN;0.9935817;0.4589832;0.006418285;NaN
0.002;0.024;15;2;1;0.51495564;NaN;0.9935817;0.4589832;0.006418285;NaN
0.003;0.024;15;2;1;0.51495564;NaN;0.9935817;0.4589832;0.006418285;NaN
0.004;0.024;15;2;1;0.51495564;NaN;0.9935817;0.4589832;0.006418285;NaN
0.005;0.024;15;2;1;0.51495564;NaN;0.9935817;0.4589832;0.006418285;NaN
0.006;0.024;15;2;1;0.51495564;NaN;0.9935817;0.4589832;0.006418285;NaN
0.007;0.024;15;2;1;0.51495564;NaN;0.9935817;0.4589832;0.006418285;NaN
0.008;0.024;15;2;1;0.51495564;NaN;0.9935817;0.4589832;0.006418285;NaN
0.009;0.024;15;2;1;0.51495564;NaN;0.9935817;0.4589832;0.006418285;NaN
0.01;0.024;15;2;1;0.51495564;NaN;0.9935817;0.4589832;0.006418285;NaN
0.011;0.024;15;2;1;0.51495564;NaN;0.9935817;0.4589832;0.006418285;NaN
0.012;0.024;15;2;1;0.51495564;NaN;0.9935817;0.4589832;0.006418285;NaN
0.013;0.024;15;2;1;0.51495564;NaN;0.9935817;0.4589832;0.006418285;NaN
0.014;0.024;15;2;1;0.51495564;NaN;0.9935817;0.4589832;0.006418285;NaN
0.015;0.024;15;2;1;0.51495564;NaN;0.9935817;0.4589832;0.006418285;NaN
0.016;0.024;15;2;1;0.51495564;NaN;0.9935817;0.4589832;0.006418285;NaN
0.017;0.024;15;2;1;0.51495564;NaN;0.9935817;0.4589832;0.006418285;NaN
0.018;0.024;15;2;1;0.51495564;NaN;0.9935817;0.4589832;0.006418285;NaN
0.019;0.024;15;2;1;0.51495564;NaN;0.9935817;0.4589832;0.006418285;NaN
0.02;0.024;15;2;1;0.51495564;NaN;0.9935817;0.4589832;0.006418285;NaN
0.021;0.024;15;2;1;0.51495564;NaN;0.9935817;0.4589832;0.006418285;NaN
0.022;0.024;15;2;1;0.51495564;NaN;0.9935817;0.4589832;0.006418285;NaN
0.023;0.024;15;2;1;0.51495564;NaN;0.9935817;0.4589832;0.006418285;NaN
0.024;0.024;15;2;1;0.51495564;NaN;0.9935817;0.4589832;0.006418285;NaN
0.025;0.024;15;2;1;0.51495564;NaN;0.9935817;0.4589832;0.006418285;NaN
0.026;0.024;15;2;1;0.51495564;NaN;0.9935817;0.4589832;0.006418285;NaN
0.027;0.024;15;2;1;0.51495564;NaN;0.9935817;0.4589832;0.006418285;NaN
0.028;0.024;15;2;1;0.51495564;NaN;0.9935817;0.4589832;0.006418285;NaN
0.029;0.024;15;2;1;0.51495564;NaN;0.9935817;0.4589832;0.006418285;NaN
0.03;0.024;15;2;1;0.51495564;NaN;0.9935817;0.4589832;0.006418285;NaN
0.001;0.025;15;2;1;0.5150862;NaN;0.99477273;0.46001807;0.0052272724;NaN
0.002;0.025;15;2;1;0.5150862;NaN;0.99477273;0.46001807;0.0052272724;NaN
0.003;0.025;15;2;1;0.5150862;NaN;0.99477273;0.46001807;0.0052272724;NaN
0.004;0.025;15;2;1;0.5150862;NaN;0.99477273;0.46001807;0.0052272724;NaN
0.005;0.025;15;2;1;0.5150862;NaN;0.99477273;0.46001807;0.0052272724;NaN
0.006;0.025;15;2;1;0.5150862;NaN;0.99477273;0.46001807;0.0052272724;NaN
0.007;0.025;15;2;1;0.5150862;NaN;0.99477273;0.46001807;0.0052272724;NaN
0.008;0.025;15;2;1;0.5150862;NaN;0.99477273;0.46001807;0.0052272724;NaN
0.009;0.025;15;2;1;0.5150862;NaN;0.99477273;0.46001807;0.0052272724;NaN
0.01;0.025;15;2;1;0.5150862;NaN;0.99477273;0.46001807;0.0052272724;NaN
0.011;0.025;15;2;1;0.5150862;NaN;0.99477273;0.46001807;0.0052272724;NaN
0.012;0.025;15;2;1;0.5150862;NaN;0.99477273;0.46001807;0.0052272724;NaN
0.013;0.025;15;2;1;0.5150862;NaN;0.99477273;0.46001807;0.0052272724;NaN
0.014;0.025;15;2;1;0.5150862;NaN;0.99477273;0.46001807;0.0052272724;NaN
0.015;0.025;15;2;1;0.5150862;NaN;0.99477273;0.46001807;0.0052272724;NaN
0.016;0.025;15;2;1;0.5150862;NaN;0.99477273;0.46001807;0.0052272724;NaN
0.017;0.025;15;2;1;0.5150862;NaN;0.99477273;0.46001807;0.0052272724;NaN
0.018;0.025;15;2;1;0.5150862;NaN;0.99477273;0.46001807;0.0052272724;NaN
0.019;0.025;15;2;1;0.5150862;NaN;0.99477273;0.46001807;0.0052272724;NaN
0.02;0.025;15;2;1;0.5150862;NaN;0.99477273;0.46001807;0.0052272724;NaN
0.021;0.025;15;2;1;0.5150862;NaN;0.99477273;0.46001807;0.0052272724;NaN
0.022;0.025;15;2;1;0.5150862;NaN;0.99477273;0.46001807;0.0052272724;NaN
0.023;0.025;15;2;1;0.5150862;NaN;0.99477273;0.46001807;0.0052272724;NaN
0.024;0.025;15;2;1;0.5150862;NaN;0.99477273;0.46001807;0.0052272724;NaN
0.025;0.025;15;2;1;0.5150862;NaN;0.99477273;0.46001807;0.0052272724;NaN
0.026;0.025;15;2;1;0.5150862;NaN;0.99477273;0.46001807;0.0052272724;NaN
0.027;0.025;15;2;1;0.5150862;NaN;0.99477273;0.46001807;0.0052272724;NaN
0.028;0.025;15;2;1;0.5150862;NaN;0.99477273;0.46001807;0.0052272724;NaN
0.029;0.025;15;2;1;0.5150862;NaN;0.99477273;0.46001807;0.0052272724;NaN
0.03;0.025;15;2;1;0.5150862;NaN;0.99477273;0.46001807;0.0052272724;NaN
0.001;0.026;15;2;1;0.5150862;NaN;0.99477273;0.46001807;0.0052272724;NaN
0.002;0.026;15;2;1;0.5150862;NaN;0.99477273;0.46001807;0.0052272724;NaN
0.003;0.026;15;2;1;0.5150862;NaN;0.99477273;0.46001807;0.0052272724;NaN
0.004;0.026;15;2;1;0.5150862;NaN;0.99477273;0.46001807;0.0052272724;NaN
0.005;0.026;15;2;1;0.5150862;NaN;0.99477273;0.46001807;0.0052272724;NaN
0.006;0.026;15;2;1;0.5150862;NaN;0.99477273;0.46001807;0.0052272724;NaN
0.007;0.026;15;2;1;0.5150862;NaN;0.99477273;0.46001807;0.0052272724;NaN
0.008;0.026;15;2;1;0.5150862;NaN;0.99477273;0.46001807;0.0052272724;NaN
0.009;0.026;15;2;1;0.5150862;NaN;0.99477273;0.46001807;0.0052272724;NaN
0.01;0.026;15;2;1;0.5150862;NaN;0.99477273;0.46001807;0.0052272724;NaN
0.011;0.026;15;2;1;0.5150862;NaN;0.99477273;0.46001807;0.0052272724;NaN
0.012;0.026;15;2;1;0.5150862;NaN;0.99477273;0.46001807;0.0052272724;NaN
0.013;0.026;15;2;1;0.5150862;NaN;0.99477273;0.46001807;0.0052272724;NaN
0.014;0.026;15;2;1;0.5150862;NaN;0.99477273;0.46001807;0.0052272724;NaN
0.015;0.026;15;2;1;0.5150862;NaN;0.99477273;0.46001807;0.0052272724;NaN
0.016;0.026;15;2;1;0.5150862;NaN;0.99477273;0.46001807;0.0052272724;NaN
0.017;0.026;15;2;1;0.5150862;NaN;0.99477273;0.46001807;0.0052272724;NaN
0.018;0.026;15;2;1;0.5150862;NaN;0.99477273;0.46001807;0.0052272724;NaN
0.019;0.026;15;2;1;0.5150862;NaN;0.99477273;0.46001807;0.0052272724;NaN
0.02;0.026;15;2;1;0.5150862;NaN;0.99477273;0.46001807;0.0052272724;NaN
0.021;0.026;15;2;1;0.5150862;NaN;0.99477273;0.46001807;0.0052272724;NaN
0.022;0.026;15;2;1;0.5150862;NaN;0.99477273;0.46001807;0.0052272724;NaN
0.023;0.026;15;2;1;0.5150862;NaN;0.99477273;0.46001807;0.0052272724;NaN
0.024;0.026;15;2;1;0.5150862;NaN;0.99477273;0.46001807;0.0052272724;NaN
0.025;0.026;15;2;1;0.5150862;NaN;0.99477273;0.46001807;0.0052272724;NaN
0.026;0.026;15;2;1;0.5150862;NaN;0.99477273;0.46001807;0.0052272724;NaN
0.027;0.026;15;2;1;0.5150862;NaN;0.99477273;0.46001807;0.0052272724;NaN
0.028;0.026;15;2;1;0.5150862;NaN;0.99477273;0.46001807;0.0052272724;NaN
0.029;0.026;15;2;1;0.5150862;NaN;0.99477273;0.46001807;0.0052272724;NaN
0.03;0.026;15;2;1;0.5150862;NaN;0.99477273;0.46001807;0.0052272724;NaN
0.001;0.027;15;1;0;0.70220584;-0.0;1.0;0.60777307;3.0145166E-8;46.199577
0.002;0.027;15;1;0;0.70220584;-0.0;1.0;0.60777307;3.0145166E-8;46.199577
0.003;0.027;15;1;0;0.70220584;-0.0;1.0;0.60777307;3.0145166E-8;46.199577
0.004;0.027;15;1;0;0.70220584;-0.0;1.0;0.60777307;3.0145166E-8;46.199577
0.005;0.027;15;1;0;0.70220584;-0.0;1.0;0.60777307;3.0145166E-8;46.199577
0.006;0.027;15;1;0;0.70220584;-0.0;1.0;0.60777307;3.0145166E-8;46.199577
0.007;0.027;15;1;0;0.70220584;-0.0;1.0;0.60777307;3.0145166E-8;46.199577
0.008;0.027;15;1;0;0.70220584;-0.0;1.0;0.60777307;3.0145166E-8;46.199577
0.009;0.027;15;1;0;0.70220584;-0.0;1.0;0.60777307;3.0145166E-8;46.199577
0.01;0.027;15;1;0;0.70220584;-0.0;1.0;0.60777307;3.0145166E-8;46.199577
0.011;0.027;15;1;0;0.70220584;-0.0;1.0;0.60777307;3.0145166E-8;46.199577
0.012;0.027;15;1;0;0.70220584;-0.0;1.0;0.60777307;3.0145166E-8;46.199577
0.013;0.027;15;1;0;0.70220584;-0.0;1.0;0.60777307;3.0145166E-8;46.199577
0.014;0.027;15;1;0;0.70220584;-0.0;1.0;0.60777307;3.0145166E-8;46.199577
0.015;0.027;15;1;0;0.70220584;-0.0;1.0;0.60777307;3.0145166E-8;46.199577
0.016;0.027;15;1;0;0.70220584;-0.0;1.0;0.60777307;3.0145166E-8;46.199577
0.017;0.027;15;1;0;0.70220584;-0.0;1.0;0.60777307;3.0145166E-8;46.199577
0.018;0.027;15;1;0;0.70220584;-0.0;1.0;0.60777307;3.0145166E-8;46.199577
0.019;0.027;15;1;0;0.70220584;-0.0;1.0;0.60777307;3.0145166E-8;46.199577
0.02;0.027;15;1;0;0.70220584;-0.0;1.0;0.60777307;3.0145166E-8;46.199577
0.021;0.027;15;1;0;0.70220584;-0.0;1.0;0.60777307;3.0145166E-8;46.199577
0.022;0.027;15;1;0;0.70220584;-0.0;1.0;0.60777307;3.0145166E-8;46.199577
0.023;0.027;15;1;0;0.70220584;-0.0;1.0;0.60777307;3.0145166E-8;46.199577
0.024;0.027;15;1;0;0.70220584;-0.0;1.0;0.60777307;3.0145166E-8;46.199577
0.025;0.027;15;1;0;0.70220584;-0.0;1.0;0.60777307;3.0145166E-8;46.199577
0.026;0.027;15;1;0;0.70220584;-0.0;1.0;0.60777307;3.0145166E-8;46.199577
0.027;0.027;15;1;0;0.70220584;-0.0;1.0;0.60777307;3.0145166E-8;46.199577
0.028;0.027;15;1;0;0.70220584;-0.0;1.0;0.60777307;3.0145166E-8;46.199577
0.029;0.027;15;1;0;0.70220584;-0.0;1.0;0.60777307;3.0145166E-8;46.199577
0.03;0.027;15;1;0;0.70220584;-0.0;1.0;0.60777307;3.0145166E-8;46.199577
0.001;0.028;15;1;0;0.70220584;-0.0;1.0;0.60777307;3.0145166E-8;46.199577
0.002;0.028;15;1;0;0.70220584;-0.0;1.0;0.60777307;3.0145166E-8;46.199577
0.003;0.028;15;1;0;0.70220584;-0.0;1.0;0.60777307;3.0145166E-8;46.199577
0.004;0.028;15;1;0;0.70220584;-0.0;1.0;0.60777307;3.0145166E-8;46.199577
0.005;0.028;15;1;0;0.70220584;-0.0;1.0;0.60777307;3.0145166E-8;46.199577
0.006;0.028;15;1;0;0.70220584;-0.0;1.0;0.60777307;3.0145166E-8;46.199577
0.007;0.028;15;1;0;0.70220584;-0.0;1.0;0.60777307;3.0145166E-8;46.199577
0.008;0.028;15;1;0;0.70220584;-0.0;1.0;0.60777307;3.0145166E-8;46.199577
0.009;0.028;15;1;0;0.70220584;-0.0;1.0;0.60777307;3.0145166E-8;46.199577
0.01;0.028;15;1;0;0.70220584;-0.0;1.0;0.60777307;3.0145166E-8;46.199577
0.011;0.028;15;1;0;0.70220584;-0.0;1.0;0.60777307;3.0145166E-8;46.199577
0.012;0.028;15;1;0;0.70220584;-0.0;1.0;0.60777307;3.0145166E-8;46.199577
0.013;0.028;15;1;0;0.70220584;-0.0;1.0;0.60777307;3.0145166E-8;46.199577
0.014;0.028;15;1;0;0.70220584;-0.0;1.0;0.60777307;3.0145166E-8;46.199577
0.015;0.028;15;1;0;0.70220584;-0.0;1.0;0.60777307;3.0145166E-8;46.199577
0.016;0.028;15;1;0;0.70220584;-0.0;1.0;0.60777307;3.0145166E-8;46.199577
0.017;0.028;15;1;0;0.70220584;-0.0;1.0;0.60777307;3.0145166E-8;46.199577
0.018;0.028;15;1;0;0.70220584;-0.0;1.0;0.60777307;3.0145166E-8;46.199577
0.019;0.028;15;1;0;0.70220584;-0.0;1.0;0.60777307;3.0145166E-8;46.199577
0.02;0.028;15;1;0;0.70220584;-0.0;1.0;0.60777307;3.0145166E-8;46.199577
0.021;0.028;15;1;0;0.70220584;-0.0;1.0;0.60777307;3.0145166E-8;46.199577
0.022;0.028;15;1;0;0.70220584;-0.0;1.0;0.60777307;3.0145166E-8;46.199577
0.023;0.028;15;1;0;0.70220584;-0.0;1.0;0.60777307;3.0145166E-8;46.199577
0.024;0.028;15;1;0;0.70220584;-0.0;1.0;0.60777307;3.0145166E-8;46.199577
0.025;0.028;15;1;0;0.70220584;-0.0;1.0;0.60777307;3.0145166E-8;46.199577
0.026;0.028;15;1;0;0.70220584;-0.0;1.0;0.60777307;3.0145166E-8;46.199577
0.027;0.028;15;1;0;0.70220584;-0.0;1.0;0.60777307;3.0145166E-8;46.199577
0.028;0.028;15;1;0;0.70220584;-0.0;1.0;0.60777307;3.0145166E-8;46.199577
0.029;0.028;15;1;0;0.70220584;-0.0;1.0;0.60777307;3.0145166E-8;46.199577
0.03;0.028;15;1;0;0.70220584;-0.0;1.0;0.60777307;3.0145166E-8;46.199577
0.001;0.029;15;1;0;0.70220584;-0.0;1.0;0.60777307;3.0145166E-8;46.199577
0.002;0.029;15;1;0;0.70220584;-0.0;1.0;0.60777307;3.0145166E-8;46.199577
0.003;0.029;15;1;0;0.70220584;-0.0;1.0;0.60777307;3.0145166E-8;46.199577
0.004;0.029;15;1;0;0.70220584;-0.0;1.0;0.60777307;3.0145166E-8;46.199577
0.005;0.029;15;1;0;0.70220584;-0.0;1.0;0.60777307;3.0145166E-8;46.199577
0.006;0.029;15;1;0;0.70220584;-0.0;1.0;0.60777307;3.0145166E-8;46.199577
0.007;0.029;15;1;0;0.70220584;-0.0;1.0;0.60777307;3.0145166E-8;46.199577
0.008;0.029;15;1;0;0.70220584;-0.0;1.0;0.60777307;3.0145166E-8;46.199577
0.009;0.029;15;1;0;0.70220584;-0.0;1.0;0.60777307;3.0145166E-8;46.199577
0.01;0.029;15;1;0;0.70220584;-0.0;1.0;0.60777307;3.0145166E-8;46.199577
0.011;0.029;15;1;0;0.70220584;-0.0;1.0;0.60777307;3.0145166E-8;46.199577
0.012;0.029;15;1;0;0.70220584;-0.0;1.0;0.60777307;3.0145166E-8;46.199577
0.013;0.029;15;1;0;0.70220584;-0.0;1.0;0.60777307;3.0145166E-8;46.199577
0.014;0.029;15;1;0;0.70220584;-0.0;1.0;0.60777307;3.0145166E-8;46.199577
0.015;0.029;15;1;0;0.70220584;-0.0;1.0;0.60777307;3.0145166E-8;46.199577
0.016;0.029;15;1;0;0.70220584;-0.0;1.0;0.60777307;3.0145166E-8;46.199577
0.017;0.029;15;1;0;0.70220584;-0.0;1.0;0.60777307;3.0145166E-8;46.199577
0.018;0.029;15;1;0;0.70220584;-0.0;1.0;0.60777307;3.0145166E-8;46.199577
0.019;0.029;15;1;0;0.70220584;-0.0;1.0;0.60777307;3.0145166E-8;46.199577
0.02;0.029;15;1;0;0.70220584;-0.0;1.0;0.60777307;3.0145166E-8;46.199577
0.021;0.029;15;1;0;0.70220584;-0.0;1.0;0.60777307;3.0145166E-8;46.199577
0.022;0.029;15;1;0;0.70220584;-0.0;1.0;0.60777307;3.0145166E-8;46.199577
0.023;0.029;15;1;0;0.70220584;-0.0;1.0;0.60777307;3.0145166E-8;46.199577
0.024;0.029;15;1;0;0.70220584;-0.0;1.0;0.60777307;3.0145166E-8;46.199577
0.025;0.029;15;1;0;0.70220584;-0.0;1.0;0.60777307;3.0145166E-8;46.199577
0.026;0.029;15;1;0;0.70220584;-0.0;1.0;0.60777307;3.0145166E-8;46.199577
0.027;0.029;15;1;0;0.70220584;-0.0;1.0;0.60777307;3.0145166E-8;46.199577
0.028;0.029;15;1;0;0.70220584;-0.0;1.0;0.60777307;3.0145166E-8;46.199577
0.029;0.029;15;1;0;0.70220584;-0.0;1.0;0.60777307;3.0145166E-8;46.199577
0.03;0.029;15;1;0;0.70220584;-0.0;1.0;0.60777307;3.0145166E-8;46.199577
0.001;0.03;15;1;0;0.70220584;-0.0;1.0;0.60777307;3.0145166E-8;46.199577
0.002;0.03;15;1;0;0.70220584;-0.0;1.0;0.60777307;3.0145166E-8;46.199577
0.003;0.03;15;1;0;0.70220584;-0.0;1.0;0.60777307;3.0145166E-8;46.199577
0.004;0.03;15;1;0;0.70220584;-0.0;1.0;0.60777307;3.0145166E-8;46.199577
0.005;0.03;15;1;0;0.70220584;-0.0;1.0;0.60777307;3.0145166E-8;46.199577
0.006;0.03;15;1;0;0.70220584;-0.0;1.0;0.60777307;3.0145166E-8;46.199577
0.007;0.03;15;1;0;0.70220584;-0.0;1.0;0.60777307;3.0145166E-8;46.199577
0.008;0.03;15;1;0;0.70220584;-0.0;1.0;0.60777307;3.0145166E-8;46.199577
0.009;0.03;15;1;0;0.70220584;-0.0;1.0;0.60777307;3.0145166E-8;46.199577
0.01;0.03;15;1;0;0.70220584;-0.0;1.0;0.60777307;3.0145166E-8;46.199577
0.011;0.03;15;1;0;0.70220584;-0.0;1.0;0.60777307;3.0145166E-8;46.199577
0.012;0.03;15;1;0;0.70220584;-0.0;1.0;0.60777307;3.0145166E-8;46.199577
0.013;0.03;15;1;0;0.70220584;-0.0;1.0;0.60777307;3.0145166E-8;46.199577
0.014;0.03;15;1;0;0.70220584;-0.0;1.0;0.60777307;3.0145166E-8;46.199577
0.015;0.03;15;1;0;0.70220584;-0.0;1.0;0.60777307;3.0145166E-8;46.199577
0.016;0.03;15;1;0;0.70220584;-0.0;1.0;0.60777307;3.0145166E-8;46.199577
0.017;0.03;15;1;0;0.70220584;-0.0;1.0;0.60777307;3.0145166E-8;46.199577
0.018;0.03;15;1;0;0.70220584;-0.0;1.0;0.60777307;3.0145166E-8;46.199577
0.019;0.03;15;1;0;0.70220584;-0.0;1.0;0.60777307;3.0145166E-8;46.199577
0.02;0.03;15;1;0;0.70220584;-0.0;1.0;0.60777307;3.0145166E-8;46.199577
0.021;0.03;15;1;0;0.70220584;-0.0;1.0;0.60777307;3.0145166E-8;46.199577
0.022;0.03;15;1;0;0.70220584;-0.0;1.0;0.60777307;3.0145166E-8;46.199577
0.023;0.03;15;1;0;0.70220584;-0.0;1.0;0.60777307;3.0145166E-8;46.199577
0.024;0.03;15;1;0;0.70220584;-0.0;1.0;0.60777307;3.0145166E-8;46.199577
0.025;0.03;15;1;0;0.70220584;-0.0;1.0;0.60777307;3.0145166E-8;46.199577
0.026;0.03;15;1;0;0.70220584;-0.0;1.0;0.60777307;3.0145166E-8;46.199577
0.027;0.03;15;1;0;0.70220584;-0.0;1.0;0.60777307;3.0145166E-8;46.199577
0.028;0.03;15;1;0;0.70220584;-0.0;1.0;0.60777307;3.0145166E-8;46.199577
0.029;0.03;15;1;0;0.70220584;-0.0;1.0;0.60777307;3.0145166E-8;46.199577
0.03;0.03;15;1;0;0.70220584;-0.0;1.0;0.60777307;3.0145166E-8;46.199577
0.001;0.031;15;1;0;0.70220584;-0.0;1.0;0.60777307;3.0145166E-8;46.199577
0.002;0.031;15;1;0;0.70220584;-0.0;1.0;0.60777307;3.0145166E-8;46.199577
0.003;0.031;15;1;0;0.70220584;-0.0;1.0;0.60777307;3.0145166E-8;46.199577
0.004;0.031;15;1;0;0.70220584;-0.0;1.0;0.60777307;3.0145166E-8;46.199577
0.005;0.031;15;1;0;0.70220584;-0.0;1.0;0.60777307;3.0145166E-8;46.199577
0.006;0.031;15;1;0;0.70220584;-0.0;1.0;0.60777307;3.0145166E-8;46.199577
0.007;0.031;15;1;0;0.70220584;-0.0;1.0;0.60777307;3.0145166E-8;46.199577
0.008;0.031;15;1;0;0.70220584;-0.0;1.0;0.60777307;3.0145166E-8;46.199577
0.009;0.031;15;1;0;0.70220584;-0.0;1.0;0.60777307;3.0145166E-8;46.199577
0.01;0.031;15;1;0;0.70220584;-0.0;1.0;0.60777307;3.0145166E-8;46.199577
0.011;0.031;15;1;0;0.70220584;-0.0;1.0;0.60777307;3.0145166E-8;46.199577
0.012;0.031;15;1;0;0.70220584;-0.0;1.0;0.60777307;3.0145166E-8;46.199577
0.013;0.031;15;1;0;0.70220584;-0.0;1.0;0.60777307;3.0145166E-8;46.199577
0.014;0.031;15;1;0;0.70220584;-0.0;1.0;0.60777307;3.0145166E-8;46.199577
0.015;0.031;15;1;0;0.70220584;-0.0;1.0;0.60777307;3.0145166E-8;46.199577
0.016;0.031;15;1;0;0.70220584;-0.0;1.0;0.60777307;3.0145166E-8;46.199577
0.017;0.031;15;1;0;0.70220584;-0.0;1.0;0.60777307;3.0145166E-8;46.199577
0.018;0.031;15;1;0;0.70220584;-0.0;1.0;0.60777307;3.0145166E-8;46.199577
0.019;0.031;15;1;0;0.70220584;-0.0;1.0;0.60777307;3.0145166E-8;46.199577
0.02;0.031;15;1;0;0.70220584;-0.0;1.0;0.60777307;3.0145166E-8;46.199577
0.021;0.031;15;1;0;0.70220584;-0.0;1.0;0.60777307;3.0145166E-8;46.199577
0.022;0.031;15;1;0;0.70220584;-0.0;1.0;0.60777307;3.0145166E-8;46.199577
0.023;0.031;15;1;0;0.70220584;-0.0;1.0;0.60777307;3.0145166E-8;46.199577
0.024;0.031;15;1;0;0.70220584;-0.0;1.0;0.60777307;3.0145166E-8;46.199577
0.025;0.031;15;1;0;0.70220584;-0.0;1.0;0.60777307;3.0145166E-8;46.199577
0.026;0.031;15;1;0;0.70220584;-0.0;1.0;0.60777307;3.0145166E-8;46.199577
0.027;0.031;15;1;0;0.70220584;-0.0;1.0;0.60777307;3.0145166E-8;46.199577
0.028;0.031;15;1;0;0.70220584;-0.0;1.0;0.60777307;3.0145166E-8;46.199577
0.029;0.031;15;1;0;0.70220584;-0.0;1.0;0.60777307;3.0145166E-8;46.199577
0.03;0.031;15;1;0;0.70220584;-0.0;1.0;0.60777307;3.0145166E-8;46.199577
0.001;0.032;15;1;0;0.70220584;-0.0;1.0;0.60777307;3.0145166E-8;46.199577
0.002;0.032;15;1;0;0.70220584;-0.0;1.0;0.60777307;3.0145166E-8;46.199577
0.003;0.032;15;1;0;0.70220584;-0.0;1.0;0.60777307;3.0145166E-8;46.199577
0.004;0.032;15;1;0;0.70220584;-0.0;1.0;0.60777307;3.0145166E-8;46.199577
0.005;0.032;15;1;0;0.70220584;-0.0;1.0;0.60777307;3.0145166E-8;46.199577
0.006;0.032;15;1;0;0.70220584;-0.0;1.0;0.60777307;3.0145166E-8;46.199577
0.007;0.032;15;1;0;0.70220584;-0.0;1.0;0.60777307;3.0145166E-8;46.199577
0.008;0.032;15;1;0;0.70220584;-0.0;1.0;0.60777307;3.0145166E-8;46.199577
0.009;0.032;15;1;0;0.70220584;-0.0;1.0;0.60777307;3.0145166E-8;46.199577
0.01;0.032;15;1;0;0.70220584;-0.0;1.0;0.60777307;3.0145166E-8;46.199577
0.011;0.032;15;1;0;0.70220584;-0.0;1.0;0.60777307;3.0145166E-8;46.199577
0.012;0.032;15;1;0;0.70220584;-0.0;1.0;0.60777307;3.0145166E-8;46.199577
0.013;0.032;15;1;0;0.70220584;-0.0;1.0;0.60777307;3.0145166E-8;46.199577
0.014;0.032;15;1;0;0.70220584;-0.0;1.0;0.60777307;3.0145166E-8;46.199577
0.015;0.032;15;1;0;0.70220584;-0.0;1.0;0.60777307;3.0145166E-8;46.199577
0.016;0.032;15;1;0;0.70220584;-0.0;1.0;0.60777307;3.0145166E-8;46.199577
0.017;0.032;15;1;0;0.70220584;-0.0;1.0;0.60777307;3.0145166E-8;46.199577
0.018;0.032;15;1;0;0.70220584;-0.0;1.0;0.60777307;3.0145166E-8;46.199577
0.019;0.032;15;1;0;0.70220584;-0.0;1.0;0.60777307;3.0145166E-8;46.199577
0.02;0.032;15;1;0;0.70220584;-0.0;1.0;0.60777307;3.0145166E-8;46.199577
0.021;0.032;15;1;0;0.70220584;-0.0;1.0;0.60777307;3.0145166E-8;46.199577
0.022;0.032;15;1;0;0.70220584;-0.0;1.0;0.60777307;3.0145166E-8;46.199577
0.023;0.032;15;1;0;0.70220584;-0.0;1.0;0.60777307;3.0145166E-8;46.199577
0.024;0.032;15;1;0;0.70220584;-0.0;1.0;0.60777307;3.0145166E-8;46.199577
0.025;0.032;15;1;0;0.70220584;-0.0;1.0;0.60777307;3.0145166E-8;46.199577
0.026;0.032;15;1;0;0.70220584;-0.0;1.0;0.60777307;3.0145166E-8;46.199577
0.027;0.032;15;1;0;0.70220584;-0.0;1.0;0.60777307;3.0145166E-8;46.199577
0.028;0.032;15;1;0;0.70220584;-0.0;1.0;0.60777307;3.0145166E-8;46.199577
0.029;0.032;15;1;0;0.70220584;-0.0;1.0;0.60777307;3.0145166E-8;46.199577
0.03;0.032;15;1;0;0.70220584;-0.0;1.0;0.60777307;3.0145166E-8;46.199577
0.001;0.033;15;1;0;0.70220584;-0.0;1.0;0.60777307;3.0145166E-8;46.199577
0.002;0.033;15;1;0;0.70220584;-0.0;1.0;0.60777307;3.0145166E-8;46.199577
0.003;0.033;15;1;0;0.70220584;-0.0;1.0;0.60777307;3.0145166E-8;46.199577
0.004;0.033;15;1;0;0.70220584;-0.0;1.0;0.60777307;3.0145166E-8;46.199577
0.005;0.033;15;1;0;0.70220584;-0.0;1.0;0.60777307;3.0145166E-8;46.199577
0.006;0.033;15;1;0;0.70220584;-0.0;1.0;0.60777307;3.0145166E-8;46.199577
0.007;0.033;15;1;0;0.70220584;-0.0;1.0;0.60777307;3.0145166E-8;46.199577
0.008;0.033;15;1;0;0.70220584;-0.0;1.0;0.60777307;3.0145166E-8;46.199577
0.009;0.033;15;1;0;0.70220584;-0.0;1.0;0.60777307;3.0145166E-8;46.199577
0.01;0.033;15;1;0;0.70220584;-0.0;1.0;0.60777307;3.0145166E-8;46.199577
0.011;0.033;15;1;0;0.70220584;-0.0;1.0;0.60777307;3.0145166E-8;46.199577
0.012;0.033;15;1;0;0.70220584;-0.0;1.0;0.60777307;3.0145166E-8;46.199577
0.013;0.033;15;1;0;0.70220584;-0.0;1.0;0.60777307;3.0145166E-8;46.199577
0.014;0.033;15;1;0;0.70220584;-0.0;1.0;0.60777307;3.0145166E-8;46.199577
0.015;0.033;15;1;0;0.70220584;-0.0;1.0;0.60777307;3.0145166E-8;46.199577
0.016;0.033;15;1;0;0.70220584;-0.0;1.0;0.60777307;3.0145166E-8;46.199577
0.017;0.033;15;1;0;0.70220584;-0.0;1.0;0.60777307;3.0145166E-8;46.199577
0.018;0.033;15;1;0;0.70220584;-0.0;1.0;0.60777307;3.0145166E-8;46.199577
0.019;0.033;15;1;0;0.70220584;-0.0;1.0;0.60777307;3.0145166E-8;46.199577
0.02;0.033;15;1;0;0.70220584;-0.0;1.0;0.60777307;3.0145166E-8;46.199577
0.021;0.033;15;1;0;0.70220584;-0.0;1.0;0.60777307;3.0145166E-8;46.199577
0.022;0.033;15;1;0;0.70220584;-0.0;1.0;0.60777307;3.0145166E-8;46.199577
0.023;0.033;15;1;0;0.70220584;-0.0;1.0;0.60777307;3.0145166E-8;46.199577
0.024;0.033;15;1;0;0.70220584;-0.0;1.0;0.60777307;3.0145166E-8;46.199577
0.025;0.033;15;1;0;0.70220584;-0.0;1.0;0.60777307;3.0145166E-8;46.199577
0.026;0.033;15;1;0;0.70220584;-0.0;1.0;0.60777307;3.0145166E-8;46.199577
0.027;0.033;15;1;0;0.70220584;-0.0;1.0;0.60777307;3.0145166E-8;46.199577
0.028;0.033;15;1;0;0.70220584;-0.0;1.0;0.60777307;3.0145166E-8;46.199577
0.029;0.033;15;1;0;0.70220584;-0.0;1.0;0.60777307;3.0145166E-8;46.199577
0.03;0.033;15;1;0;0.70220584;-0.0;1.0;0.60777307;3.0145166E-8;46.199577
0.001;0.034;15;1;0;0.70220584;-0.0;1.0;0.60777307;3.0145166E-8;46.199577
0.002;0.034;15;1;0;0.70220584;-0.0;1.0;0.60777307;3.0145166E-8;46.199577
0.003;0.034;15;1;0;0.70220584;-0.0;1.0;0.60777307;3.0145166E-8;46.199577
0.004;0.034;15;1;0;0.70220584;-0.0;1.0;0.60777307;3.0145166E-8;46.199577
0.005;0.034;15;1;0;0.70220584;-0.0;1.0;0.60777307;3.0145166E-8;46.199577
0.006;0.034;15;1;0;0.70220584;-0.0;1.0;0.60777307;3.0145166E-8;46.199577
0.007;0.034;15;1;0;0.70220584;-0.0;1.0;0.60777307;3.0145166E-8;46.199577
0.008;0.034;15;1;0;0.70220584;-0.0;1.0;0.60777307;3.0145166E-8;46.199577
0.009;0.034;15;1;0;0.70220584;-0.0;1.0;0.60777307;3.0145166E-8;46.199577
0.01;0.034;15;1;0;0.70220584;-0.0;1.0;0.60777307;3.0145166E-8;46.199577
0.011;0.034;15;1;0;0.70220584;-0.0;1.0;0.60777307;3.0145166E-8;46.199577
0.012;0.034;15;1;0;0.70220584;-0.0;1.0;0.60777307;3.0145166E-8;46.199577
0.013;0.034;15;1;0;0.70220584;-0.0;1.0;0.60777307;3.0145166E-8;46.199577
0.014;0.034;15;1;0;0.70220584;-0.0;1.0;0.60777307;3.0145166E-8;46.199577
0.015;0.034;15;1;0;0.70220584;-0.0;1.0;0.60777307;3.0145166E-8;46.199577
0.016;0.034;15;1;0;0.70220584;-0.0;1.0;0.60777307;3.0145166E-8;46.199577
0.017;0.034;15;1;0;0.70220584;-0.0;1.0;0.60777307;3.0145166E-8;46.199577
0.018;0.034;15;1;0;0.70220584;-0.0;1.0;0.60777307;3.0145166E-8;46.199577
0.019;0.034;15;1;0;0.70220584;-0.0;1.0;0.60777307;3.0145166E-8;46.199577
0.02;0.034;15;1;0;0.70220584;-0.0;1.0;0.60777307;3.0145166E-8;46.199577
0.021;0.034;15;1;0;0.70220584;-0.0;1.0;0.60777307;3.0145166E-8;46.199577
0.022;0.034;15;1;0;0.70220584;-0.0;1.0;0.60777307;3.0145166E-8;46.199577
0.023;0.034;15;1;0;0.70220584;-0.0;1.0;0.60777307;3.0145166E-8;46.199577
0.024;0.034;15;1;0;0.70220584;-0.0;1.0;0.60777307;3.0145166E-8;46.199577
0.025;0.034;15;1;0;0.70220584;-0.0;1.0;0.60777307;3.0145166E-8;46.199577
0.026;0.034;15;1;0;0.70220584;-0.0;1.0;0.60777307;3.0145166E-8;46.199577
0.027;0.034;15;1;0;0.70220584;-0.0;1.0;0.60777307;3.0145166E-8;46.199577
0.028;0.034;15;1;0;0.70220584;-0.0;1.0;0.60777307;3.0145166E-8;46.199577
0.029;0.034;15;1;0;0.70220584;-0.0;1.0;0.60777307;3.0145166E-8;46.199577
0.03;0.034;15;1;0;0.70220584;-0.0;1.0;0.60777307;3.0145166E-8;46.199577
0.001;0.035;15;1;0;0.70220584;-0.0;1.0;0.60777307;3.0145166E-8;46.199577
0.002;0.035;15;1;0;0.70220584;-0.0;1.0;0.60777307;3.0145166E-8;46.199577
0.003;0.035;15;1;0;0.70220584;-0.0;1.0;0.60777307;3.0145166E-8;46.199577
0.004;0.035;15;1;0;0.70220584;-0.0;1.0;0.60777307;3.0145166E-8;46.199577
0.005;0.035;15;1;0;0.70220584;-0.0;1.0;0.60777307;3.0145166E-8;46.199577
0.006;0.035;15;1;0;0.70220584;-0.0;1.0;0.60777307;3.0145166E-8;46.199577
0.007;0.035;15;1;0;0.70220584;-0.0;1.0;0.60777307;3.0145166E-8;46.199577
0.008;0.035;15;1;0;0.70220584;-0.0;1.0;0.60777307;3.0145166E-8;46.199577
0.009;0.035;15;1;0;0.70220584;-0.0;1.0;0.60777307;3.0145166E-8;46.199577
0.01;0.035;15;1;0;0.70220584;-0.0;1.0;0.60777307;3.0145166E-8;46.199577
0.011;0.035;15;1;0;0.70220584;-0.0;1.0;0.60777307;3.0145166E-8;46.199577
0.012;0.035;15;1;0;0.70220584;-0.0;1.0;0.60777307;3.0145166E-8;46.199577
0.013;0.035;15;1;0;0.70220584;-0.0;1.0;0.60777307;3.0145166E-8;46.199577
0.014;0.035;15;1;0;0.70220584;-0.0;1.0;0.60777307;3.0145166E-8;46.199577
0.015;0.035;15;1;0;0.70220584;-0.0;1.0;0.60777307;3.0145166E-8;46.199577
0.016;0.035;15;1;0;0.70220584;-0.0;1.0;0.60777307;3.0145166E-8;46.199577
0.017;0.035;15;1;0;0.70220584;-0.0;1.0;0.60777307;3.0145166E-8;46.199577
0.018;0.035;15;1;0;0.70220584;-0.0;1.0;0.60777307;3.0145166E-8;46.199577
0.019;0.035;15;1;0;0.70220584;-0.0;1.0;0.60777307;3.0145166E-8;46.199577
0.02;0.035;15;1;0;0.70220584;-0.0;1.0;0.60777307;3.0145166E-8;46.199577
0.021;0.035;15;1;0;0.70220584;-0.0;1.0;0.60777307;3.0145166E-8;46.199577
0.022;0.035;15;1;0;0.70220584;-0.0;1.0;0.60777307;3.0145166E-8;46.199577
0.023;0.035;15;1;0;0.70220584;-0.0;1.0;0.60777307;3.0145166E-8;46.199577
0.024;0.035;15;1;0;0.70220584;-0.0;1.0;0.60777307;3.0145166E-8;46.199577
0.025;0.035;15;1;0;0.70220584;-0.0;1.0;0.60777307;3.0145166E-8;46.199577
0.026;0.035;15;1;0;0.70220584;-0.0;1.0;0.60777307;3.0145166E-8;46.199577
0.027;0.035;15;1;0;0.70220584;-0.0;1.0;0.60777307;3.0145166E-8;46.199577
0.028;0.035;15;1;0;0.70220584;-0.0;1.0;0.60777307;3.0145166E-8;46.199577
0.029;0.035;15;1;0;0.70220584;-0.0;1.0;0.60777307;3.0145166E-8;46.199577
0.03;0.035;15;1;0;0.70220584;-0.0;1.0;0.60777307;3.0145166E-8;46.199577
0.001;0.036;15;1;0;0.70220584;-0.0;1.0;0.60777307;3.0145166E-8;46.199577
0.002;0.036;15;1;0;0.70220584;-0.0;1.0;0.60777307;3.0145166E-8;46.199577
0.003;0.036;15;1;0;0.70220584;-0.0;1.0;0.60777307;3.0145166E-8;46.199577
0.004;0.036;15;1;0;0.70220584;-0.0;1.0;0.60777307;3.0145166E-8;46.199577
0.005;0.036;15;1;0;0.70220584;-0.0;1.0;0.60777307;3.0145166E-8;46.199577
0.006;0.036;15;1;0;0.70220584;-0.0;1.0;0.60777307;3.0145166E-8;46.199577
0.007;0.036;15;1;0;0.70220584;-0.0;1.0;0.60777307;3.0145166E-8;46.199577
0.008;0.036;15;1;0;0.70220584;-0.0;1.0;0.60777307;3.0145166E-8;46.199577
0.009;0.036;15;1;0;0.70220584;-0.0;1.0;0.60777307;3.0145166E-8;46.199577
0.01;0.036;15;1;0;0.70220584;-0.0;1.0;0.60777307;3.0145166E-8;46.199577
0.011;0.036;15;1;0;0.70220584;-0.0;1.0;0.60777307;3.0145166E-8;46.199577
0.012;0.036;15;1;0;0.70220584;-0.0;1.0;0.60777307;3.0145166E-8;46.199577
0.013;0.036;15;1;0;0.70220584;-0.0;1.0;0.60777307;3.0145166E-8;46.199577
0.014;0.036;15;1;0;0.70220584;-0.0;1.0;0.60777307;3.0145166E-8;46.199577
0.015;0.036;15;1;0;0.70220584;-0.0;1.0;0.60777307;3.0145166E-8;46.199577
0.016;0.036;15;1;0;0.70220584;-0.0;1.0;0.60777307;3.0145166E-8;46.199577
0.017;0.036;15;1;0;0.70220584;-0.0;1.0;0.60777307;3.0145166E-8;46.199577
0.018;0.036;15;1;0;0.70220584;-0.0;1.0;0.60777307;3.0145166E-8;46.199577
0.019;0.036;15;1;0;0.70220584;-0.0;1.0;0.60777307;3.0145166E-8;46.199577
0.02;0.036;15;1;0;0.70220584;-0.0;1.0;0.60777307;3.0145166E-8;46.199577
0.021;0.036;15;1;0;0.70220584;-0.0;1.0;0.60777307;3.0145166E-8;46.199577
0.022;0.036;15;1;0;0.70220584;-0.0;1.0;0.60777307;3.0145166E-8;46.199577
0.023;0.036;15;1;0;0.70220584;-0.0;1.0;0.60777307;3.0145166E-8;46.199577
0.024;0.036;15;1;0;0.70220584;-0.0;1.0;0.60777307;3.0145166E-8;46.199577
0.025;0.036;15;1;0;0.70220584;-0.0;1.0;0.60777307;3.0145166E-8;46.199577
0.026;0.036;15;1;0;0.70220584;-0.0;1.0;0.60777307;3.0145166E-8;46.199577
0.027;0.036;15;1;0;0.70220584;-0.0;1.0;0.60777307;3.0145166E-8;46.199577
0.028;0.036;15;1;0;0.70220584;-0.0;1.0;0.60777307;3.0145166E-8;46.199577
0.029;0.036;15;1;0;0.70220584;-0.0;1.0;0.60777307;3.0145166E-8;46.199577
0.03;0.036;15;1;0;0.70220584;-0.0;1.0;0.60777307;3.0145166E-8;46.199577
0.001;0.037;15;1;0;0.70220584;-0.0;1.0;0.60777307;3.0145166E-8;46.199577
0.002;0.037;15;1;0;0.70220584;-0.0;1.0;0.60777307;3.0145166E-8;46.199577
0.003;0.037;15;1;0;0.70220584;-0.0;1.0;0.60777307;3.0145166E-8;46.199577
0.004;0.037;15;1;0;0.70220584;-0.0;1.0;0.60777307;3.0145166E-8;46.199577
0.005;0.037;15;1;0;0.70220584;-0.0;1.0;0.60777307;3.0145166E-8;46.199577
0.006;0.037;15;1;0;0.70220584;-0.0;1.0;0.60777307;3.0145166E-8;46.199577
0.007;0.037;15;1;0;0.70220584;-0.0;1.0;0.60777307;3.0145166E-8;46.199577
0.008;0.037;15;1;0;0.70220584;-0.0;1.0;0.60777307;3.0145166E-8;46.199577
0.009;0.037;15;1;0;0.70220584;-0.0;1.0;0.60777307;3.0145166E-8;46.199577
0.01;0.037;15;1;0;0.70220584;-0.0;1.0;0.60777307;3.0145166E-8;46.199577
0.011;0.037;15;1;0;0.70220584;-0.0;1.0;0.60777307;3.0145166E-8;46.199577
0.012;0.037;15;1;0;0.70220584;-0.0;1.0;0.60777307;3.0145166E-8;46.199577
0.013;0.037;15;1;0;0.70220584;-0.0;1.0;0.60777307;3.0145166E-8;46.199577
0.014;0.037;15;1;0;0.70220584;-0.0;1.0;0.60777307;3.0145166E-8;46.199577
0.015;0.037;15;1;0;0.70220584;-0.0;1.0;0.60777307;3.0145166E-8;46.199577
0.016;0.037;15;1;0;0.70220584;-0.0;1.0;0.60777307;3.0145166E-8;46.199577
0.017;0.037;15;1;0;0.70220584;-0.0;1.0;0.60777307;3.0145166E-8;46.199577
0.018;0.037;15;1;0;0.70220584;-0.0;1.0;0.60777307;3.0145166E-8;46.199577
0.019;0.037;15;1;0;0.70220584;-0.0;1.0;0.60777307;3.0145166E-8;46.199577
0.02;0.037;15;1;0;0.70220584;-0.0;1.0;0.60777307;3.0145166E-8;46.199577
0.021;0.037;15;1;0;0.70220584;-0.0;1.0;0.60777307;3.0145166E-8;46.199577
0.022;0.037;15;1;0;0.70220584;-0.0;1.0;0.60777307;3.0145166E-8;46.199577
0.023;0.037;15;1;0;0.70220584;-0.0;1.0;0.60777307;3.0145166E-8;46.199577
0.024;0.037;15;1;0;0.70220584;-0.0;1.0;0.60777307;3.0145166E-8;46.199577
0.025;0.037;15;1;0;0.70220584;-0.0;1.0;0.60777307;3.0145166E-8;46.199577
0.026;0.037;15;1;0;0.70220584;-0.0;1.0;0.60777307;3.0145166E-8;46.199577
0.027;0.037;15;1;0;0.70220584;-0.0;1.0;0.60777307;3.0145166E-8;46.199577
0.028;0.037;15;1;0;0.70220584;-0.0;1.0;0.60777307;3.0145166E-8;46.199577
0.029;0.037;15;1;0;0.70220584;-0.0;1.0;0.60777307;3.0145166E-8;46.199577
0.03;0.037;15;1;0;0.70220584;-0.0;1.0;0.60777307;3.0145166E-8;46.199577
0.001;0.038;15;1;0;0.70220584;-0.0;1.0;0.60777307;3.0145166E-8;46.199577
0.002;0.038;15;1;0;0.70220584;-0.0;1.0;0.60777307;3.0145166E-8;46.199577
0.003;0.038;15;1;0;0.70220584;-0.0;1.0;0.60777307;3.0145166E-8;46.199577
0.004;0.038;15;1;0;0.70220584;-0.0;1.0;0.60777307;3.0145166E-8;46.199577
0.005;0.038;15;1;0;0.70220584;-0.0;1.0;0.60777307;3.0145166E-8;46.199577
0.006;0.038;15;1;0;0.70220584;-0.0;1.0;0.60777307;3.0145166E-8;46.199577
0.007;0.038;15;1;0;0.70220584;-0.0;1.0;0.60777307;3.0145166E-8;46.199577
0.008;0.038;15;1;0;0.70220584;-0.0;1.0;0.60777307;3.0145166E-8;46.199577
0.009;0.038;15;1;0;0.70220584;-0.0;1.0;0.60777307;3.0145166E-8;46.199577
0.01;0.038;15;1;0;0.70220584;-0.0;1.0;0.60777307;3.0145166E-8;46.199577
0.011;0.038;15;1;0;0.70220584;-0.0;1.0;0.60777307;3.0145166E-8;46.199577
0.012;0.038;15;1;0;0.70220584;-0.0;1.0;0.60777307;3.0145166E-8;46.199577
0.013;0.038;15;1;0;0.70220584;-0.0;1.0;0.60777307;3.0145166E-8;46.199577
0.014;0.038;15;1;0;0.70220584;-0.0;1.0;0.60777307;3.0145166E-8;46.199577
0.015;0.038;15;1;0;0.70220584;-0.0;1.0;0.60777307;3.0145166E-8;46.199577
0.016;0.038;15;1;0;0.70220584;-0.0;1.0;0.60777307;3.0145166E-8;46.199577
0.017;0.038;15;1;0;0.70220584;-0.0;1.0;0.60777307;3.0145166E-8;46.199577
0.018;0.038;15;1;0;0.70220584;-0.0;1.0;0.60777307;3.0145166E-8;46.199577
0.019;0.038;15;1;0;0.70220584;-0.0;1.0;0.60777307;3.0145166E-8;46.199577
0.02;0.038;15;1;0;0.70220584;-0.0;1.0;0.60777307;3.0145166E-8;46.199577
0.021;0.038;15;1;0;0.70220584;-0.0;1.0;0.60777307;3.0145166E-8;46.199577
0.022;0.038;15;1;0;0.70220584;-0.0;1.0;0.60777307;3.0145166E-8;46.199577
0.023;0.038;15;1;0;0.70220584;-0.0;1.0;0.60777307;3.0145166E-8;46.199577
0.024;0.038;15;1;0;0.70220584;-0.0;1.0;0.60777307;3.0145166E-8;46.199577
0.025;0.038;15;1;0;0.70220584;-0.0;1.0;0.60777307;3.0145166E-8;46.199577
0.026;0.038;15;1;0;0.70220584;-0.0;1.0;0.60777307;3.0145166E-8;46.199577
0.027;0.038;15;1;0;0.70220584;-0.0;1.0;0.60777307;3.0145166E-8;46.199577
0.028;0.038;15;1;0;0.70220584;-0.0;1.0;0.60777307;3.0145166E-8;46.199577
0.029;0.038;15;1;0;0.70220584;-0.0;1.0;0.60777307;3.0145166E-8;46.199577
0.03;0.038;15;1;0;0.70220584;-0.0;1.0;0.60777307;3.0145166E-8;46.199577
0.001;0.039;15;1;0;0.70220584;-0.0;1.0;0.60777307;3.0145166E-8;46.199577
0.002;0.039;15;1;0;0.70220584;-0.0;1.0;0.60777307;3.0145166E-8;46.199577
0.003;0.039;15;1;0;0.70220584;-0.0;1.0;0.60777307;3.0145166E-8;46.199577
0.004;0.039;15;1;0;0.70220584;-0.0;1.0;0.60777307;3.0145166E-8;46.199577
0.005;0.039;15;1;0;0.70220584;-0.0;1.0;0.60777307;3.0145166E-8;46.199577
0.006;0.039;15;1;0;0.70220584;-0.0;1.0;0.60777307;3.0145166E-8;46.199577
0.007;0.039;15;1;0;0.70220584;-0.0;1.0;0.60777307;3.0145166E-8;46.199577
0.008;0.039;15;1;0;0.70220584;-0.0;1.0;0.60777307;3.0145166E-8;46.199577
0.009;0.039;15;1;0;0.70220584;-0.0;1.0;0.60777307;3.0145166E-8;46.199577
0.01;0.039;15;1;0;0.70220584;-0.0;1.0;0.60777307;3.0145166E-8;46.199577
0.011;0.039;15;1;0;0.70220584;-0.0;1.0;0.60777307;3.0145166E-8;46.199577
0.012;0.039;15;1;0;0.70220584;-0.0;1.0;0.60777307;3.0145166E-8;46.199577
0.013;0.039;15;1;0;0.70220584;-0.0;1.0;0.60777307;3.0145166E-8;46.199577
0.014;0.039;15;1;0;0.70220584;-0.0;1.0;0.60777307;3.0145166E-8;46.199577
0.015;0.039;15;1;0;0.70220584;-0.0;1.0;0.60777307;3.0145166E-8;46.199577
0.016;0.039;15;1;0;0.70220584;-0.0;1.0;0.60777307;3.0145166E-8;46.199577
0.017;0.039;15;1;0;0.70220584;-0.0;1.0;0.60777307;3.0145166E-8;46.199577
0.018;0.039;15;1;0;0.70220584;-0.0;1.0;0.60777307;3.0145166E-8;46.199577
0.019;0.039;15;1;0;0.70220584;-0.0;1.0;0.60777307;3.0145166E-8;46.199577
0.02;0.039;15;1;0;0.70220584;-0.0;1.0;0.60777307;3.0145166E-8;46.199577
0.021;0.039;15;1;0;0.70220584;-0.0;1.0;0.60777307;3.0145166E-8;46.199577
0.022;0.039;15;1;0;0.70220584;-0.0;1.0;0.60777307;3.0145166E-8;46.199577
0.023;0.039;15;1;0;0.70220584;-0.0;1.0;0.60777307;3.0145166E-8;46.199577
0.024;0.039;15;1;0;0.70220584;-0.0;1.0;0.60777307;3.0145166E-8;46.199577
0.025;0.039;15;1;0;0.70220584;-0.0;1.0;0.60777307;3.0145166E-8;46.199577
0.026;0.039;15;1;0;0.70220584;-0.0;1.0;0.60777307;3.0145166E-8;46.199577
0.027;0.039;15;1;0;0.70220584;-0.0;1.0;0.60777307;3.0145166E-8;46.199577
0.028;0.039;15;1;0;0.70220584;-0.0;1.0;0.60777307;3.0145166E-8;46.199577
0.029;0.039;15;1;0;0.70220584;-0.0;1.0;0.60777307;3.0145166E-8;46.199577
0.03;0.039;15;1;0;0.70220584;-0.0;1.0;0.60777307;3.0145166E-8;46.199577
0.001;0.04;15;1;0;0.70220584;-0.0;1.0;0.60777307;3.0145166E-8;46.199577
0.002;0.04;15;1;0;0.70220584;-0.0;1.0;0.60777307;3.0145166E-8;46.199577
0.003;0.04;15;1;0;0.70220584;-0.0;1.0;0.60777307;3.0145166E-8;46.199577
0.004;0.04;15;1;0;0.70220584;-0.0;1.0;0.60777307;3.0145166E-8;46.199577
0.005;0.04;15;1;0;0.70220584;-0.0;1.0;0.60777307;3.0145166E-8;46.199577
0.006;0.04;15;1;0;0.70220584;-0.0;1.0;0.60777307;3.0145166E-8;46.199577
0.007;0.04;15;1;0;0.70220584;-0.0;1.0;0.60777307;3.0145166E-8;46.199577
0.008;0.04;15;1;0;0.70220584;-0.0;1.0;0.60777307;3.0145166E-8;46.199577
0.009;0.04;15;1;0;0.70220584;-0.0;1.0;0.60777307;3.0145166E-8;46.199577
0.01;0.04;15;1;0;0.70220584;-0.0;1.0;0.60777307;3.0145166E-8;46.199577
0.011;0.04;15;1;0;0.70220584;-0.0;1.0;0.60777307;3.0145166E-8;46.199577
0.012;0.04;15;1;0;0.70220584;-0.0;1.0;0.60777307;3.0145166E-8;46.199577
0.013;0.04;15;1;0;0.70220584;-0.0;1.0;0.60777307;3.0145166E-8;46.199577
0.014;0.04;15;1;0;0.70220584;-0.0;1.0;0.60777307;3.0145166E-8;46.199577
0.015;0.04;15;1;0;0.70220584;-0.0;1.0;0.60777307;3.0145166E-8;46.199577
0.016;0.04;15;1;0;0.70220584;-0.0;1.0;0.60777307;3.0145166E-8;46.199577
0.017;0.04;15;1;0;0.70220584;-0.0;1.0;0.60777307;3.0145166E-8;46.199577
0.018;0.04;15;1;0;0.70220584;-0.0;1.0;0.60777307;3.0145166E-8;46.199577
0.019;0.04;15;1;0;0.70220584;-0.0;1.0;0.60777307;3.0145166E-8;46.199577
0.02;0.04;15;1;0;0.70220584;-0.0;1.0;0.60777307;3.0145166E-8;46.199577
0.021;0.04;15;1;0;0.70220584;-0.0;1.0;0.60777307;3.0145166E-8;46.199577
0.022;0.04;15;1;0;0.70220584;-0.0;1.0;0.60777307;3.0145166E-8;46.199577
0.023;0.04;15;1;0;0.70220584;-0.0;1.0;0.60777307;3.0145166E-8;46.199577
0.024;0.04;15;1;0;0.70220584;-0.0;1.0;0.60777307;3.0145166E-8;46.199577
0.025;0.04;15;1;0;0.70220584;-0.0;1.0;0.60777307;3.0145166E-8;46.199577
0.026;0.04;15;1;0;0.70220584;-0.0;1.0;0.60777307;3.0145166E-8;46.199577
0.027;0.04;15;1;0;0.70220584;-0.0;1.0;0.60777307;3.0145166E-8;46.199577
0.028;0.04;15;1;0;0.70220584;-0.0;1.0;0.60777307;3.0145166E-8;46.199577
0.029;0.04;15;1;0;0.70220584;-0.0;1.0;0.60777307;3.0145166E-8;46.199577
0.03;0.04;15;1;0;0.70220584;-0.0;1.0;0.60777307;3.0145166E-8;46.199577
0.001;0.041;15;1;0;0.70220584;-0.0;1.0;0.60777307;3.0145166E-8;46.199577
0.002;0.041;15;1;0;0.70220584;-0.0;1.0;0.60777307;3.0145166E-8;46.199577
0.003;0.041;15;1;0;0.70220584;-0.0;1.0;0.60777307;3.0145166E-8;46.199577
0.004;0.041;15;1;0;0.70220584;-0.0;1.0;0.60777307;3.0145166E-8;46.199577
0.005;0.041;15;1;0;0.70220584;-0.0;1.0;0.60777307;3.0145166E-8;46.199577
0.006;0.041;15;1;0;0.70220584;-0.0;1.0;0.60777307;3.0145166E-8;46.199577
0.007;0.041;15;1;0;0.70220584;-0.0;1.0;0.60777307;3.0145166E-8;46.199577
0.008;0.041;15;1;0;0.70220584;-0.0;1.0;0.60777307;3.0145166E-8;46.199577
0.009;0.041;15;1;0;0.70220584;-0.0;1.0;0.60777307;3.0145166E-8;46.199577
0.01;0.041;15;1;0;0.70220584;-0.0;1.0;0.60777307;3.0145166E-8;46.199577
0.011;0.041;15;1;0;0.70220584;-0.0;1.0;0.60777307;3.0145166E-8;46.199577
0.012;0.041;15;1;0;0.70220584;-0.0;1.0;0.60777307;3.0145166E-8;46.199577
0.013;0.041;15;1;0;0.70220584;-0.0;1.0;0.60777307;3.0145166E-8;46.199577
0.014;0.041;15;1;0;0.70220584;-0.0;1.0;0.60777307;3.0145166E-8;46.199577
0.015;0.041;15;1;0;0.70220584;-0.0;1.0;0.60777307;3.0145166E-8;46.199577
0.016;0.041;15;1;0;0.70220584;-0.0;1.0;0.60777307;3.0145166E-8;46.199577
0.017;0.041;15;1;0;0.70220584;-0.0;1.0;0.60777307;3.0145166E-8;46.199577
0.018;0.041;15;1;0;0.70220584;-0.0;1.0;0.60777307;3.0145166E-8;46.199577
0.019;0.041;15;1;0;0.70220584;-0.0;1.0;0.60777307;3.0145166E-8;46.199577
0.02;0.041;15;1;0;0.70220584;-0.0;1.0;0.60777307;3.0145166E-8;46.199577
0.021;0.041;15;1;0;0.70220584;-0.0;1.0;0.60777307;3.0145166E-8;46.199577
0.022;0.041;15;1;0;0.70220584;-0.0;1.0;0.60777307;3.0145166E-8;46.199577
0.023;0.041;15;1;0;0.70220584;-0.0;1.0;0.60777307;3.0145166E-8;46.199577
0.024;0.041;15;1;0;0.70220584;-0.0;1.0;0.60777307;3.0145166E-8;46.199577
0.025;0.041;15;1;0;0.70220584;-0.0;1.0;0.60777307;3.0145166E-8;46.199577
0.026;0.041;15;1;0;0.70220584;-0.0;1.0;0.60777307;3.0145166E-8;46.199577
0.027;0.041;15;1;0;0.70220584;-0.0;1.0;0.60777307;3.0145166E-8;46.199577
0.028;0.041;15;1;0;0.70220584;-0.0;1.0;0.60777307;3.0145166E-8;46.199577
0.029;0.041;15;1;0;0.70220584;-0.0;1.0;0.60777307;3.0145166E-8;46.199577
0.03;0.041;15;1;0;0.70220584;-0.0;1.0;0.60777307;3.0145166E-8;46.199577
0.001;0.042;15;1;0;0.70220584;-0.0;1.0;0.60777307;3.0145166E-8;46.199577
0.002;0.042;15;1;0;0.70220584;-0.0;1.0;0.60777307;3.0145166E-8;46.199577
0.003;0.042;15;1;0;0.70220584;-0.0;1.0;0.60777307;3.0145166E-8;46.199577
0.004;0.042;15;1;0;0.70220584;-0.0;1.0;0.60777307;3.0145166E-8;46.199577
0.005;0.042;15;1;0;0.70220584;-0.0;1.0;0.60777307;3.0145166E-8;46.199577
0.006;0.042;15;1;0;0.70220584;-0.0;1.0;0.60777307;3.0145166E-8;46.199577
0.007;0.042;15;1;0;0.70220584;-0.0;1.0;0.60777307;3.0145166E-8;46.199577
0.008;0.042;15;1;0;0.70220584;-0.0;1.0;0.60777307;3.0145166E-8;46.199577
0.009;0.042;15;1;0;0.70220584;-0.0;1.0;0.60777307;3.0145166E-8;46.199577
0.01;0.042;15;1;0;0.70220584;-0.0;1.0;0.60777307;3.0145166E-8;46.199577
0.011;0.042;15;1;0;0.70220584;-0.0;1.0;0.60777307;3.0145166E-8;46.199577
0.012;0.042;15;1;0;0.70220584;-0.0;1.0;0.60777307;3.0145166E-8;46.199577
0.013;0.042;15;1;0;0.70220584;-0.0;1.0;0.60777307;3.0145166E-8;46.199577
0.014;0.042;15;1;0;0.70220584;-0.0;1.0;0.60777307;3.0145166E-8;46.199577
0.015;0.042;15;1;0;0.70220584;-0.0;1.0;0.60777307;3.0145166E-8;46.199577
0.016;0.042;15;1;0;0.70220584;-0.0;1.0;0.60777307;3.0145166E-8;46.199577
0.017;0.042;15;1;0;0.70220584;-0.0;1.0;0.60777307;3.0145166E-8;46.199577
0.018;0.042;15;1;0;0.70220584;-0.0;1.0;0.60777307;3.0145166E-8;46.199577
0.019;0.042;15;1;0;0.70220584;-0.0;1.0;0.60777307;3.0145166E-8;46.199577
0.02;0.042;15;1;0;0.70220584;-0.0;1.0;0.60777307;3.0145166E-8;46.199577
0.021;0.042;15;1;0;0.70220584;-0.0;1.0;0.60777307;3.0145166E-8;46.199577
0.022;0.042;15;1;0;0.70220584;-0.0;1.0;0.60777307;3.0145166E-8;46.199577
0.023;0.042;15;1;0;0.70220584;-0.0;1.0;0.60777307;3.0145166E-8;46.199577
0.024;0.042;15;1;0;0.70220584;-0.0;1.0;0.60777307;3.0145166E-8;46.199577
0.025;0.042;15;1;0;0.70220584;-0.0;1.0;0.60777307;3.0145166E-8;46.199577
0.026;0.042;15;1;0;0.70220584;-0.0;1.0;0.60777307;3.0145166E-8;46.199577
0.027;0.042;15;1;0;0.70220584;-0.0;1.0;0.60777307;3.0145166E-8;46.199577
0.028;0.042;15;1;0;0.70220584;-0.0;1.0;0.60777307;3.0145166E-8;46.199577
0.029;0.042;15;1;0;0.70220584;-0.0;1.0;0.60777307;3.0145166E-8;46.199577
0.03;0.042;15;1;0;0.70220584;-0.0;1.0;0.60777307;3.0145166E-8;46.199577
0.001;0.043;15;1;0;0.70220584;-0.0;1.0;0.60777307;3.0145166E-8;46.199577
0.002;0.043;15;1;0;0.70220584;-0.0;1.0;0.60777307;3.0145166E-8;46.199577
0.003;0.043;15;1;0;0.70220584;-0.0;1.0;0.60777307;3.0145166E-8;46.199577
0.004;0.043;15;1;0;0.70220584;-0.0;1.0;0.60777307;3.0145166E-8;46.199577
0.005;0.043;15;1;0;0.70220584;-0.0;1.0;0.60777307;3.0145166E-8;46.199577
0.006;0.043;15;1;0;0.70220584;-0.0;1.0;0.60777307;3.0145166E-8;46.199577
0.007;0.043;15;1;0;0.70220584;-0.0;1.0;0.60777307;3.0145166E-8;46.199577
0.008;0.043;15;1;0;0.70220584;-0.0;1.0;0.60777307;3.0145166E-8;46.199577
0.009;0.043;15;1;0;0.70220584;-0.0;1.0;0.60777307;3.0145166E-8;46.199577
0.01;0.043;15;1;0;0.70220584;-0.0;1.0;0.60777307;3.0145166E-8;46.199577
0.011;0.043;15;1;0;0.70220584;-0.0;1.0;0.60777307;3.0145166E-8;46.199577
0.012;0.043;15;1;0;0.70220584;-0.0;1.0;0.60777307;3.0145166E-8;46.199577
0.013;0.043;15;1;0;0.70220584;-0.0;1.0;0.60777307;3.0145166E-8;46.199577
0.014;0.043;15;1;0;0.70220584;-0.0;1.0;0.60777307;3.0145166E-8;46.199577
0.015;0.043;15;1;0;0.70220584;-0.0;1.0;0.60777307;3.0145166E-8;46.199577
0.016;0.043;15;1;0;0.70220584;-0.0;1.0;0.60777307;3.0145166E-8;46.199577
0.017;0.043;15;1;0;0.70220584;-0.0;1.0;0.60777307;3.0145166E-8;46.199577
0.018;0.043;15;1;0;0.70220584;-0.0;1.0;0.60777307;3.0145166E-8;46.199577
0.019;0.043;15;1;0;0.70220584;-0.0;1.0;0.60777307;3.0145166E-8;46.199577
0.02;0.043;15;1;0;0.70220584;-0.0;1.0;0.60777307;3.0145166E-8;46.199577
0.021;0.043;15;1;0;0.70220584;-0.0;1.0;0.60777307;3.0145166E-8;46.199577
0.022;0.043;15;1;0;0.70220584;-0.0;1.0;0.60777307;3.0145166E-8;46.199577
0.023;0.043;15;1;0;0.70220584;-0.0;1.0;0.60777307;3.0145166E-8;46.199577
0.024;0.043;15;1;0;0.70220584;-0.0;1.0;0.60777307;3.0145166E-8;46.199577
0.025;0.043;15;1;0;0.70220584;-0.0;1.0;0.60777307;3.0145166E-8;46.199577
0.026;0.043;15;1;0;0.70220584;-0.0;1.0;0.60777307;3.0145166E-8;46.199577
0.027;0.043;15;1;0;0.70220584;-0.0;1.0;0.60777307;3.0145166E-8;46.199577
0.028;0.043;15;1;0;0.70220584;-0.0;1.0;0.60777307;3.0145166E-8;46.199577
0.029;0.043;15;1;0;0.70220584;-0.0;1.0;0.60777307;3.0145166E-8;46.199577
0.03;0.043;15;1;0;0.70220584;-0.0;1.0;0.60777307;3.0145166E-8;46.199577
0.001;0.044;15;1;0;0.70220584;-0.0;1.0;0.60777307;3.0145166E-8;46.199577
0.002;0.044;15;1;0;0.70220584;-0.0;1.0;0.60777307;3.0145166E-8;46.199577
0.003;0.044;15;1;0;0.70220584;-0.0;1.0;0.60777307;3.0145166E-8;46.199577
0.004;0.044;15;1;0;0.70220584;-0.0;1.0;0.60777307;3.0145166E-8;46.199577
0.005;0.044;15;1;0;0.70220584;-0.0;1.0;0.60777307;3.0145166E-8;46.199577
0.006;0.044;15;1;0;0.70220584;-0.0;1.0;0.60777307;3.0145166E-8;46.199577
0.007;0.044;15;1;0;0.70220584;-0.0;1.0;0.60777307;3.0145166E-8;46.199577
0.008;0.044;15;1;0;0.70220584;-0.0;1.0;0.60777307;3.0145166E-8;46.199577
0.009;0.044;15;1;0;0.70220584;-0.0;1.0;0.60777307;3.0145166E-8;46.199577
0.01;0.044;15;1;0;0.70220584;-0.0;1.0;0.60777307;3.0145166E-8;46.199577
0.011;0.044;15;1;0;0.70220584;-0.0;1.0;0.60777307;3.0145166E-8;46.199577
0.012;0.044;15;1;0;0.70220584;-0.0;1.0;0.60777307;3.0145166E-8;46.199577
0.013;0.044;15;1;0;0.70220584;-0.0;1.0;0.60777307;3.0145166E-8;46.199577
0.014;0.044;15;1;0;0.70220584;-0.0;1.0;0.60777307;3.0145166E-8;46.199577
0.015;0.044;15;1;0;0.70220584;-0.0;1.0;0.60777307;3.0145166E-8;46.199577
0.016;0.044;15;1;0;0.70220584;-0.0;1.0;0.60777307;3.0145166E-8;46.199577
0.017;0.044;15;1;0;0.70220584;-0.0;1.0;0.60777307;3.0145166E-8;46.199577
0.018;0.044;15;1;0;0.70220584;-0.0;1.0;0.60777307;3.0145166E-8;46.199577
0.019;0.044;15;1;0;0.70220584;-0.0;1.0;0.60777307;3.0145166E-8;46.199577
0.02;0.044;15;1;0;0.70220584;-0.0;1.0;0.60777307;3.0145166E-8;46.199577
0.021;0.044;15;1;0;0.70220584;-0.0;1.0;0.60777307;3.0145166E-8;46.199577
0.022;0.044;15;1;0;0.70220584;-0.0;1.0;0.60777307;3.0145166E-8;46.199577
0.023;0.044;15;1;0;0.70220584;-0.0;1.0;0.60777307;3.0145166E-8;46.199577
0.024;0.044;15;1;0;0.70220584;-0.0;1.0;0.60777307;3.0145166E-8;46.199577
0.025;0.044;15;1;0;0.70220584;-0.0;1.0;0.60777307;3.0145166E-8;46.199577
0.026;0.044;15;1;0;0.70220584;-0.0;1.0;0.60777307;3.0145166E-8;46.199577
0.027;0.044;15;1;0;0.70220584;-0.0;1.0;0.60777307;3.0145166E-8;46.199577
0.028;0.044;15;1;0;0.70220584;-0.0;1.0;0.60777307;3.0145166E-8;46.199577
0.029;0.044;15;1;0;0.70220584;-0.0;1.0;0.60777307;3.0145166E-8;46.199577
0.03;0.044;15;1;0;0.70220584;-0.0;1.0;0.60777307;3.0145166E-8;46.199577
0.001;0.045;15;1;0;0.70220584;-0.0;1.0;0.60777307;3.0145166E-8;46.199577
0.002;0.045;15;1;0;0.70220584;-0.0;1.0;0.60777307;3.0145166E-8;46.199577
0.003;0.045;15;1;0;0.70220584;-0.0;1.0;0.60777307;3.0145166E-8;46.199577
0.004;0.045;15;1;0;0.70220584;-0.0;1.0;0.60777307;3.0145166E-8;46.199577
0.005;0.045;15;1;0;0.70220584;-0.0;1.0;0.60777307;3.0145166E-8;46.199577
0.006;0.045;15;1;0;0.70220584;-0.0;1.0;0.60777307;3.0145166E-8;46.199577
0.007;0.045;15;1;0;0.70220584;-0.0;1.0;0.60777307;3.0145166E-8;46.199577
0.008;0.045;15;1;0;0.70220584;-0.0;1.0;0.60777307;3.0145166E-8;46.199577
0.009;0.045;15;1;0;0.70220584;-0.0;1.0;0.60777307;3.0145166E-8;46.199577
0.01;0.045;15;1;0;0.70220584;-0.0;1.0;0.60777307;3.0145166E-8;46.199577
0.011;0.045;15;1;0;0.70220584;-0.0;1.0;0.60777307;3.0145166E-8;46.199577
0.012;0.045;15;1;0;0.70220584;-0.0;1.0;0.60777307;3.0145166E-8;46.199577
0.013;0.045;15;1;0;0.70220584;-0.0;1.0;0.60777307;3.0145166E-8;46.199577
0.014;0.045;15;1;0;0.70220584;-0.0;1.0;0.60777307;3.0145166E-8;46.199577
0.015;0.045;15;1;0;0.70220584;-0.0;1.0;0.60777307;3.0145166E-8;46.199577
0.016;0.045;15;1;0;0.70220584;-0.0;1.0;0.60777307;3.0145166E-8;46.199577
0.017;0.045;15;1;0;0.70220584;-0.0;1.0;0.60777307;3.0145166E-8;46.199577
0.018;0.045;15;1;0;0.70220584;-0.0;1.0;0.60777307;3.0145166E-8;46.199577
0.019;0.045;15;1;0;0.70220584;-0.0;1.0;0.60777307;3.0145166E-8;46.199577
0.02;0.045;15;1;0;0.70220584;-0.0;1.0;0.60777307;3.0145166E-8;46.199577
0.021;0.045;15;1;0;0.70220584;-0.0;1.0;0.60777307;3.0145166E-8;46.199577
0.022;0.045;15;1;0;0.70220584;-0.0;1.0;0.60777307;3.0145166E-8;46.199577
0.023;0.045;15;1;0;0.70220584;-0.0;1.0;0.60777307;3.0145166E-8;46.199577
0.024;0.045;15;1;0;0.70220584;-0.0;1.0;0.60777307;3.0145166E-8;46.199577
0.025;0.045;15;1;0;0.70220584;-0.0;1.0;0.60777307;3.0145166E-8;46.199577
0.026;0.045;15;1;0;0.70220584;-0.0;1.0;0.60777307;3.0145166E-8;46.199577
0.027;0.045;15;1;0;0.70220584;-0.0;1.0;0.60777307;3.0145166E-8;46.199577
0.028;0.045;15;1;0;0.70220584;-0.0;1.0;0.60777307;3.0145166E-8;46.199577
0.029;0.045;15;1;0;0.70220584;-0.0;1.0;0.60777307;3.0145166E-8;46.199577
0.03;0.045;15;1;0;0.70220584;-0.0;1.0;0.60777307;3.0145166E-8;46.199577
0.001;0.046;15;1;0;0.70220584;-0.0;1.0;0.60777307;3.0145166E-8;46.199577
0.002;0.046;15;1;0;0.70220584;-0.0;1.0;0.60777307;3.0145166E-8;46.199577
0.003;0.046;15;1;0;0.70220584;-0.0;1.0;0.60777307;3.0145166E-8;46.199577
0.004;0.046;15;1;0;0.70220584;-0.0;1.0;0.60777307;3.0145166E-8;46.199577
0.005;0.046;15;1;0;0.70220584;-0.0;1.0;0.60777307;3.0145166E-8;46.199577
0.006;0.046;15;1;0;0.70220584;-0.0;1.0;0.60777307;3.0145166E-8;46.199577
0.007;0.046;15;1;0;0.70220584;-0.0;1.0;0.60777307;3.0145166E-8;46.199577
0.008;0.046;15;1;0;0.70220584;-0.0;1.0;0.60777307;3.0145166E-8;46.199577
0.009;0.046;15;1;0;0.70220584;-0.0;1.0;0.60777307;3.0145166E-8;46.199577
0.01;0.046;15;1;0;0.70220584;-0.0;1.0;0.60777307;3.0145166E-8;46.199577
0.011;0.046;15;1;0;0.70220584;-0.0;1.0;0.60777307;3.0145166E-8;46.199577
0.012;0.046;15;1;0;0.70220584;-0.0;1.0;0.60777307;3.0145166E-8;46.199577
0.013;0.046;15;1;0;0.70220584;-0.0;1.0;0.60777307;3.0145166E-8;46.199577
0.014;0.046;15;1;0;0.70220584;-0.0;1.0;0.60777307;3.0145166E-8;46.199577
0.015;0.046;15;1;0;0.70220584;-0.0;1.0;0.60777307;3.0145166E-8;46.199577
0.016;0.046;15;1;0;0.70220584;-0.0;1.0;0.60777307;3.0145166E-8;46.199577
0.017;0.046;15;1;0;0.70220584;-0.0;1.0;0.60777307;3.0145166E-8;46.199577
0.018;0.046;15;1;0;0.70220584;-0.0;1.0;0.60777307;3.0145166E-8;46.199577
0.019;0.046;15;1;0;0.70220584;-0.0;1.0;0.60777307;3.0145166E-8;46.199577
0.02;0.046;15;1;0;0.70220584;-0.0;1.0;0.60777307;3.0145166E-8;46.199577
0.021;0.046;15;1;0;0.70220584;-0.0;1.0;0.60777307;3.0145166E-8;46.199577
0.022;0.046;15;1;0;0.70220584;-0.0;1.0;0.60777307;3.0145166E-8;46.199577
0.023;0.046;15;1;0;0.70220584;-0.0;1.0;0.60777307;3.0145166E-8;46.199577
0.024;0.046;15;1;0;0.70220584;-0.0;1.0;0.60777307;3.0145166E-8;46.199577
0.025;0.046;15;1;0;0.70220584;-0.0;1.0;0.60777307;3.0145166E-8;46.199577
0.026;0.046;15;1;0;0.70220584;-0.0;1.0;0.60777307;3.0145166E-8;46.199577
0.027;0.046;15;1;0;0.70220584;-0.0;1.0;0.60777307;3.0145166E-8;46.199577
0.028;0.046;15;1;0;0.70220584;-0.0;1.0;0.60777307;3.0145166E-8;46.199577
0.029;0.046;15;1;0;0.70220584;-0.0;1.0;0.60777307;3.0145166E-8;46.199577
0.03;0.046;15;1;0;0.70220584;-0.0;1.0;0.60777307;3.0145166E-8;46.199577
0.001;0.047;15;1;0;0.70220584;-0.0;1.0;0.60777307;3.0145166E-8;46.199577
0.002;0.047;15;1;0;0.70220584;-0.0;1.0;0.60777307;3.0145166E-8;46.199577
0.003;0.047;15;1;0;0.70220584;-0.0;1.0;0.60777307;3.0145166E-8;46.199577
0.004;0.047;15;1;0;0.70220584;-0.0;1.0;0.60777307;3.0145166E-8;46.199577
0.005;0.047;15;1;0;0.70220584;-0.0;1.0;0.60777307;3.0145166E-8;46.199577
0.006;0.047;15;1;0;0.70220584;-0.0;1.0;0.60777307;3.0145166E-8;46.199577
0.007;0.047;15;1;0;0.70220584;-0.0;1.0;0.60777307;3.0145166E-8;46.199577
0.008;0.047;15;1;0;0.70220584;-0.0;1.0;0.60777307;3.0145166E-8;46.199577
0.009;0.047;15;1;0;0.70220584;-0.0;1.0;0.60777307;3.0145166E-8;46.199577
0.01;0.047;15;1;0;0.70220584;-0.0;1.0;0.60777307;3.0145166E-8;46.199577
0.011;0.047;15;1;0;0.70220584;-0.0;1.0;0.60777307;3.0145166E-8;46.199577
0.012;0.047;15;1;0;0.70220584;-0.0;1.0;0.60777307;3.0145166E-8;46.199577
0.013;0.047;15;1;0;0.70220584;-0.0;1.0;0.60777307;3.0145166E-8;46.199577
0.014;0.047;15;1;0;0.70220584;-0.0;1.0;0.60777307;3.0145166E-8;46.199577
0.015;0.047;15;1;0;0.70220584;-0.0;1.0;0.60777307;3.0145166E-8;46.199577
0.016;0.047;15;1;0;0.70220584;-0.0;1.0;0.60777307;3.0145166E-8;46.199577
0.017;0.047;15;1;0;0.70220584;-0.0;1.0;0.60777307;3.0145166E-8;46.199577
0.018;0.047;15;1;0;0.70220584;-0.0;1.0;0.60777307;3.0145166E-8;46.199577
0.019;0.047;15;1;0;0.70220584;-0.0;1.0;0.60777307;3.0145166E-8;46.199577
0.02;0.047;15;1;0;0.70220584;-0.0;1.0;0.60777307;3.0145166E-8;46.199577
0.021;0.047;15;1;0;0.70220584;-0.0;1.0;0.60777307;3.0145166E-8;46.199577
0.022;0.047;15;1;0;0.70220584;-0.0;1.0;0.60777307;3.0145166E-8;46.199577
0.023;0.047;15;1;0;0.70220584;-0.0;1.0;0.60777307;3.0145166E-8;46.199577
0.024;0.047;15;1;0;0.70220584;-0.0;1.0;0.60777307;3.0145166E-8;46.199577
0.025;0.047;15;1;0;0.70220584;-0.0;1.0;0.60777307;3.0145166E-8;46.199577
0.026;0.047;15;1;0;0.70220584;-0.0;1.0;0.60777307;3.0145166E-8;46.199577
0.027;0.047;15;1;0;0.70220584;-0.0;1.0;0.60777307;3.0145166E-8;46.199577
0.028;0.047;15;1;0;0.70220584;-0.0;1.0;0.60777307;3.0145166E-8;46.199577
0.029;0.047;15;1;0;0.70220584;-0.0;1.0;0.60777307;3.0145166E-8;46.199577
0.03;0.047;15;1;0;0.70220584;-0.0;1.0;0.60777307;3.0145166E-8;46.199577
0.001;0.048;15;1;0;0.70220584;-0.0;1.0;0.60777307;3.0145166E-8;46.199577
0.002;0.048;15;1;0;0.70220584;-0.0;1.0;0.60777307;3.0145166E-8;46.199577
0.003;0.048;15;1;0;0.70220584;-0.0;1.0;0.60777307;3.0145166E-8;46.199577
0.004;0.048;15;1;0;0.70220584;-0.0;1.0;0.60777307;3.0145166E-8;46.199577
0.005;0.048;15;1;0;0.70220584;-0.0;1.0;0.60777307;3.0145166E-8;46.199577
0.006;0.048;15;1;0;0.70220584;-0.0;1.0;0.60777307;3.0145166E-8;46.199577
0.007;0.048;15;1;0;0.70220584;-0.0;1.0;0.60777307;3.0145166E-8;46.199577
0.008;0.048;15;1;0;0.70220584;-0.0;1.0;0.60777307;3.0145166E-8;46.199577
0.009;0.048;15;1;0;0.70220584;-0.0;1.0;0.60777307;3.0145166E-8;46.199577
0.01;0.048;15;1;0;0.70220584;-0.0;1.0;0.60777307;3.0145166E-8;46.199577
0.011;0.048;15;1;0;0.70220584;-0.0;1.0;0.60777307;3.0145166E-8;46.199577
0.012;0.048;15;1;0;0.70220584;-0.0;1.0;0.60777307;3.0145166E-8;46.199577
0.013;0.048;15;1;0;0.70220584;-0.0;1.0;0.60777307;3.0145166E-8;46.199577
0.014;0.048;15;1;0;0.70220584;-0.0;1.0;0.60777307;3.0145166E-8;46.199577
0.015;0.048;15;1;0;0.70220584;-0.0;1.0;0.60777307;3.0145166E-8;46.199577
0.016;0.048;15;1;0;0.70220584;-0.0;1.0;0.60777307;3.0145166E-8;46.199577
0.017;0.048;15;1;0;0.70220584;-0.0;1.0;0.60777307;3.0145166E-8;46.199577
0.018;0.048;15;1;0;0.70220584;-0.0;1.0;0.60777307;3.0145166E-8;46.199577
0.019;0.048;15;1;0;0.70220584;-0.0;1.0;0.60777307;3.0145166E-8;46.199577
0.02;0.048;15;1;0;0.70220584;-0.0;1.0;0.60777307;3.0145166E-8;46.199577
0.021;0.048;15;1;0;0.70220584;-0.0;1.0;0.60777307;3.0145166E-8;46.199577
0.022;0.048;15;1;0;0.70220584;-0.0;1.0;0.60777307;3.0145166E-8;46.199577
0.023;0.048;15;1;0;0.70220584;-0.0;1.0;0.60777307;3.0145166E-8;46.199577
0.024;0.048;15;1;0;0.70220584;-0.0;1.0;0.60777307;3.0145166E-8;46.199577
0.025;0.048;15;1;0;0.70220584;-0.0;1.0;0.60777307;3.0145166E-8;46.199577
0.026;0.048;15;1;0;0.70220584;-0.0;1.0;0.60777307;3.0145166E-8;46.199577
0.027;0.048;15;1;0;0.70220584;-0.0;1.0;0.60777307;3.0145166E-8;46.199577
0.028;0.048;15;1;0;0.70220584;-0.0;1.0;0.60777307;3.0145166E-8;46.199577
0.029;0.048;15;1;0;0.70220584;-0.0;1.0;0.60777307;3.0145166E-8;46.199577
0.03;0.048;15;1;0;0.70220584;-0.0;1.0;0.60777307;3.0145166E-8;46.199577
0.001;0.049;15;1;0;0.70220584;-0.0;1.0;0.60777307;3.0145166E-8;46.199577
0.002;0.049;15;1;0;0.70220584;-0.0;1.0;0.60777307;3.0145166E-8;46.199577
0.003;0.049;15;1;0;0.70220584;-0.0;1.0;0.60777307;3.0145166E-8;46.199577
0.004;0.049;15;1;0;0.70220584;-0.0;1.0;0.60777307;3.0145166E-8;46.199577
0.005;0.049;15;1;0;0.70220584;-0.0;1.0;0.60777307;3.0145166E-8;46.199577
0.006;0.049;15;1;0;0.70220584;-0.0;1.0;0.60777307;3.0145166E-8;46.199577
0.007;0.049;15;1;0;0.70220584;-0.0;1.0;0.60777307;3.0145166E-8;46.199577
0.008;0.049;15;1;0;0.70220584;-0.0;1.0;0.60777307;3.0145166E-8;46.199577
0.009;0.049;15;1;0;0.70220584;-0.0;1.0;0.60777307;3.0145166E-8;46.199577
0.01;0.049;15;1;0;0.70220584;-0.0;1.0;0.60777307;3.0145166E-8;46.199577
0.011;0.049;15;1;0;0.70220584;-0.0;1.0;0.60777307;3.0145166E-8;46.199577
0.012;0.049;15;1;0;0.70220584;-0.0;1.0;0.60777307;3.0145166E-8;46.199577
0.013;0.049;15;1;0;0.70220584;-0.0;1.0;0.60777307;3.0145166E-8;46.199577
0.014;0.049;15;1;0;0.70220584;-0.0;1.0;0.60777307;3.0145166E-8;46.199577
0.015;0.049;15;1;0;0.70220584;-0.0;1.0;0.60777307;3.0145166E-8;46.199577
0.016;0.049;15;1;0;0.70220584;-0.0;1.0;0.60777307;3.0145166E-8;46.199577
0.017;0.049;15;1;0;0.70220584;-0.0;1.0;0.60777307;3.0145166E-8;46.199577
0.018;0.049;15;1;0;0.70220584;-0.0;1.0;0.60777307;3.0145166E-8;46.199577
0.019;0.049;15;1;0;0.70220584;-0.0;1.0;0.60777307;3.0145166E-8;46.199577
0.02;0.049;15;1;0;0.70220584;-0.0;1.0;0.60777307;3.0145166E-8;46.199577
0.021;0.049;15;1;0;0.70220584;-0.0;1.0;0.60777307;3.0145166E-8;46.199577
0.022;0.049;15;1;0;0.70220584;-0.0;1.0;0.60777307;3.0145166E-8;46.199577
0.023;0.049;15;1;0;0.70220584;-0.0;1.0;0.60777307;3.0145166E-8;46.199577
0.024;0.049;15;1;0;0.70220584;-0.0;1.0;0.60777307;3.0145166E-8;46.199577
0.025;0.049;15;1;0;0.70220584;-0.0;1.0;0.60777307;3.0145166E-8;46.199577
0.026;0.049;15;1;0;0.70220584;-0.0;1.0;0.60777307;3.0145166E-8;46.199577
0.027;0.049;15;1;0;0.70220584;-0.0;1.0;0.60777307;3.0145166E-8;46.199577
0.028;0.049;15;1;0;0.70220584;-0.0;1.0;0.60777307;3.0145166E-8;46.199577
0.029;0.049;15;1;0;0.70220584;-0.0;1.0;0.60777307;3.0145166E-8;46.199577
0.03;0.049;15;1;0;0.70220584;-0.0;1.0;0.60777307;3.0145166E-8;46.199577
