#	ImageName	Similar Node	Distance	Near Node	Distance	Transitions	Evaluation
1	IDOL_MINNIE_Ni3_1.txt	0	0,00331	0	0,33889	0	0
2	IDOL_MINNIE_Ni3_2.txt	0	0,00366	0	0,33889	0	0
3	IDOL_MINNIE_Ni3_3.txt	1	0,00589	0	0,33889	1	0,33889
4	IDOL_MINNIE_Ni3_4.txt	0	0,00335	0	0,46642	0	0
5	IDOL_MINNIE_Ni3_5.txt	0	0,00557	0	0,6562	0	0
6	IDOL_MINNIE_Ni3_6.txt	0	0,00559	0	0,76959	0	0
7	IDOL_MINNIE_Ni3_7.txt	1	0,00616	0	0,87306	1	0,87306
8	IDOL_MINNIE_Ni3_8.txt	1	0,00478	0	0,97941	1	0,97941
9	IDOL_MINNIE_Ni3_9.txt	0	0,00493	0	1,0863	0	0
10	IDOL_MINNIE_Ni3_10.txt	0	0,00639	0	1,19171	0	0
11	IDOL_MINNIE_Ni3_11.txt	1	0,00562	0	1,29659	1	1,29659
12	IDOL_MINNIE_Ni3_12.txt	0	0,00555	1	1,26548	1	1,26548
13	IDOL_MINNIE_Ni3_13.txt	0	0,00562	1	1,15946	1	1,15946
14	IDOL_MINNIE_Ni3_14.txt	0	0,00583	1	1,05723	1	1,05723
15	IDOL_MINNIE_Ni3_15.txt	0	0,00544	1	0,95256	1	0,95256
16	IDOL_MINNIE_Ni3_16.txt	0	0,00462	1	0,84763	1	0,84763
17	IDOL_MINNIE_Ni3_17.txt	0	0,00594	1	0,75076	1	0,75076
18	IDOL_MINNIE_Ni3_18.txt	0	0,00746	1	0,6392	1	0,6392
19	IDOL_MINNIE_Ni3_19.txt	0	0,0063	1	0,6392	1	0,6392
20	IDOL_MINNIE_Ni3_20.txt	0	0,00629	1	0,5398	1	0,5398
21	IDOL_MINNIE_Ni3_21.txt	18	0,00441	1	0,42824	17	7,28003
22	IDOL_MINNIE_Ni3_22.txt	0	0,0045	1	0,35531	1	0,35531
23	IDOL_MINNIE_Ni3_23.txt	18	0,00314	1	0,26752	17	4,5478
24	IDOL_MINNIE_Ni3_24.txt	0	0,00412	1	0,21785	1	0,21785
25	IDOL_MINNIE_Ni3_25.txt	0	0,00409	1	0,22805	1	0,22805
26	IDOL_MINNIE_Ni3_26.txt	18	0,00485	1	0,27757	17	4,71871
27	IDOL_MINNIE_Ni3_27.txt	18	0,0035	1	0,3622	17	6,15742
28	IDOL_MINNIE_Ni3_28.txt	11	0,00573	1	0,46024	10	4,60238
29	IDOL_MINNIE_Ni3_29.txt	11	0,00665	1	0,55074	10	5,50735
30	IDOL_MINNIE_Ni3_30.txt	11	0,00537	1	0,65247	10	6,52469
31	IDOL_MINNIE_Ni3_31.txt	11	0,0062	1	0,75702	10	7,57024
32	IDOL_MINNIE_Ni3_32.txt	26	0,00442	1	0,85105	25	21,27636
33	IDOL_MINNIE_Ni3_33.txt	3	0,00354	1	0,93148	2	1,86297
34	IDOL_MINNIE_Ni3_34.txt	19	0,00591	1	1,01522	18	18,27402
35	IDOL_MINNIE_Ni3_35.txt	7	0,00506	1	1,01522	6	6,09134
36	IDOL_MINNIE_Ni3_36.txt	19	0,00552	1	1,07079	18	19,27429
37	IDOL_MINNIE_Ni3_37.txt	2	0,00557	1	1,1136	1	1,1136
38	IDOL_MINNIE_Ni3_38.txt	9	0,00533	1	1,13039	8	9,04312
39	IDOL_MINNIE_Ni3_39.txt	2	0,00321	1	1,14367	1	1,14367
40	IDOL_MINNIE_Ni3_40.txt	2	0,00477	1	1,15991	1	1,15991
41	IDOL_MINNIE_Ni3_41.txt	2	0,00693	1	1,19733	1	1,19733
42	IDOL_MINNIE_Ni3_42.txt	2	0,00405	1	1,22582	1	1,22582
43	IDOL_MINNIE_Ni3_43.txt	2	0,00576	1	1,26606	1	1,26606
44	IDOL_MINNIE_Ni3_44.txt	2	0,00523	2	1,24705	0	0
45	IDOL_MINNIE_Ni3_45.txt	2	0,00554	2	1,17762	0	0
46	IDOL_MINNIE_Ni3_46.txt	2	0,00476	2	1,12092	0	0
47	IDOL_MINNIE_Ni3_47.txt	2	0,00527	2	1,03896	0	0
48	IDOL_MINNIE_Ni3_48.txt	2	0,0053	2	0,97468	0	0
49	IDOL_MINNIE_Ni3_49.txt	2	0,00563	2	0,9198	0	0
50	IDOL_MINNIE_Ni3_50.txt	2	0,00985	2	0,85388	0	0
51	IDOL_MINNIE_Ni3_51.txt	2	0,00709	2	0,85388	0	0
52	IDOL_MINNIE_Ni3_52.txt	2	0,00709	2	0,80161	0	0
53	IDOL_MINNIE_Ni3_53.txt	23	0,00702	2	0,72319	21	15,1869
54	IDOL_MINNIE_Ni3_54.txt	2	0,00558	2	0,63741	0	0
55	IDOL_MINNIE_Ni3_55.txt	2	0,00681	2	0,55437	0	0
56	IDOL_MINNIE_Ni3_56.txt	2	0,00551	2	0,48953	0	0
57	IDOL_MINNIE_Ni3_57.txt	2	0,00377	2	0,43392	0	0
58	IDOL_MINNIE_Ni3_58.txt	2	0,0073	2	0,3976	0	0
59	IDOL_MINNIE_Ni3_59.txt	2	0,01126	2	0,36556	0	0
60	IDOL_MINNIE_Ni3_60.txt	2	0,00829	2	0,34682	0	0
61	IDOL_MINNIE_Ni3_61.txt	2	0,00633	2	0,33721	0	0
62	IDOL_MINNIE_Ni3_62.txt	2	0,00608	2	0,32752	0	0
63	IDOL_MINNIE_Ni3_63.txt	2	0,00417	2	0,30879	0	0
64	IDOL_MINNIE_Ni3_64.txt	2	0,0085	2	0,28338	0	0
65	IDOL_MINNIE_Ni3_65.txt	2	0,00864	2	0,23674	0	0
66	IDOL_MINNIE_Ni3_66.txt	2	0,01036	2	0,18462	0	0
67	IDOL_MINNIE_Ni3_67.txt	2	0,01457	2	0,18462	0	0
68	IDOL_MINNIE_Ni3_68.txt	2	0,01238	2	0,08085	0	0
69	IDOL_MINNIE_Ni3_69.txt	2	0,01306	2	0,00765	0	0
70	IDOL_MINNIE_Ni3_70.txt	2	0,01367	2	0,10704	0	0
71	IDOL_MINNIE_Ni3_71.txt	2	0,0175	2	0,22635	0	0
72	IDOL_MINNIE_Ni3_72.txt	2	0,01103	2	0,3405	0	0
73	IDOL_MINNIE_Ni3_73.txt	2	0,00992	2	0,44129	0	0
74	IDOL_MINNIE_Ni3_74.txt	2	0,00505	2	0,57885	0	0
75	IDOL_MINNIE_Ni3_75.txt	2	0,01066	2	0,68957	0	0
76	IDOL_MINNIE_Ni3_76.txt	2	0,0055	2	0,79046	0	0
77	IDOL_MINNIE_Ni3_77.txt	2	0,01157	2	0,89503	0	0
78	IDOL_MINNIE_Ni3_78.txt	2	0,01078	2	0,99837	0	0
79	IDOL_MINNIE_Ni3_79.txt	2	0,0075	2	1,10362	0	0
80	IDOL_MINNIE_Ni3_80.txt	2	0,00835	2	1,20325	0	0
81	IDOL_MINNIE_Ni3_81.txt	2	0,00381	2	1,3145	0	0
82	IDOL_MINNIE_Ni3_82.txt	2	0,00552	2	1,36723	0	0
83	IDOL_MINNIE_Ni3_83.txt	2	0,0048	2	1,36723	0	0
84	IDOL_MINNIE_Ni3_84.txt	2	0,00386	2	1,4682	0	0
85	IDOL_MINNIE_Ni3_85.txt	2	0,00425	2	1,57743	0	0
86	IDOL_MINNIE_Ni3_86.txt	2	0,00584	0	1,55356	2	3,10712
87	IDOL_MINNIE_Ni3_87.txt	2	0,00366	0	1,4899	2	2,9798
88	IDOL_MINNIE_Ni3_88.txt	2	0,00354	0	1,42605	2	2,8521
89	IDOL_MINNIE_Ni3_89.txt	2	0,00689	0	1,36369	2	2,72739
90	IDOL_MINNIE_Ni3_90.txt	2	0,00649	0	1,29956	2	2,59912
91	IDOL_MINNIE_Ni3_91.txt	2	0,00502	0	1,22619	2	2,45239
92	IDOL_MINNIE_Ni3_92.txt	26	0,0042	0	1,15667	26	30,07338
93	IDOL_MINNIE_Ni3_93.txt	3	0,00573	0	1,08228	3	3,24683
94	IDOL_MINNIE_Ni3_94.txt	25	0,00374	0	1,00201	25	25,05014
95	IDOL_MINNIE_Ni3_95.txt	18	0,00255	0	0,92922	18	16,72591
96	IDOL_MINNIE_Ni3_96.txt	3	0,00556	0	0,84756	3	2,54267
97	IDOL_MINNIE_Ni3_97.txt	3	0,00638	0	0,76617	3	2,29852
98	IDOL_MINNIE_Ni3_98.txt	25	0,00541	0	0,693	25	17,32488
99	IDOL_MINNIE_Ni3_99.txt	25	0,00342	0	0,693	25	17,32488
100	IDOL_MINNIE_Ni3_100.txt	25	0,00597	0	0,58208	25	14,55191
101	IDOL_MINNIE_Ni3_101.txt	25	0,00759	0	0,53354	25	13,33851
102	IDOL_MINNIE_Ni3_102.txt	3	0,00662	0	0,5229	3	1,56869
103	IDOL_MINNIE_Ni3_103.txt	19	0,00626	0	0,54253	19	10,30807
104	IDOL_MINNIE_Ni3_104.txt	19	0,00748	3	0,42516	16	6,80252
105	IDOL_MINNIE_Ni3_105.txt	19	0,00628	3	0,31859	16	5,0975
106	IDOL_MINNIE_Ni3_106.txt	19	0,00788	3	0,22325	16	3,57193
107	IDOL_MINNIE_Ni3_107.txt	19	0,00463	3	0,11651	16	1,86409
108	IDOL_MINNIE_Ni3_108.txt	3	0,00429	3	0,05725	0	0
109	IDOL_MINNIE_Ni3_109.txt	9	0,00532	3	0,15041	6	0,90249
110	IDOL_MINNIE_Ni3_110.txt	9	0,00529	3	0,25706	6	1,54238
111	IDOL_MINNIE_Ni3_111.txt	3	0,0048	3	0,35853	0	0
112	IDOL_MINNIE_Ni3_112.txt	3	0,00538	3	0,47733	0	0
113	IDOL_MINNIE_Ni3_113.txt	3	0,00457	3	0,57148	0	0
114	IDOL_MINNIE_Ni3_114.txt	3	0,00434	3	0,66605	0	0
115	IDOL_MINNIE_Ni3_115.txt	18	0,00295	3	0,66605	15	9,99074
116	IDOL_MINNIE_Ni3_116.txt	3	0,00442	3	0,76989	0	0
117	IDOL_MINNIE_Ni3_117.txt	9	0,0041	3	0,87256	6	5,23539
118	IDOL_MINNIE_Ni3_118.txt	20	0,00425	3	0,97591	17	16,59053
119	IDOL_MINNIE_Ni3_119.txt	12	0,00313	3	1,07702	9	9,69319
120	IDOL_MINNIE_Ni3_120.txt	10	0,00377	3	1,18197	7	8,27378
121	IDOL_MINNIE_Ni3_121.txt	10	0,00375	27	1,20988	17	20,56802
122	IDOL_MINNIE_Ni3_122.txt	10	0,00272	27	1,11163	17	18,89775
123	IDOL_MINNIE_Ni3_123.txt	10	0,00283	27	0,99271	17	16,87604
124	IDOL_MINNIE_Ni3_124.txt	10	0,00251	27	0,84173	17	14,30941
125	IDOL_MINNIE_Ni3_125.txt	12	0,00469	27	0,74628	15	11,19423
126	IDOL_MINNIE_Ni3_126.txt	12	0,00534	27	0,64663	15	9,6995
127	IDOL_MINNIE_Ni3_127.txt	12	0,00187	27	0,54406	15	8,16087
128	IDOL_MINNIE_Ni3_128.txt	12	0,0025	27	0,4591	15	6,88652
129	IDOL_MINNIE_Ni3_129.txt	12	0,0023	27	0,38854	15	5,82815
130	IDOL_MINNIE_Ni3_130.txt	4	0,00382	27	0,33589	23	7,72555
131	IDOL_MINNIE_Ni3_131.txt	12	0,00259	27	0,33589	15	5,0384
132	IDOL_MINNIE_Ni3_132.txt	4	0,00378	27	0,31361	23	7,21306
133	IDOL_MINNIE_Ni3_133.txt	12	0,00387	27	0,32734	15	4,91008
134	IDOL_MINNIE_Ni3_134.txt	4	0,00565	27	0,36952	23	8,49889
135	IDOL_MINNIE_Ni3_135.txt	4	0,0032	27	0,4346	23	9,99573
136	IDOL_MINNIE_Ni3_136.txt	11	0,00575	27	0,5137	16	8,21927
137	IDOL_MINNIE_Ni3_137.txt	11	0,00545	27	0,59803	16	9,56848
138	IDOL_MINNIE_Ni3_138.txt	11	0,00563	27	0,69711	16	11,15374
139	IDOL_MINNIE_Ni3_139.txt	4	0,00478	27	0,79079	23	18,18822
140	IDOL_MINNIE_Ni3_140.txt	4	0,00331	27	0,88145	23	20,27332
141	IDOL_MINNIE_Ni3_141.txt	11	0,00506	27	0,983	16	15,72795
142	IDOL_MINNIE_Ni3_142.txt	20	0,00547	27	1,08551	7	7,59857
143	IDOL_MINNIE_Ni3_143.txt	11	0,00575	4	1,18444	7	8,29106
144	IDOL_MINNIE_Ni3_144.txt	3	0,00616	4	1,07649	1	1,07649
145	IDOL_MINNIE_Ni3_145.txt	18	0,00582	4	0,97858	14	13,70007
146	IDOL_MINNIE_Ni3_146.txt	11	0,00634	4	0,87755	7	6,14284
147	IDOL_MINNIE_Ni3_147.txt	0	0,00559	4	0,87755	4	3,51019
148	IDOL_MINNIE_Ni3_148.txt	0	0,00505	4	0,76379	4	3,05515
149	IDOL_MINNIE_Ni3_149.txt	27	0,00384	4	0,64572	23	14,85166
150	IDOL_MINNIE_Ni3_150.txt	21	0,00383	4	0,53837	17	9,15232
151	IDOL_MINNIE_Ni3_151.txt	4	0,0025	4	0,4328	0	0
152	IDOL_MINNIE_Ni3_152.txt	12	0,00371	4	0,32615	8	2,60923
153	IDOL_MINNIE_Ni3_153.txt	4	0,00396	4	0,22438	0	0
154	IDOL_MINNIE_Ni3_154.txt	20	0,00558	4	0,12414	16	1,98625
155	IDOL_MINNIE_Ni3_155.txt	4	0,00286	4	0,08368	0	0
156	IDOL_MINNIE_Ni3_156.txt	4	0,0026	4	0,14082	0	0
157	IDOL_MINNIE_Ni3_157.txt	4	0,00385	4	0,24127	0	0
158	IDOL_MINNIE_Ni3_158.txt	4	0,00322	4	0,35032	0	0
159	IDOL_MINNIE_Ni3_159.txt	4	0,00518	4	0,45109	0	0
160	IDOL_MINNIE_Ni3_160.txt	4	0,0038	4	0,55694	0	0
161	IDOL_MINNIE_Ni3_161.txt	20	0,00516	4	0,66071	16	10,57139
162	IDOL_MINNIE_Ni3_162.txt	21	0,00417	4	0,76628	17	13,02679
163	IDOL_MINNIE_Ni3_163.txt	21	0,00495	4	0,76628	17	13,02679
164	IDOL_MINNIE_Ni3_164.txt	21	0,00464	4	0,87181	17	14,82071
165	IDOL_MINNIE_Ni3_165.txt	4	0,00442	4	0,97736	0	0
166	IDOL_MINNIE_Ni3_166.txt	20	0,0056	4	1,08048	16	17,28766
167	IDOL_MINNIE_Ni3_167.txt	20	0,00551	4	1,19475	16	19,11604
168	IDOL_MINNIE_Ni3_168.txt	20	0,00482	26	1,29309	6	7,75853
169	IDOL_MINNIE_Ni3_169.txt	4	0,00405	26	1,39148	22	30,61259
170	IDOL_MINNIE_Ni3_170.txt	20	0,00594	26	1,48941	6	8,93643
171	IDOL_MINNIE_Ni3_171.txt	20	0,00704	26	1,60425	6	9,62551
172	IDOL_MINNIE_Ni3_172.txt	11	0,00492	26	1,70654	15	25,59814
173	IDOL_MINNIE_Ni3_173.txt	4	0,00385	9	1,64388	5	8,2194
174	IDOL_MINNIE_Ni3_174.txt	4	0,00518	9	1,54631	5	7,73153
175	IDOL_MINNIE_Ni3_175.txt	4	0,00432	9	1,45735	5	7,28674
176	IDOL_MINNIE_Ni3_176.txt	27	0,0056	9	1,37301	18	24,71422
177	IDOL_MINNIE_Ni3_177.txt	20	0,00633	9	1,28571	11	14,14285
178	IDOL_MINNIE_Ni3_178.txt	27	0,00533	9	1,20593	18	21,70672
179	IDOL_MINNIE_Ni3_179.txt	4	0,00463	9	1,20593	5	6,02964
180	IDOL_MINNIE_Ni3_180.txt	4	0,00832	9	1,12457	5	5,62286
181	IDOL_MINNIE_Ni3_181.txt	4	0,00458	9	1,05083	5	5,25413
182	IDOL_MINNIE_Ni3_182.txt	12	0,00272	9	0,97979	3	2,93937
183	IDOL_MINNIE_Ni3_183.txt	4	0,00311	9	0,91876	5	4,5938
184	IDOL_MINNIE_Ni3_184.txt	20	0,00521	9	0,8479	11	9,32688
185	IDOL_MINNIE_Ni3_185.txt	3	0,00416	9	0,76993	6	4,61957
186	IDOL_MINNIE_Ni3_186.txt	3	0,00431	9	0,69152	6	4,14909
187	IDOL_MINNIE_Ni3_187.txt	3	0,00515	9	0,6132	6	3,67923
188	IDOL_MINNIE_Ni3_188.txt	9	0,00585	9	0,54553	0	0
189	IDOL_MINNIE_Ni3_189.txt	9	0,00627	9	0,47449	0	0
190	IDOL_MINNIE_Ni3_190.txt	19	0,00809	9	0,4234	10	4,23405
191	IDOL_MINNIE_Ni3_191.txt	9	0,00691	9	0,38369	0	0
192	IDOL_MINNIE_Ni3_192.txt	3	0,00442	9	0,3232	6	1,93918
193	IDOL_MINNIE_Ni3_193.txt	9	0,00466	9	0,28828	0	0
194	IDOL_MINNIE_Ni3_194.txt	9	0,00536	9	0,26297	0	0
195	IDOL_MINNIE_Ni3_195.txt	8	0,00431	9	0,26297	1	0,26297
196	IDOL_MINNIE_Ni3_196.txt	8	0,00389	9	0,26504	1	0,26504
197	IDOL_MINNIE_Ni3_197.txt	8	0,00446	9	0,29959	1	0,29959
198	IDOL_MINNIE_Ni3_198.txt	5	0,00474	9	0,33702	4	1,34807
199	IDOL_MINNIE_Ni3_199.txt	5	0,00235	9	0,3768	4	1,50721
200	IDOL_MINNIE_Ni3_200.txt	14	0,00504	9	0,40291	5	2,01455
201	IDOL_MINNIE_Ni3_201.txt	8	0,00673	9	0,43376	1	0,43376
202	IDOL_MINNIE_Ni3_202.txt	23	0,00873	9	0,45482	14	6,36747
203	IDOL_MINNIE_Ni3_203.txt	23	0,00837	9	0,4678	14	6,54914
204	IDOL_MINNIE_Ni3_204.txt	14	0,00761	9	0,49307	5	2,46533
205	IDOL_MINNIE_Ni3_205.txt	14	0,00781	9	0,50619	5	2,53097
206	IDOL_MINNIE_Ni3_206.txt	14	0,00365	5	0,48694	9	4,38244
207	IDOL_MINNIE_Ni3_207.txt	5	0,00646	5	0,46531	0	0
208	IDOL_MINNIE_Ni3_208.txt	5	0,00836	5	0,4532	0	0
209	IDOL_MINNIE_Ni3_209.txt	5	0,00746	5	0,45428	0	0
210	IDOL_MINNIE_Ni3_210.txt	5	0,00881	5	0,45238	0	0
211	IDOL_MINNIE_Ni3_211.txt	5	0,00488	5	0,45238	0	0
212	IDOL_MINNIE_Ni3_212.txt	14	0,0059	5	0,44804	9	4,03232
213	IDOL_MINNIE_Ni3_213.txt	16	0,00313	5	0,43372	11	4,77091
214	IDOL_MINNIE_Ni3_214.txt	14	0,00388	5	0,42886	9	3,85971
215	IDOL_MINNIE_Ni3_215.txt	23	0,00367	5	0,42207	18	7,59728
216	IDOL_MINNIE_Ni3_216.txt	23	0,00378	5	0,44721	18	8,04984
217	IDOL_MINNIE_Ni3_217.txt	23	0,00416	5	0,4647	18	8,36464
218	IDOL_MINNIE_Ni3_218.txt	23	0,00379	5	0,47265	18	8,50775
219	IDOL_MINNIE_Ni3_219.txt	8	0,00453	5	0,49549	3	1,48647
220	IDOL_MINNIE_Ni3_220.txt	14	0,00329	5	0,49294	9	4,43645
221	IDOL_MINNIE_Ni3_221.txt	5	0,00504	5	0,51151	0	0
222	IDOL_MINNIE_Ni3_222.txt	5	0,00476	5	0,5383	0	0
223	IDOL_MINNIE_Ni3_223.txt	5	0,00465	5	0,55157	0	0
224	IDOL_MINNIE_Ni3_224.txt	5	0,00421	5	0,58467	0	0
225	IDOL_MINNIE_Ni3_225.txt	14	0,00669	5	0,62617	9	5,63552
226	IDOL_MINNIE_Ni3_226.txt	2	0,00426	5	0,68946	3	2,06838
227	IDOL_MINNIE_Ni3_227.txt	2	0,00445	5	0,68946	3	2,06838
228	IDOL_MINNIE_Ni3_228.txt	22	0,00481	5	0,74259	17	12,62404
229	IDOL_MINNIE_Ni3_229.txt	8	0,00476	5	0,79975	3	2,39926
230	IDOL_MINNIE_Ni3_230.txt	8	0,00542	5	0,85949	3	2,57846
231	IDOL_MINNIE_Ni3_231.txt	8	0,00669	5	0,92635	3	2,77905
232	IDOL_MINNIE_Ni3_232.txt	8	0,00683	5	0,9796	3	2,93881
233	IDOL_MINNIE_Ni3_233.txt	8	0,00623	5	1,01128	3	3,03385
234	IDOL_MINNIE_Ni3_234.txt	8	0,00859	5	1,0381	3	3,11429
235	IDOL_MINNIE_Ni3_235.txt	8	0,00762	5	1,05811	3	3,17434
236	IDOL_MINNIE_Ni3_236.txt	8	0,00744	5	1,07163	3	3,2149
237	IDOL_MINNIE_Ni3_237.txt	9	0,00974	5	1,08168	4	4,32671
238	IDOL_MINNIE_Ni3_238.txt	9	0,00829	5	1,09244	4	4,36976
239	IDOL_MINNIE_Ni3_239.txt	9	0,00811	5	1,11775	4	4,471
240	IDOL_MINNIE_Ni3_240.txt	9	0,00829	5	1,13057	4	4,52228
241	IDOL_MINNIE_Ni3_241.txt	8	0,00704	5	1,14273	3	3,42818
242	IDOL_MINNIE_Ni3_242.txt	9	0,00631	5	1,15153	4	4,60612
243	IDOL_MINNIE_Ni3_243.txt	9	0,0061	5	1,15153	4	4,60612
244	IDOL_MINNIE_Ni3_244.txt	9	0,00473	5	1,16018	4	4,64072
245	IDOL_MINNIE_Ni3_245.txt	9	0,00515	5	1,16436	4	4,65746
246	IDOL_MINNIE_Ni3_246.txt	19	0,0059	5	1,16935	14	16,37095
247	IDOL_MINNIE_Ni3_247.txt	9	0,00502	5	1,17171	4	4,68684
248	IDOL_MINNIE_Ni3_248.txt	9	0,00503	5	1,16897	4	4,67587
249	IDOL_MINNIE_Ni3_249.txt	2	0,00395	5	1,16853	3	3,5056
250	IDOL_MINNIE_Ni3_250.txt	2	0,00491	5	1,17746	3	3,53237
251	IDOL_MINNIE_Ni3_251.txt	23	0,00314	6	1,14526	17	19,4695
252	IDOL_MINNIE_Ni3_252.txt	8	0,00516	6	1,10084	2	2,20168
253	IDOL_MINNIE_Ni3_253.txt	5	0,00242	6	1,04567	1	1,04567
254	IDOL_MINNIE_Ni3_254.txt	5	0,00664	6	0,96718	1	0,96718
255	IDOL_MINNIE_Ni3_255.txt	5	0,0049	6	0,89545	1	0,89545
256	IDOL_MINNIE_Ni3_256.txt	14	0,00639	6	0,82568	8	6,60546
257	IDOL_MINNIE_Ni3_257.txt	8	0,00756	6	0,69853	2	1,39707
258	IDOL_MINNIE_Ni3_258.txt	8	0,00634	6	0,69853	2	1,39707
259	IDOL_MINNIE_Ni3_259.txt	6	0,01447	6	0,58869	0	0
260	IDOL_MINNIE_Ni3_260.txt	6	0,01058	6	0,47266	0	0
261	IDOL_MINNIE_Ni3_261.txt	6	0,00607	6	0,3678	0	0
262	IDOL_MINNIE_Ni3_262.txt	6	0,0049	6	0,27237	0	0
263	IDOL_MINNIE_Ni3_263.txt	6	0,00658	6	0,16994	0	0
264	IDOL_MINNIE_Ni3_264.txt	6	0,00412	6	0,1142	0	0
265	IDOL_MINNIE_Ni3_265.txt	6	0,00475	6	0,15005	0	0
266	IDOL_MINNIE_Ni3_266.txt	24	0,0067	6	0,24039	18	4,32705
267	IDOL_MINNIE_Ni3_267.txt	2	0,00561	6	0,34336	4	1,37345
268	IDOL_MINNIE_Ni3_268.txt	6	0,00609	6	0,44077	0	0
269	IDOL_MINNIE_Ni3_269.txt	2	0,00624	8	0,42972	6	2,57831
270	IDOL_MINNIE_Ni3_270.txt	7	0,0061	8	0,31563	1	0,31563
271	IDOL_MINNIE_Ni3_271.txt	6	0,00492	8	0,21811	2	0,43622
272	IDOL_MINNIE_Ni3_272.txt	7	0,0047	8	0,11437	1	0,11437
273	IDOL_MINNIE_Ni3_273.txt	7	0,00636	8	0,04853	1	0,04853
274	IDOL_MINNIE_Ni3_274.txt	7	0,00471	8	0,04853	1	0,04853
275	IDOL_MINNIE_Ni3_275.txt	7	0,00546	8	0,12697	1	0,12697
276	IDOL_MINNIE_Ni3_276.txt	7	0,00494	8	0,23252	1	0,23252
277	IDOL_MINNIE_Ni3_277.txt	7	0,00666	8	0,33873	1	0,33873
278	IDOL_MINNIE_Ni3_278.txt	7	0,00605	8	0,44194	1	0,44194
279	IDOL_MINNIE_Ni3_279.txt	7	0,00713	8	0,54144	1	0,54144
280	IDOL_MINNIE_Ni3_280.txt	7	0,00779	8	0,62541	1	0,62541
281	IDOL_MINNIE_Ni3_281.txt	7	0,00689	7	0,66973	0	0
282	IDOL_MINNIE_Ni3_282.txt	7	0,0074	7	0,66697	0	0
283	IDOL_MINNIE_Ni3_283.txt	7	0,00778	7	0,66657	0	0
284	IDOL_MINNIE_Ni3_284.txt	7	0,00818	7	0,66546	0	0
285	IDOL_MINNIE_Ni3_285.txt	7	0,00727	7	0,67157	0	0
286	IDOL_MINNIE_Ni3_286.txt	7	0,00736	7	0,68653	0	0
287	IDOL_MINNIE_Ni3_287.txt	7	0,00779	7	0,70927	0	0
288	IDOL_MINNIE_Ni3_288.txt	7	0,00803	7	0,73161	0	0
289	IDOL_MINNIE_Ni3_289.txt	7	0,00774	7	0,74965	0	0
290	IDOL_MINNIE_Ni3_290.txt	7	0,00811	7	0,74965	0	0
291	IDOL_MINNIE_Ni3_291.txt	7	0,00695	7	0,76411	0	0
292	IDOL_MINNIE_Ni3_292.txt	7	0,0071	7	0,77504	0	0
293	IDOL_MINNIE_Ni3_293.txt	7	0,00723	7	0,77502	0	0
294	IDOL_MINNIE_Ni3_294.txt	7	0,00692	7	0,77028	0	0
295	IDOL_MINNIE_Ni3_295.txt	7	0,00619	7	0,76237	0	0
296	IDOL_MINNIE_Ni3_296.txt	7	0,00602	7	0,75064	0	0
297	IDOL_MINNIE_Ni3_297.txt	7	0,00616	7	0,73613	0	0
298	IDOL_MINNIE_Ni3_298.txt	7	0,0062	7	0,72084	0	0
299	IDOL_MINNIE_Ni3_299.txt	7	0,00473	7	0,70768	0	0
300	IDOL_MINNIE_Ni3_300.txt	7	0,00351	7	0,69152	0	0
301	IDOL_MINNIE_Ni3_301.txt	7	0,00406	7	0,67852	0	0
302	IDOL_MINNIE_Ni3_302.txt	6	0,00603	7	0,66337	1	0,66337
303	IDOL_MINNIE_Ni3_303.txt	6	0,00639	7	0,64747	1	0,64747
304	IDOL_MINNIE_Ni3_304.txt	6	0,0048	7	0,63276	1	0,63276
305	IDOL_MINNIE_Ni3_305.txt	6	0,00516	7	0,61854	1	0,61854
306	IDOL_MINNIE_Ni3_306.txt	8	0,0047	7	0,61854	1	0,61854
307	IDOL_MINNIE_Ni3_307.txt	8	0,00471	7	0,60468	1	0,60468
308	IDOL_MINNIE_Ni3_308.txt	8	0,00677	7	0,58848	1	0,58848
309	IDOL_MINNIE_Ni3_309.txt	8	0,00558	7	0,56207	1	0,56207
310	IDOL_MINNIE_Ni3_310.txt	8	0,00432	7	0,52725	1	0,52725
311	IDOL_MINNIE_Ni3_311.txt	8	0,00385	7	0,49084	1	0,49084
312	IDOL_MINNIE_Ni3_312.txt	5	0,00781	7	0,43222	2	0,86444
313	IDOL_MINNIE_Ni3_313.txt	5	0,00261	7	0,37375	2	0,7475
314	IDOL_MINNIE_Ni3_314.txt	14	0,00448	7	0,29576	7	2,07034
315	IDOL_MINNIE_Ni3_315.txt	6	0,00471	7	0,21599	1	0,21599
316	IDOL_MINNIE_Ni3_316.txt	6	0,00471	7	0,14577	1	0,14577
317	IDOL_MINNIE_Ni3_317.txt	6	0,00565	7	0,12654	1	0,12654
318	IDOL_MINNIE_Ni3_318.txt	6	0,00845	7	0,15278	1	0,15278
319	IDOL_MINNIE_Ni3_319.txt	16	0,00748	7	0,19937	9	1,79431
320	IDOL_MINNIE_Ni3_320.txt	16	0,00695	7	0,23962	9	2,15657
321	IDOL_MINNIE_Ni3_321.txt	16	0,0048	7	0,27556	9	2,48002
322	IDOL_MINNIE_Ni3_322.txt	23	0,00407	7	0,27556	16	4,40893
323	IDOL_MINNIE_Ni3_323.txt	23	0,00405	7	0,30178	16	4,82854
324	IDOL_MINNIE_Ni3_324.txt	7	0,00548	7	0,30927	0	0
325	IDOL_MINNIE_Ni3_325.txt	3	0,01199	7	0,31687	4	1,26748
326	IDOL_MINNIE_Ni3_326.txt	3	0,01792	7	0,31781	4	1,27124
327	IDOL_MINNIE_Ni3_327.txt	3	0,00971	7	0,32765	4	1,31058
328	IDOL_MINNIE_Ni3_328.txt	8	0,00726	7	0,3461	1	0,3461
329	IDOL_MINNIE_Ni3_329.txt	8	0,00553	7	0,38488	1	0,38488
330	IDOL_MINNIE_Ni3_330.txt	8	0,00446	7	0,43501	1	0,43501
331	IDOL_MINNIE_Ni3_331.txt	8	0,00376	7	0,49989	1	0,49989
332	IDOL_MINNIE_Ni3_332.txt	2	0,00458	8	0,45527	6	2,73162
333	IDOL_MINNIE_Ni3_333.txt	2	0,00695	8	0,36784	6	2,20702
334	IDOL_MINNIE_Ni3_334.txt	2	0,00661	8	0,28571	6	1,71428
335	IDOL_MINNIE_Ni3_335.txt	8	0,00423	8	0,24284	0	0
336	IDOL_MINNIE_Ni3_336.txt	2	0,00469	8	0,26523	6	1,59137
337	IDOL_MINNIE_Ni3_337.txt	2	0,00481	8	0,3244	6	1,94643
338	IDOL_MINNIE_Ni3_338.txt	8	0,00468	8	0,3244	0	0
339	IDOL_MINNIE_Ni3_339.txt	8	0,00694	8	0,40193	0	0
340	IDOL_MINNIE_Ni3_340.txt	3	0,0078	8	0,48784	5	2,43919
341	IDOL_MINNIE_Ni3_341.txt	7	0,00637	6	0,51527	1	0,51527
342	IDOL_MINNIE_Ni3_342.txt	7	0,0052	6	0,43064	1	0,43064
343	IDOL_MINNIE_Ni3_343.txt	8	0,00601	6	0,3677	2	0,7354
344	IDOL_MINNIE_Ni3_344.txt	7	0,00546	6	0,32553	1	0,32553
345	IDOL_MINNIE_Ni3_345.txt	7	0,00523	6	0,28601	1	0,28601
346	IDOL_MINNIE_Ni3_346.txt	7	0,00596	6	0,24596	1	0,24596
347	IDOL_MINNIE_Ni3_347.txt	8	0,00505	6	0,197	2	0,394
348	IDOL_MINNIE_Ni3_348.txt	8	0,00447	6	0,17396	2	0,34792
349	IDOL_MINNIE_Ni3_349.txt	8	0,00485	6	0,20349	2	0,40698
350	IDOL_MINNIE_Ni3_350.txt	8	0,0048	6	0,28138	2	0,56275
351	IDOL_MINNIE_Ni3_351.txt	8	0,00565	6	0,38094	2	0,76187
352	IDOL_MINNIE_Ni3_352.txt	9	0,00602	6	0,48908	3	1,46724
353	IDOL_MINNIE_Ni3_353.txt	9	0,00569	6	0,59838	3	1,79514
354	IDOL_MINNIE_Ni3_354.txt	9	0,01014	6	0,59838	3	1,79514
355	IDOL_MINNIE_Ni3_355.txt	9	0,00896	6	0,70475	3	2,11425
356	IDOL_MINNIE_Ni3_356.txt	3	0,02087	6	0,8215	3	2,46451
357	IDOL_MINNIE_Ni3_357.txt	3	0,0201	6	0,9093	3	2,72789
358	IDOL_MINNIE_Ni3_358.txt	3	0,02226	6	0,95665	3	2,86996
359	IDOL_MINNIE_Ni3_359.txt	3	0,02205	6	1,02176	3	3,06529
360	IDOL_MINNIE_Ni3_360.txt	3	0,01884	6	1,05855	3	3,17564
361	IDOL_MINNIE_Ni3_361.txt	3	0,01401	6	1,08245	3	3,24735
362	IDOL_MINNIE_Ni3_362.txt	9	0,01067	6	1,09824	3	3,29473
363	IDOL_MINNIE_Ni3_363.txt	9	0,01715	6	1,11298	3	3,33895
364	IDOL_MINNIE_Ni3_364.txt	9	0,02177	5	1,12723	4	4,50891
365	IDOL_MINNIE_Ni3_365.txt	9	0,01088	5	1,04329	4	4,17315
366	IDOL_MINNIE_Ni3_366.txt	9	0,00977	5	0,96794	4	3,87174
367	IDOL_MINNIE_Ni3_367.txt	3	0,00737	5	0,87717	2	1,75433
368	IDOL_MINNIE_Ni3_368.txt	7	0,00948	5	0,78345	2	1,5669
369	IDOL_MINNIE_Ni3_369.txt	9	0,00346	5	0,70174	4	2,80696
370	IDOL_MINNIE_Ni3_370.txt	9	0,00516	5	0,70174	4	2,80696
371	IDOL_MINNIE_Ni3_371.txt	9	0,00359	5	0,59649	4	2,38598
372	IDOL_MINNIE_Ni3_372.txt	9	0,00383	5	0,47512	4	1,90046
373	IDOL_MINNIE_Ni3_373.txt	9	0,00628	5	0,37868	4	1,51471
374	IDOL_MINNIE_Ni3_374.txt	9	0,00517	5	0,26071	4	1,04285
375	IDOL_MINNIE_Ni3_375.txt	9	0,00552	5	0,17312	4	0,69246
376	IDOL_MINNIE_Ni3_376.txt	9	0,01091	5	0,09217	4	0,36869
377	IDOL_MINNIE_Ni3_377.txt	9	0,01367	5	0,09483	4	0,37932
378	IDOL_MINNIE_Ni3_378.txt	9	0,01216	5	0,18387	4	0,73547
379	IDOL_MINNIE_Ni3_379.txt	9	0,01234	5	0,28302	4	1,13209
380	IDOL_MINNIE_Ni3_380.txt	9	0,01224	5	0,38945	4	1,55781
381	IDOL_MINNIE_Ni3_381.txt	9	0,01425	5	0,49215	4	1,96859
382	IDOL_MINNIE_Ni3_382.txt	9	0,00826	9	0,40037	0	0
383	IDOL_MINNIE_Ni3_383.txt	9	0,00944	9	0,30104	0	0
384	IDOL_MINNIE_Ni3_384.txt	9	0,01028	9	0,19148	0	0
385	IDOL_MINNIE_Ni3_385.txt	9	0,00588	9	0,08544	0	0
386	IDOL_MINNIE_Ni3_386.txt	9	0,00762	9	0,2447	0	0
387	IDOL_MINNIE_Ni3_387.txt	9	0,00311	9	0,34708	0	0
388	IDOL_MINNIE_Ni3_388.txt	9	0,00551	9	0,4593	0	0
389	IDOL_MINNIE_Ni3_389.txt	9	0,00455	9	0,54746	0	0
390	IDOL_MINNIE_Ni3_390.txt	8	0,00721	9	0,65408	1	0,65408
391	IDOL_MINNIE_Ni3_391.txt	9	0,00554	21	0,67139	12	8,05673
392	IDOL_MINNIE_Ni3_392.txt	19	0,00662	21	0,62834	2	1,25668
393	IDOL_MINNIE_Ni3_393.txt	9	0,00554	21	0,58586	12	7,03034
394	IDOL_MINNIE_Ni3_394.txt	19	0,00643	21	0,58586	2	1,17172
395	IDOL_MINNIE_Ni3_395.txt	19	0,01124	21	0,53467	2	1,06933
396	IDOL_MINNIE_Ni3_396.txt	19	0,01587	21	0,47632	2	0,95263
397	IDOL_MINNIE_Ni3_397.txt	19	0,01706	21	0,4158	2	0,83161
398	IDOL_MINNIE_Ni3_398.txt	19	0,0147	21	0,36049	2	0,72099
399	IDOL_MINNIE_Ni3_399.txt	19	0,0197	10	0,30898	9	2,78086
400	IDOL_MINNIE_Ni3_400.txt	19	0,01518	10	0,2012	9	1,8108
401	IDOL_MINNIE_Ni3_401.txt	3	0,00522	10	0,10299	7	0,72095
402	IDOL_MINNIE_Ni3_402.txt	3	0,00575	10	0,02595	7	0,18166
403	IDOL_MINNIE_Ni3_403.txt	3	0,01219	10	0,12668	7	0,88679
404	IDOL_MINNIE_Ni3_404.txt	3	0,01717	10	0,22572	7	1,58001
405	IDOL_MINNIE_Ni3_405.txt	4	0,00612	11	0,1612	7	1,12841
406	IDOL_MINNIE_Ni3_406.txt	3	0,01192	11	0,07851	8	0,62811
407	IDOL_MINNIE_Ni3_407.txt	4	0,00455	11	0,08301	7	0,58104
408	IDOL_MINNIE_Ni3_408.txt	20	0,00515	11	0,17364	9	1,56272
409	IDOL_MINNIE_Ni3_409.txt	3	0,00488	11	0,27686	8	2,21484
410	IDOL_MINNIE_Ni3_410.txt	3	0,00465	11	0,27686	8	2,21484
411	IDOL_MINNIE_Ni3_411.txt	21	0,00536	11	0,36063	10	3,60626
412	IDOL_MINNIE_Ni3_412.txt	27	0,00435	11	0,47321	16	7,57133
413	IDOL_MINNIE_Ni3_413.txt	12	0,00524	11	0,57819	1	0,57819
414	IDOL_MINNIE_Ni3_414.txt	12	0,00666	11	0,68301	1	0,68301
415	IDOL_MINNIE_Ni3_415.txt	12	0,0063	11	0,79633	1	0,79633
416	IDOL_MINNIE_Ni3_416.txt	4	0,01008	11	0,90212	7	6,31482
417	IDOL_MINNIE_Ni3_417.txt	27	0,00382	11	1,01655	16	16,26486
418	IDOL_MINNIE_Ni3_418.txt	27	0,00495	11	1,13122	16	18,09956
419	IDOL_MINNIE_Ni3_419.txt	27	0,00339	11	1,24534	16	19,92545
420	IDOL_MINNIE_Ni3_420.txt	27	0,00404	12	1,24237	15	18,63558
421	IDOL_MINNIE_Ni3_421.txt	4	0,00443	12	1,14121	8	9,12969
422	IDOL_MINNIE_Ni3_422.txt	4	0,0034	12	1,03464	8	8,27709
423	IDOL_MINNIE_Ni3_423.txt	12	0,00453	12	0,9269	0	0
424	IDOL_MINNIE_Ni3_424.txt	10	0,00217	12	0,82645	2	1,6529
425	IDOL_MINNIE_Ni3_425.txt	10	0,00322	12	0,72172	2	1,44343
426	IDOL_MINNIE_Ni3_426.txt	10	0,00192	12	0,63111	2	1,26222
427	IDOL_MINNIE_Ni3_427.txt	10	0,003	12	0,63111	2	1,26222
428	IDOL_MINNIE_Ni3_428.txt	10	0,00212	12	0,52911	2	1,05821
429	IDOL_MINNIE_Ni3_429.txt	12	0,00195	12	0,43874	0	0
430	IDOL_MINNIE_Ni3_430.txt	10	0,00232	12	0,35698	2	0,71395
431	IDOL_MINNIE_Ni3_431.txt	12	0,00242	12	0,27953	0	0
432	IDOL_MINNIE_Ni3_432.txt	10	0,00193	12	0,234	2	0,46799
433	IDOL_MINNIE_Ni3_433.txt	12	0,00274	12	0,22808	0	0
434	IDOL_MINNIE_Ni3_434.txt	10	0,00164	12	0,27324	2	0,54649
435	IDOL_MINNIE_Ni3_435.txt	12	0,00254	12	0,33759	0	0
436	IDOL_MINNIE_Ni3_436.txt	12	0,00282	12	0,42695	0	0
437	IDOL_MINNIE_Ni3_437.txt	12	0,00238	12	0,53331	0	0
438	IDOL_MINNIE_Ni3_438.txt	12	0,00228	12	0,62895	0	0
439	IDOL_MINNIE_Ni3_439.txt	12	0,00591	12	0,73821	0	0
440	IDOL_MINNIE_Ni3_440.txt	12	0,00254	12	0,844	0	0
441	IDOL_MINNIE_Ni3_441.txt	10	0,00213	12	0,94475	2	1,88949
442	IDOL_MINNIE_Ni3_442.txt	12	0,00211	12	1,05031	0	0
443	IDOL_MINNIE_Ni3_443.txt	12	0,00186	12	1,05031	0	0
444	IDOL_MINNIE_Ni3_444.txt	12	0,00219	12	1,15493	0	0
445	IDOL_MINNIE_Ni3_445.txt	10	0,00202	12	1,26175	2	2,52349
446	IDOL_MINNIE_Ni3_446.txt	12	0,00318	13	1,33501	1	1,33501
447	IDOL_MINNIE_Ni3_447.txt	10	0,00176	13	1,27341	3	3,82023
448	IDOL_MINNIE_Ni3_448.txt	4	0,00822	13	1,19999	9	10,79995
449	IDOL_MINNIE_Ni3_449.txt	12	0,00551	13	1,12272	1	1,12272
450	IDOL_MINNIE_Ni3_450.txt	4	0,00638	19	1,03252	15	15,48774
451	IDOL_MINNIE_Ni3_451.txt	3	0,00971	19	0,98277	16	15,72436
452	IDOL_MINNIE_Ni3_452.txt	11	0,00569	13	0,9282	2	1,8564
453	IDOL_MINNIE_Ni3_453.txt	3	0,00362	13	0,87522	10	8,7522
454	IDOL_MINNIE_Ni3_454.txt	3	0,00485	13	0,83052	10	8,30517
455	IDOL_MINNIE_Ni3_455.txt	3	0,006	13	0,8032	10	8,03196
456	IDOL_MINNIE_Ni3_456.txt	3	0,00729	13	0,77159	10	7,71591
457	IDOL_MINNIE_Ni3_457.txt	3	0,00663	13	0,72901	10	7,29008
458	IDOL_MINNIE_Ni3_458.txt	2	0,00784	13	0,67488	11	7,42364
459	IDOL_MINNIE_Ni3_459.txt	22	0,00717	13	0,67488	9	6,07389
460	IDOL_MINNIE_Ni3_460.txt	22	0,00443	13	0,59293	9	5,33633
461	IDOL_MINNIE_Ni3_461.txt	2	0,00449	13	0,5113	11	5,62426
462	IDOL_MINNIE_Ni3_462.txt	13	0,00527	13	0,41329	0	0
463	IDOL_MINNIE_Ni3_463.txt	13	0,00472	13	0,31458	0	0
464	IDOL_MINNIE_Ni3_464.txt	13	0,00755	13	0,22886	0	0
465	IDOL_MINNIE_Ni3_465.txt	13	0,00524	13	0,16033	0	0
466	IDOL_MINNIE_Ni3_466.txt	13	0,00799	13	0,1508	0	0
467	IDOL_MINNIE_Ni3_467.txt	13	0,00795	13	0,21442	0	0
468	IDOL_MINNIE_Ni3_468.txt	13	0,00972	13	0,2966	0	0
469	IDOL_MINNIE_Ni3_469.txt	13	0,01147	13	0,40413	0	0
470	IDOL_MINNIE_Ni3_470.txt	14	0,00813	13	0,50213	1	0,50213
471	IDOL_MINNIE_Ni3_471.txt	14	0,00918	18	0,39749	4	1,58995
472	IDOL_MINNIE_Ni3_472.txt	14	0,0062	18	0,28749	4	1,14998
473	IDOL_MINNIE_Ni3_473.txt	13	0,01054	18	0,18834	5	0,94168
474	IDOL_MINNIE_Ni3_474.txt	13	0,01133	18	0,10416	5	0,52082
475	IDOL_MINNIE_Ni3_475.txt	13	0,01059	18	0,10416	5	0,52082
476	IDOL_MINNIE_Ni3_476.txt	13	0,0087	18	0,08723	5	0,43617
477	IDOL_MINNIE_Ni3_477.txt	13	0,01057	18	0,16815	5	0,84074
478	IDOL_MINNIE_Ni3_478.txt	13	0,00925	18	0,25544	5	1,27719
479	IDOL_MINNIE_Ni3_479.txt	13	0,00892	14	0,20719	1	0,20719
480	IDOL_MINNIE_Ni3_480.txt	13	0,00557	14	0,20426	1	0,20426
481	IDOL_MINNIE_Ni3_481.txt	13	0,00392	14	0,2272	1	0,2272
482	IDOL_MINNIE_Ni3_482.txt	13	0,00552	14	0,29398	1	0,29398
483	IDOL_MINNIE_Ni3_483.txt	13	0,00486	14	0,35051	1	0,35051
484	IDOL_MINNIE_Ni3_484.txt	23	0,00486	14	0,43897	9	3,95072
485	IDOL_MINNIE_Ni3_485.txt	14	0,00449	15	0,534	1	0,534
486	IDOL_MINNIE_Ni3_486.txt	13	0,0055	15	0,43393	2	0,86786
487	IDOL_MINNIE_Ni3_487.txt	14	0,00417	15	0,34028	1	0,34028
488	IDOL_MINNIE_Ni3_488.txt	13	0,00403	15	0,23088	2	0,46176
489	IDOL_MINNIE_Ni3_489.txt	13	0,00337	15	0,11449	2	0,22897
490	IDOL_MINNIE_Ni3_490.txt	13	0,00471	15	0,03097	2	0,06193
491	IDOL_MINNIE_Ni3_491.txt	13	0,00657	15	0,03097	2	0,06193
492	IDOL_MINNIE_Ni3_492.txt	13	0,00602	15	0,13947	2	0,27894
493	IDOL_MINNIE_Ni3_493.txt	13	0,00467	15	0,22779	2	0,45559
494	IDOL_MINNIE_Ni3_494.txt	13	0,00444	15	0,34153	2	0,68307
495	IDOL_MINNIE_Ni3_495.txt	13	0,00521	17	0,34855	4	1,39418
496	IDOL_MINNIE_Ni3_496.txt	8	0,00436	17	0,262	9	2,35803
497	IDOL_MINNIE_Ni3_497.txt	8	0,00596	17	0,18894	9	1,70049
498	IDOL_MINNIE_Ni3_498.txt	8	0,00518	17	0,15365	9	1,38286
499	IDOL_MINNIE_Ni3_499.txt	8	0,00514	17	0,17495	9	1,57453
500	IDOL_MINNIE_Ni3_500.txt	13	0,00479	17	0,26486	4	1,05945
501	IDOL_MINNIE_Ni3_501.txt	13	0,00379	16	0,28378	3	0,85134
502	IDOL_MINNIE_Ni3_502.txt	14	0,00423	16	0,2473	2	0,49459
503	IDOL_MINNIE_Ni3_503.txt	8	0,00437	16	0,2292	8	1,83363
504	IDOL_MINNIE_Ni3_504.txt	7	0,00496	16	0,23894	9	2,15042
505	IDOL_MINNIE_Ni3_505.txt	7	0,00307	16	0,26272	9	2,36444
506	IDOL_MINNIE_Ni3_506.txt	7	0,00389	16	0,2898	9	2,60817
507	IDOL_MINNIE_Ni3_507.txt	7	0,00338	16	0,2898	9	2,60817
508	IDOL_MINNIE_Ni3_508.txt	7	0,00439	16	0,31172	9	2,80545
509	IDOL_MINNIE_Ni3_509.txt	23	0,00533	16	0,3273	7	2,29112
510	IDOL_MINNIE_Ni3_510.txt	23	0,0047	16	0,33391	7	2,33738
511	IDOL_MINNIE_Ni3_511.txt	23	0,00524	16	0,33251	7	2,32757
512	IDOL_MINNIE_Ni3_512.txt	23	0,00486	16	0,32305	7	2,26137
513	IDOL_MINNIE_Ni3_513.txt	23	0,0049	16	0,29517	7	2,06621
514	IDOL_MINNIE_Ni3_514.txt	16	0,007	16	0,28131	0	0
515	IDOL_MINNIE_Ni3_515.txt	16	0,00523	16	0,2595	0	0
516	IDOL_MINNIE_Ni3_516.txt	16	0,00489	16	0,2389	0	0
517	IDOL_MINNIE_Ni3_517.txt	16	0,00568	16	0,22301	0	0
518	IDOL_MINNIE_Ni3_518.txt	23	0,00663	16	0,20636	7	1,44452
519	IDOL_MINNIE_Ni3_519.txt	16	0,0041	16	0,18493	0	0
520	IDOL_MINNIE_Ni3_520.txt	6	0,00644	16	0,16294	10	1,62943
521	IDOL_MINNIE_Ni3_521.txt	6	0,00805	16	0,14489	10	1,44885
522	IDOL_MINNIE_Ni3_522.txt	6	0,01485	16	0,12569	10	1,25688
523	IDOL_MINNIE_Ni3_523.txt	6	0,0153	16	0,12569	10	1,25688
524	IDOL_MINNIE_Ni3_524.txt	6	0,01633	16	0,10748	10	1,07475
525	IDOL_MINNIE_Ni3_525.txt	6	0,01714	16	0,08906	10	0,89062
526	IDOL_MINNIE_Ni3_526.txt	6	0,01264	16	0,06917	10	0,69172
527	IDOL_MINNIE_Ni3_527.txt	8	0,00607	16	0,04683	8	0,37463
528	IDOL_MINNIE_Ni3_528.txt	14	0,00445	16	0,02599	2	0,05199
529	IDOL_MINNIE_Ni3_529.txt	16	0,00636	16	0,00548	0	0
530	IDOL_MINNIE_Ni3_530.txt	16	0,00619	16	0,01325	0	0
531	IDOL_MINNIE_Ni3_531.txt	14	0,00435	16	0,03262	2	0,06524
532	IDOL_MINNIE_Ni3_532.txt	8	0,00508	16	0,0544	8	0,4352
533	IDOL_MINNIE_Ni3_533.txt	16	0,01017	16	0,09231	0	0
534	IDOL_MINNIE_Ni3_534.txt	6	0,00566	16	0,1394	10	1,39403
535	IDOL_MINNIE_Ni3_535.txt	8	0,0054	16	0,19535	8	1,56279
536	IDOL_MINNIE_Ni3_536.txt	23	0,00656	16	0,25456	7	1,78192
537	IDOL_MINNIE_Ni3_537.txt	22	0,00965	17	0,32515	5	1,62573
538	IDOL_MINNIE_Ni3_538.txt	11	0,0076	17	0,27082	6	1,62491
539	IDOL_MINNIE_Ni3_539.txt	3	0,00623	17	0,27082	14	3,79146
540	IDOL_MINNIE_Ni3_540.txt	18	0,00369	17	0,24288	1	0,24288
541	IDOL_MINNIE_Ni3_541.txt	18	0,00262	17	0,22502	1	0,22502
542	IDOL_MINNIE_Ni3_542.txt	18	0,00336	17	0,26663	1	0,26663
543	IDOL_MINNIE_Ni3_543.txt	17	0,00185	17	0,33338	0	0
544	IDOL_MINNIE_Ni3_544.txt	18	0,00289	15	0,40076	3	1,20228
545	IDOL_MINNIE_Ni3_545.txt	17	0,00366	15	0,29251	2	0,58502
546	IDOL_MINNIE_Ni3_546.txt	17	0,00229	15	0,19485	2	0,38971
547	IDOL_MINNIE_Ni3_547.txt	17	0,00277	15	0,09595	2	0,1919
548	IDOL_MINNIE_Ni3_548.txt	17	0,00294	15	0,05276	2	0,10551
549	IDOL_MINNIE_Ni3_549.txt	17	0,00319	15	0,14729	2	0,29458
550	IDOL_MINNIE_Ni3_550.txt	17	0,00351	15	0,24268	2	0,48535
551	IDOL_MINNIE_Ni3_551.txt	17	0,00328	15	0,3414	2	0,6828
552	IDOL_MINNIE_Ni3_552.txt	17	0,00346	15	0,45282	2	0,90565
553	IDOL_MINNIE_Ni3_553.txt	17	0,00383	14	0,52937	3	1,5881
554	IDOL_MINNIE_Ni3_554.txt	17	0,00341	14	0,52937	3	1,5881
555	IDOL_MINNIE_Ni3_555.txt	17	0,00382	14	0,43526	3	1,30579
556	IDOL_MINNIE_Ni3_556.txt	25	0,00397	14	0,34849	11	3,83339
557	IDOL_MINNIE_Ni3_557.txt	25	0,00343	14	0,28548	11	3,14033
558	IDOL_MINNIE_Ni3_558.txt	25	0,00367	14	0,25822	11	2,84038
559	IDOL_MINNIE_Ni3_559.txt	18	0,00419	14	0,27458	4	1,09831
560	IDOL_MINNIE_Ni3_560.txt	0	0,00546	18	0,20892	18	3,76059
561	IDOL_MINNIE_Ni3_561.txt	0	0,00542	18	0,08885	18	1,5993
562	IDOL_MINNIE_Ni3_562.txt	0	0,00635	18	0,02343	18	0,42169
563	IDOL_MINNIE_Ni3_563.txt	25	0,00774	18	0,11558	7	0,80908
564	IDOL_MINNIE_Ni3_564.txt	0	0,00751	18	0,21648	18	3,89672
565	IDOL_MINNIE_Ni3_565.txt	25	0,00662	18	0,32799	7	2,29592
566	IDOL_MINNIE_Ni3_566.txt	17	0,00381	18	0,43998	1	0,43998
567	IDOL_MINNIE_Ni3_567.txt	17	0,00437	13	0,47258	4	1,89032
568	IDOL_MINNIE_Ni3_568.txt	17	0,00418	13	0,3931	4	1,57239
569	IDOL_MINNIE_Ni3_569.txt	25	0,00471	13	0,28452	12	3,41422
570	IDOL_MINNIE_Ni3_570.txt	17	0,00336	13	0,28452	4	1,13807
571	IDOL_MINNIE_Ni3_571.txt	17	0,00303	13	0,19908	4	0,79634
572	IDOL_MINNIE_Ni3_572.txt	17	0,00287	13	0,11842	4	0,4737
573	IDOL_MINNIE_Ni3_573.txt	17	0,00284	13	0,12731	4	0,50923
574	IDOL_MINNIE_Ni3_574.txt	25	0,00317	13	0,19917	12	2,39002
575	IDOL_MINNIE_Ni3_575.txt	17	0,0032	13	0,27041	4	1,08165
576	IDOL_MINNIE_Ni3_576.txt	25	0,0032	13	0,38793	12	4,65518
577	IDOL_MINNIE_Ni3_577.txt	25	0,00477	13	0,52292	12	6,27502
578	IDOL_MINNIE_Ni3_578.txt	18	0,00414	13	0,62261	5	3,11304
579	IDOL_MINNIE_Ni3_579.txt	3	0,00393	13	0,71824	10	7,1824
580	IDOL_MINNIE_Ni3_580.txt	26	0,00401	19	0,64142	7	4,48994
581	IDOL_MINNIE_Ni3_581.txt	3	0,00435	19	0,56552	16	9,04828
582	IDOL_MINNIE_Ni3_582.txt	3	0,00648	19	0,47168	16	7,54689
583	IDOL_MINNIE_Ni3_583.txt	3	0,00507	19	0,38385	16	6,14168
584	IDOL_MINNIE_Ni3_584.txt	3	0,00625	19	0,2857	16	4,57118
585	IDOL_MINNIE_Ni3_585.txt	7	0,00493	19	0,20278	12	2,43333
586	IDOL_MINNIE_Ni3_586.txt	7	0,00536	19	0,20278	12	2,43333
587	IDOL_MINNIE_Ni3_587.txt	19	0,00503	19	0,16783	0	0
588	IDOL_MINNIE_Ni3_588.txt	19	0,00391	19	0,1442	0	0
589	IDOL_MINNIE_Ni3_589.txt	19	0,00538	19	0,18008	0	0
590	IDOL_MINNIE_Ni3_590.txt	3	0,00296	19	0,24697	16	3,9515
591	IDOL_MINNIE_Ni3_591.txt	3	0,00564	20	0,26002	17	4,42041
592	IDOL_MINNIE_Ni3_592.txt	11	0,01032	20	0,23626	9	2,1263
593	IDOL_MINNIE_Ni3_593.txt	4	0,00671	20	0,24361	16	3,89779
594	IDOL_MINNIE_Ni3_594.txt	4	0,00864	20	0,28249	16	4,51981
595	IDOL_MINNIE_Ni3_595.txt	12	0,00443	20	0,34419	8	2,7535
596	IDOL_MINNIE_Ni3_596.txt	4	0,00755	20	0,42227	16	6,75627
597	IDOL_MINNIE_Ni3_597.txt	20	0,00549	20	0,52552	0	0
598	IDOL_MINNIE_Ni3_598.txt	11	0,00644	20	0,61802	9	5,56214
599	IDOL_MINNIE_Ni3_599.txt	3	0,00979	20	0,71018	17	12,07313
600	IDOL_MINNIE_Ni3_600.txt	3	0,00722	20	0,79147	17	13,45506
601	IDOL_MINNIE_Ni3_601.txt	3	0,00453	20	0,88471	17	15,04012
602	IDOL_MINNIE_Ni3_602.txt	26	0,00467	20	0,88471	6	5,30828
603	IDOL_MINNIE_Ni3_603.txt	26	0,00544	20	0,97366	6	5,84199
604	IDOL_MINNIE_Ni3_604.txt	2	0,00913	20	1,04367	18	18,78602
605	IDOL_MINNIE_Ni3_605.txt	2	0,00777	20	1,09464	18	19,70347
606	IDOL_MINNIE_Ni3_606.txt	2	0,0098	20	1,14137	18	20,5446
607	IDOL_MINNIE_Ni3_607.txt	2	0,00931	20	1,17859	18	21,21457
608	IDOL_MINNIE_Ni3_608.txt	2	0,00682	20	1,20201	18	21,63621
609	IDOL_MINNIE_Ni3_609.txt	2	0,0059	20	1,21395	18	21,85107
610	IDOL_MINNIE_Ni3_610.txt	2	0,00575	20	1,21213	18	21,81842
611	IDOL_MINNIE_Ni3_611.txt	2	0,0051	20	1,20037	18	21,6066
612	IDOL_MINNIE_Ni3_612.txt	2	0,01039	20	1,18706	18	21,36701
613	IDOL_MINNIE_Ni3_613.txt	19	0,00767	20	1,16949	1	1,16949
614	IDOL_MINNIE_Ni3_614.txt	19	0,00944	20	1,15237	1	1,15237
615	IDOL_MINNIE_Ni3_615.txt	19	0,00727	20	1,13317	1	1,13317
616	IDOL_MINNIE_Ni3_616.txt	7	0,00531	20	1,11371	13	14,47827
617	IDOL_MINNIE_Ni3_617.txt	8	0,00551	20	1,09201	12	13,10413
618	IDOL_MINNIE_Ni3_618.txt	2	0,00608	20	1,09201	18	19,65619
619	IDOL_MINNIE_Ni3_619.txt	19	0,00747	20	1,07163	1	1,07163
620	IDOL_MINNIE_Ni3_620.txt	2	0,00794	20	1,05243	18	18,94368
621	IDOL_MINNIE_Ni3_621.txt	2	0,00801	20	1,02906	18	18,52314
622	IDOL_MINNIE_Ni3_622.txt	3	0,0049	20	1,01007	17	17,17117
623	IDOL_MINNIE_Ni3_623.txt	19	0,00596	20	0,99123	1	0,99123
624	IDOL_MINNIE_Ni3_624.txt	19	0,00828	20	0,97638	1	0,97638
625	IDOL_MINNIE_Ni3_625.txt	19	0,0055	20	0,95924	1	0,95924
626	IDOL_MINNIE_Ni3_626.txt	19	0,00406	20	0,94322	1	0,94322
627	IDOL_MINNIE_Ni3_627.txt	26	0,00362	20	0,92812	6	5,56873
628	IDOL_MINNIE_Ni3_628.txt	26	0,0052	20	0,9146	6	5,4876
629	IDOL_MINNIE_Ni3_629.txt	3	0,00562	20	0,90054	17	15,30912
630	IDOL_MINNIE_Ni3_630.txt	3	0,01112	20	0,8908	17	15,14367
631	IDOL_MINNIE_Ni3_631.txt	3	0,0089	20	0,8786	17	14,93617
632	IDOL_MINNIE_Ni3_632.txt	4	0,0034	20	0,8581	16	13,72962
633	IDOL_MINNIE_Ni3_633.txt	4	0,00507	20	0,82939	16	13,27023
634	IDOL_MINNIE_Ni3_634.txt	4	0,00439	20	0,82939	16	13,27023
635	IDOL_MINNIE_Ni3_635.txt	11	0,00562	20	0,19942	9	1,79478
636	IDOL_MINNIE_Ni3_636.txt	20	0,00476	20	0,21951	0	0
637	IDOL_MINNIE_Ni3_637.txt	4	0,00503	19	0,20463	15	3,06951
638	IDOL_MINNIE_Ni3_638.txt	11	0,00467	19	0,08306	8	0,66449
639	IDOL_MINNIE_Ni3_639.txt	4	0,00431	19	0,08845	15	1,32675
640	IDOL_MINNIE_Ni3_640.txt	27	0,00258	19	0,18574	8	1,4859
641	IDOL_MINNIE_Ni3_641.txt	27	0,00235	19	0,27366	8	2,18932
642	IDOL_MINNIE_Ni3_642.txt	4	0,00333	19	0,36922	15	5,53834
643	IDOL_MINNIE_Ni3_643.txt	4	0,00368	19	0,47614	15	7,1421
644	IDOL_MINNIE_Ni3_644.txt	4	0,00345	19	0,58298	15	8,74469
645	IDOL_MINNIE_Ni3_645.txt	4	0,00286	19	0,706	15	10,59005
646	IDOL_MINNIE_Ni3_646.txt	4	0,00354	19	0,80199	15	12,02978
647	IDOL_MINNIE_Ni3_647.txt	21	0,00364	19	0,91081	2	1,82162
648	IDOL_MINNIE_Ni3_648.txt	21	0,00408	19	1,01899	2	2,03799
649	IDOL_MINNIE_Ni3_649.txt	20	0,00417	19	1,01899	1	1,01899
650	IDOL_MINNIE_Ni3_650.txt	21	0,00453	13	1,09915	8	8,79318
651	IDOL_MINNIE_Ni3_651.txt	20	0,00566	13	1,13676	7	7,95735
652	IDOL_MINNIE_Ni3_652.txt	20	0,01124	13	1,18222	7	8,27551
653	IDOL_MINNIE_Ni3_653.txt	20	0,0097	13	1,23896	7	8,67269
654	IDOL_MINNIE_Ni3_654.txt	20	0,00864	13	1,28936	7	9,02553
655	IDOL_MINNIE_Ni3_655.txt	20	0,00703	12	1,21513	8	9,72108
656	IDOL_MINNIE_Ni3_656.txt	20	0,0075	12	1,11172	8	8,89372
657	IDOL_MINNIE_Ni3_657.txt	20	0,00698	12	1,0234	8	8,18722
658	IDOL_MINNIE_Ni3_658.txt	20	0,01	12	0,92978	8	7,43821
659	IDOL_MINNIE_Ni3_659.txt	20	0,01128	12	0,7817	8	6,25358
660	IDOL_MINNIE_Ni3_660.txt	20	0,00835	12	0,66204	8	5,29635
661	IDOL_MINNIE_Ni3_661.txt	20	0,00804	12	0,5703	8	4,56237
662	IDOL_MINNIE_Ni3_662.txt	4	0,0055	12	0,48256	8	3,86051
663	IDOL_MINNIE_Ni3_663.txt	20	0,01059	12	0,40908	8	3,27262
664	IDOL_MINNIE_Ni3_664.txt	4	0,0044	12	0,36522	8	2,92176
665	IDOL_MINNIE_Ni3_665.txt	20	0,00722	12	0,37945	8	3,0356
666	IDOL_MINNIE_Ni3_666.txt	11	0,00732	12	0,42802	1	0,42802
667	IDOL_MINNIE_Ni3_667.txt	21	0,00897	12	0,5	9	4,49998
668	IDOL_MINNIE_Ni3_668.txt	21	0,00531	12	0,57816	9	5,20345
669	IDOL_MINNIE_Ni3_669.txt	4	0,00613	12	0,57816	8	4,62529
670	IDOL_MINNIE_Ni3_670.txt	20	0,00862	12	0,66513	8	5,32102
671	IDOL_MINNIE_Ni3_671.txt	4	0,00704	12	0,75135	8	6,01082
672	IDOL_MINNIE_Ni3_672.txt	4	0,006	12	0,85156	8	6,81251
673	IDOL_MINNIE_Ni3_673.txt	4	0,00565	12	0,94982	8	7,59853
674	IDOL_MINNIE_Ni3_674.txt	4	0,00702	12	1,04934	8	8,39471
675	IDOL_MINNIE_Ni3_675.txt	20	0,00882	12	1,15046	8	9,2037
676	IDOL_MINNIE_Ni3_676.txt	20	0,01151	12	1,25545	8	10,04358
677	IDOL_MINNIE_Ni3_677.txt	20	0,00911	11	1,23567	9	11,12105
678	IDOL_MINNIE_Ni3_678.txt	20	0,00834	11	1,13218	9	10,18959
679	IDOL_MINNIE_Ni3_679.txt	20	0,00891	11	1,02572	9	9,23144
680	IDOL_MINNIE_Ni3_680.txt	4	0,00868	11	0,91926	7	6,43485
681	IDOL_MINNIE_Ni3_681.txt	20	0,01029	11	0,81838	9	7,36542
682	IDOL_MINNIE_Ni3_682.txt	4	0,00634	11	0,70489	7	4,9342
683	IDOL_MINNIE_Ni3_683.txt	20	0,00725	11	0,60484	9	5,44355
684	IDOL_MINNIE_Ni3_684.txt	20	0,00671	11	0,49563	9	4,46067
685	IDOL_MINNIE_Ni3_685.txt	20	0,00818	11	0,49563	9	4,46067
686	IDOL_MINNIE_Ni3_686.txt	20	0,00831	11	0,39219	9	3,52967
687	IDOL_MINNIE_Ni3_687.txt	4	0,00496	11	0,30338	7	2,12364
688	IDOL_MINNIE_Ni3_688.txt	4	0,00429	11	0,22306	7	1,56141
689	IDOL_MINNIE_Ni3_689.txt	4	0,00467	11	0,17123	7	1,19859
690	IDOL_MINNIE_Ni3_690.txt	21	0,00687	11	0,1784	10	1,78401
691	IDOL_MINNIE_Ni3_691.txt	4	0,00479	21	0,2923	17	4,96911
692	IDOL_MINNIE_Ni3_692.txt	21	0,00654	21	0,2923	0	0
693	IDOL_MINNIE_Ni3_693.txt	4	0,00417	21	0,18481	17	3,14174
694	IDOL_MINNIE_Ni3_694.txt	4	0,00268	21	0,08386	17	1,42563
695	IDOL_MINNIE_Ni3_695.txt	4	0,00226	21	0,03313	17	0,56329
696	IDOL_MINNIE_Ni3_696.txt	4	0,00272	21	0,14995	17	2,54907
697	IDOL_MINNIE_Ni3_697.txt	4	0,00472	21	0,262	17	4,454
698	IDOL_MINNIE_Ni3_698.txt	4	0,00379	21	0,36284	17	6,16825
699	IDOL_MINNIE_Ni3_699.txt	21	0,00379	21	0,48132	0	0
700	IDOL_MINNIE_Ni3_700.txt	4	0,00295	21	0,59292	17	10,07972
701	IDOL_MINNIE_Ni3_701.txt	21	0,00392	21	0,70638	0	0
702	IDOL_MINNIE_Ni3_702.txt	4	0,00367	9	0,73255	5	3,66273
703	IDOL_MINNIE_Ni3_703.txt	4	0,00297	9	0,73619	5	3,68095
704	IDOL_MINNIE_Ni3_704.txt	4	0,00275	9	0,75509	5	3,77547
705	IDOL_MINNIE_Ni3_705.txt	4	0,00258	9	0,78369	5	3,91843
706	IDOL_MINNIE_Ni3_706.txt	4	0,00312	9	0,83274	5	4,16369
707	IDOL_MINNIE_Ni3_707.txt	4	0,00356	9	0,88564	5	4,42819
708	IDOL_MINNIE_Ni3_708.txt	4	0,00381	9	0,88564	5	4,42819
709	IDOL_MINNIE_Ni3_709.txt	4	0,00392	9	0,94723	5	4,73617
710	IDOL_MINNIE_Ni3_710.txt	4	0,00317	9	1,02266	5	5,11331
711	IDOL_MINNIE_Ni3_711.txt	4	0,00323	9	1,09612	5	5,48058
712	IDOL_MINNIE_Ni3_712.txt	21	0,00352	9	1,17754	12	14,13045
713	IDOL_MINNIE_Ni3_713.txt	4	0,00388	9	1,26357	5	6,31786
714	IDOL_MINNIE_Ni3_714.txt	21	0,00295	9	1,35055	12	16,20659
715	IDOL_MINNIE_Ni3_715.txt	11	0,00208	9	1,43027	2	2,86053
716	IDOL_MINNIE_Ni3_716.txt	11	0,00294	9	1,52656	2	3,05312
717	IDOL_MINNIE_Ni3_717.txt	11	0,00309	9	1,61653	2	3,23306
718	IDOL_MINNIE_Ni3_718.txt	11	0,00168	9	1,70928	2	3,41857
719	IDOL_MINNIE_Ni3_719.txt	4	0,00367	4	1,62742	0	0
720	IDOL_MINNIE_Ni3_720.txt	11	0,00404	4	1,47641	7	10,3349
721	IDOL_MINNIE_Ni3_721.txt	21	0,00301	4	1,36271	17	23,16612
722	IDOL_MINNIE_Ni3_722.txt	11	0,00209	4	1,23005	7	8,61032
723	IDOL_MINNIE_Ni3_723.txt	21	0,0034	4	1,12064	17	19,05091
724	IDOL_MINNIE_Ni3_724.txt	4	0,0032	4	1,12064	0	0
725	IDOL_MINNIE_Ni3_725.txt	11	0,00443	4	1,00933	7	7,06528
726	IDOL_MINNIE_Ni3_726.txt	11	0,0056	4	0,92145	7	6,45013
727	IDOL_MINNIE_Ni3_727.txt	11	0,0056	4	0,82584	7	5,78087
728	IDOL_MINNIE_Ni3_728.txt	11	0,00459	4	0,74807	7	5,23651
729	IDOL_MINNIE_Ni3_729.txt	26	0,00379	4	0,6732	22	14,81032
730	IDOL_MINNIE_Ni3_730.txt	3	0,00486	4	0,62393	1	0,62393
731	IDOL_MINNIE_Ni3_731.txt	26	0,00524	26	0,53376	0	0
732	IDOL_MINNIE_Ni3_732.txt	3	0,0038	26	0,43515	23	10,00853
733	IDOL_MINNIE_Ni3_733.txt	3	0,00459	26	0,3246	23	7,46575
734	IDOL_MINNIE_Ni3_734.txt	7	0,00571	26	0,22377	19	4,25163
735	IDOL_MINNIE_Ni3_735.txt	7	0,00616	26	0,13971	19	2,65453
736	IDOL_MINNIE_Ni3_736.txt	19	0,00672	26	0,09695	7	0,67867
737	IDOL_MINNIE_Ni3_737.txt	19	0,00977	26	0,10144	7	0,71008
738	IDOL_MINNIE_Ni3_738.txt	19	0,0085	26	0,14424	7	1,00967
739	IDOL_MINNIE_Ni3_739.txt	3	0,00585	26	0,17981	23	4,13559
740	IDOL_MINNIE_Ni3_740.txt	22	0,00682	26	0,17981	4	0,71923
741	IDOL_MINNIE_Ni3_741.txt	22	0,00387	26	0,21204	4	0,84814
742	IDOL_MINNIE_Ni3_742.txt	22	0,00341	26	0,22963	4	0,9185
743	IDOL_MINNIE_Ni3_743.txt	22	0,00273	26	0,24334	4	0,97338
744	IDOL_MINNIE_Ni3_744.txt	22	0,00217	26	0,25475	4	1,01902
745	IDOL_MINNIE_Ni3_745.txt	22	0,00351	26	0,26451	4	1,05805
746	IDOL_MINNIE_Ni3_746.txt	11	0,00748	26	0,28204	15	4,23057
747	IDOL_MINNIE_Ni3_747.txt	22	0,00475	22	0,33374	0	0
748	IDOL_MINNIE_Ni3_748.txt	22	0,00362	22	0,29993	0	0
749	IDOL_MINNIE_Ni3_749.txt	22	0,00236	22	0,26856	0	0
750	IDOL_MINNIE_Ni3_750.txt	22	0,00255	22	0,2364	0	0
751	IDOL_MINNIE_Ni3_751.txt	22	0,00241	22	0,19306	0	0
752	IDOL_MINNIE_Ni3_752.txt	22	0,00286	22	0,14105	0	0
753	IDOL_MINNIE_Ni3_753.txt	22	0,0026	22	0,08442	0	0
754	IDOL_MINNIE_Ni3_754.txt	22	0,00288	22	0,061	0	0
755	IDOL_MINNIE_Ni3_755.txt	24	0,00742	22	0,12264	2	0,24528
756	IDOL_MINNIE_Ni3_756.txt	24	0,00569	22	0,12264	2	0,24528
757	IDOL_MINNIE_Ni3_757.txt	24	0,00544	22	0,20612	2	0,41225
758	IDOL_MINNIE_Ni3_758.txt	24	0,00735	22	0,29878	2	0,59755
759	IDOL_MINNIE_Ni3_759.txt	24	0,00655	22	0,40401	2	0,80801
760	IDOL_MINNIE_Ni3_760.txt	22	0,00366	22	0,51062	0	0
761	IDOL_MINNIE_Ni3_761.txt	22	0,00429	22	0,57861	0	0
762	IDOL_MINNIE_Ni3_762.txt	22	0,00257	25	0,50643	3	1,51929
763	IDOL_MINNIE_Ni3_763.txt	22	0,00213	25	0,40674	3	1,22022
764	IDOL_MINNIE_Ni3_764.txt	22	0,0023	25	0,30664	3	0,91992
765	IDOL_MINNIE_Ni3_765.txt	22	0,00292	25	0,21966	3	0,65899
766	IDOL_MINNIE_Ni3_766.txt	22	0,00369	25	0,10918	3	0,32755
767	IDOL_MINNIE_Ni3_767.txt	22	0,00705	25	0,01425	3	0,04274
768	IDOL_MINNIE_Ni3_768.txt	22	0,01326	25	0,07362	3	0,22086
769	IDOL_MINNIE_Ni3_769.txt	22	0,01611	25	0,16294	3	0,48881
770	IDOL_MINNIE_Ni3_770.txt	22	0,00822	25	0,27169	3	0,81508
771	IDOL_MINNIE_Ni3_771.txt	22	0,00384	25	0,37403	3	1,12208
772	IDOL_MINNIE_Ni3_772.txt	8	0,00529	25	0,37403	17	6,35847
773	IDOL_MINNIE_Ni3_773.txt	14	0,00822	25	0,47933	11	5,27258
774	IDOL_MINNIE_Ni3_774.txt	23	0,00892	25	0,57776	2	1,15553
775	IDOL_MINNIE_Ni3_775.txt	23	0,00962	25	0,67913	2	1,35826
776	IDOL_MINNIE_Ni3_776.txt	5	0,01926	25	0,78043	20	15,6087
777	IDOL_MINNIE_Ni3_777.txt	23	0,0087	25	0,87741	2	1,75482
778	IDOL_MINNIE_Ni3_778.txt	5	0,02183	25	0,97937	20	19,58746
779	IDOL_MINNIE_Ni3_779.txt	5	0,01642	25	1,07847	20	21,56945
780	IDOL_MINNIE_Ni3_780.txt	5	0,0127	25	1,18628	20	23,72569
781	IDOL_MINNIE_Ni3_781.txt	23	0,01063	25	1,29125	2	2,58251
782	IDOL_MINNIE_Ni3_782.txt	23	0,01641	23	1,24574	0	0
783	IDOL_MINNIE_Ni3_783.txt	23	0,01251	23	1,14523	0	0
784	IDOL_MINNIE_Ni3_784.txt	23	0,00511	23	1,03932	0	0
785	IDOL_MINNIE_Ni3_785.txt	23	0,01368	23	0,93271	0	0
786	IDOL_MINNIE_Ni3_786.txt	5	0,00919	23	0,83206	18	14,97711
787	IDOL_MINNIE_Ni3_787.txt	5	0,01525	23	0,72585	18	13,06527
788	IDOL_MINNIE_Ni3_788.txt	5	0,01457	23	0,72585	18	13,06527
789	IDOL_MINNIE_Ni3_789.txt	23	0,00616	23	0,61918	0	0
790	IDOL_MINNIE_Ni3_790.txt	23	0,00914	23	0,51477	0	0
791	IDOL_MINNIE_Ni3_791.txt	23	0,00382	23	0,40643	0	0
792	IDOL_MINNIE_Ni3_792.txt	23	0,00848	23	0,30806	0	0
793	IDOL_MINNIE_Ni3_793.txt	5	0,01214	23	0,20928	18	3,76696
794	IDOL_MINNIE_Ni3_794.txt	23	0,00796	23	0,11477	0	0
795	IDOL_MINNIE_Ni3_795.txt	23	0,00712	23	0,05175	0	0
796	IDOL_MINNIE_Ni3_796.txt	23	0,00555	23	0,1078	0	0
797	IDOL_MINNIE_Ni3_797.txt	23	0,0027	23	0,20863	0	0
798	IDOL_MINNIE_Ni3_798.txt	23	0,00327	23	0,30952	0	0
799	IDOL_MINNIE_Ni3_799.txt	23	0,00388	23	0,41478	0	0
800	IDOL_MINNIE_Ni3_800.txt	23	0,00386	23	0,5208	0	0
801	IDOL_MINNIE_Ni3_801.txt	23	0,00428	23	0,62103	0	0
802	IDOL_MINNIE_Ni3_802.txt	9	0,00448	23	0,7132	14	9,9848
803	IDOL_MINNIE_Ni3_803.txt	23	0,00428	23	0,79466	0	0
804	IDOL_MINNIE_Ni3_804.txt	23	0,00458	23	0,9629	0	0
805	IDOL_MINNIE_Ni3_805.txt	8	0,00614	23	1,07409	15	16,11134
806	IDOL_MINNIE_Ni3_806.txt	8	0,00557	24	1,07487	16	17,19793
807	IDOL_MINNIE_Ni3_807.txt	9	0,00514	24	1,07487	15	16,12306
808	IDOL_MINNIE_Ni3_808.txt	22	0,0043	24	1,011	2	2,022
809	IDOL_MINNIE_Ni3_809.txt	22	0,00412	24	0,9216	2	1,84319
810	IDOL_MINNIE_Ni3_810.txt	22	0,00409	24	0,82718	2	1,65435
811	IDOL_MINNIE_Ni3_811.txt	22	0,00506	24	0,73183	2	1,46365
812	IDOL_MINNIE_Ni3_812.txt	22	0,00391	24	0,63348	2	1,26696
813	IDOL_MINNIE_Ni3_813.txt	22	0,00346	24	0,53634	2	1,07268
814	IDOL_MINNIE_Ni3_814.txt	22	0,00396	24	0,42494	2	0,84989
815	IDOL_MINNIE_Ni3_815.txt	22	0,0042	24	0,32539	2	0,65078
816	IDOL_MINNIE_Ni3_816.txt	24	0,00513	24	0,23672	0	0
817	IDOL_MINNIE_Ni3_817.txt	24	0,00385	24	0,1584	0	0
818	IDOL_MINNIE_Ni3_818.txt	24	0,0028	24	0,14791	0	0
819	IDOL_MINNIE_Ni3_819.txt	24	0,00316	24	0,19951	0	0
820	IDOL_MINNIE_Ni3_820.txt	24	0,00379	24	0,27383	0	0
821	IDOL_MINNIE_Ni3_821.txt	24	0,00258	24	0,37406	0	0
822	IDOL_MINNIE_Ni3_822.txt	24	0,00263	24	0,37406	0	0
823	IDOL_MINNIE_Ni3_823.txt	24	0,00361	24	0,46004	0	0
824	IDOL_MINNIE_Ni3_824.txt	22	0,00313	24	0,54089	2	1,08178
825	IDOL_MINNIE_Ni3_825.txt	2	0,0034	24	0,62363	22	13,71983
826	IDOL_MINNIE_Ni3_826.txt	22	0,00316	24	0,67727	2	1,35455
827	IDOL_MINNIE_Ni3_827.txt	23	0,00463	24	0,72339	1	0,72339
828	IDOL_MINNIE_Ni3_828.txt	22	0,00285	24	0,76357	2	1,52715
829	IDOL_MINNIE_Ni3_829.txt	22	0,00313	24	0,81975	2	1,6395
830	IDOL_MINNIE_Ni3_830.txt	2	0,00399	24	0,88504	22	19,47095
831	IDOL_MINNIE_Ni3_831.txt	2	0,0087	24	0,9838	22	21,64358
832	IDOL_MINNIE_Ni3_832.txt	24	0,01421	24	1,05242	0	0
833	IDOL_MINNIE_Ni3_833.txt	2	0,01286	24	1,13224	22	24,90927
834	IDOL_MINNIE_Ni3_834.txt	2	0,00989	24	1,20568	22	26,52506
835	IDOL_MINNIE_Ni3_835.txt	2	0,00617	24	1,27437	22	28,03624
836	IDOL_MINNIE_Ni3_836.txt	2	0,00594	24	1,33758	22	29,42679
837	IDOL_MINNIE_Ni3_837.txt	23	0,00786	24	1,36019	1	1,36019
838	IDOL_MINNIE_Ni3_838.txt	23	0,00604	24	1,36019	1	1,36019
839	IDOL_MINNIE_Ni3_839.txt	11	0,00717	24	1,41541	13	18,40038
840	IDOL_MINNIE_Ni3_840.txt	26	0,00367	25	1,36973	1	1,36973
841	IDOL_MINNIE_Ni3_841.txt	18	0,0014	25	1,25567	7	8,7897
842	IDOL_MINNIE_Ni3_842.txt	18	0,00173	25	1,15031	7	8,05217
843	IDOL_MINNIE_Ni3_843.txt	0	0,00459	25	1,0492	25	26,22994
844	IDOL_MINNIE_Ni3_844.txt	0	0,00433	25	0,94246	25	23,56146
845	IDOL_MINNIE_Ni3_845.txt	0	0,00433	25	0,84261	25	21,06527
846	IDOL_MINNIE_Ni3_846.txt	18	0,00266	25	0,72807	7	5,09648
847	IDOL_MINNIE_Ni3_847.txt	18	0,00241	25	0,62145	7	4,35014
848	IDOL_MINNIE_Ni3_848.txt	17	0,00246	25	0,52096	8	4,16767
849	IDOL_MINNIE_Ni3_849.txt	17	0,00253	25	0,41596	8	3,32769
850	IDOL_MINNIE_Ni3_850.txt	0	0,00627	25	0,32158	25	8,03961
851	IDOL_MINNIE_Ni3_851.txt	18	0,00436	25	0,24358	7	1,70503
852	IDOL_MINNIE_Ni3_852.txt	0	0,00631	25	0,19003	25	4,75069
853	IDOL_MINNIE_Ni3_853.txt	18	0,00462	25	0,18774	7	1,31417
854	IDOL_MINNIE_Ni3_854.txt	18	0,00352	25	0,2378	7	1,66462
855	IDOL_MINNIE_Ni3_855.txt	17	0,00319	25	0,2378	8	1,90242
856	IDOL_MINNIE_Ni3_856.txt	18	0,00325	25	0,31639	7	2,2147
857	IDOL_MINNIE_Ni3_857.txt	18	0,00327	25	0,40951	7	2,8666
858	IDOL_MINNIE_Ni3_858.txt	17	0,00277	25	0,50607	8	4,04854
859	IDOL_MINNIE_Ni3_859.txt	18	0,0033	22	0,55284	4	2,21137
860	IDOL_MINNIE_Ni3_860.txt	17	0,00309	22	0,4401	5	2,20048
861	IDOL_MINNIE_Ni3_861.txt	17	0,00318	22	0,33745	5	1,68724
862	IDOL_MINNIE_Ni3_862.txt	17	0,00354	22	0,23553	5	1,17767
863	IDOL_MINNIE_Ni3_863.txt	17	0,00473	22	0,12793	5	0,63965
864	IDOL_MINNIE_Ni3_864.txt	17	0,0048	22	0,04735	5	0,23674
865	IDOL_MINNIE_Ni3_865.txt	17	0,00418	22	0,09948	5	0,49741
866	IDOL_MINNIE_Ni3_866.txt	17	0,00447	22	0,20585	5	1,02926
867	IDOL_MINNIE_Ni3_867.txt	17	0,0034	22	0,30812	5	1,54062
868	IDOL_MINNIE_Ni3_868.txt	17	0,00442	22	0,41273	5	2,06364
869	IDOL_MINNIE_Ni3_869.txt	17	0,00431	22	0,52202	5	2,6101
870	IDOL_MINNIE_Ni3_870.txt	17	0,00395	26	0,48956	9	4,40604
871	IDOL_MINNIE_Ni3_871.txt	17	0,00296	26	0,48956	9	4,40604
872	IDOL_MINNIE_Ni3_872.txt	17	0,0018	26	0,41059	9	3,69533
873	IDOL_MINNIE_Ni3_873.txt	17	0,00217	26	0,33381	9	3,00429
874	IDOL_MINNIE_Ni3_874.txt	26	0,00423	26	0,26882	0	0
875	IDOL_MINNIE_Ni3_875.txt	26	0,00418	26	0,21646	0	0
876	IDOL_MINNIE_Ni3_876.txt	26	0,00347	26	0,20153	0	0
877	IDOL_MINNIE_Ni3_877.txt	26	0,00293	26	0,2265	0	0
878	IDOL_MINNIE_Ni3_878.txt	3	0,00905	4	0,38347	1	0,38347
879	IDOL_MINNIE_Ni3_879.txt	7	0,00605	4	0,28977	3	0,86931
880	IDOL_MINNIE_Ni3_880.txt	7	0,0072	4	0,19866	3	0,59598
881	IDOL_MINNIE_Ni3_881.txt	19	0,00474	4	0,13775	15	2,06619
882	IDOL_MINNIE_Ni3_882.txt	19	0,00439	4	0,15305	15	2,29575
883	IDOL_MINNIE_Ni3_883.txt	26	0,00354	4	0,22241	22	4,89307
884	IDOL_MINNIE_Ni3_884.txt	19	0,00434	4	0,3183	15	4,77447
885	IDOL_MINNIE_Ni3_885.txt	3	0,00283	4	0,42128	1	0,42128
886	IDOL_MINNIE_Ni3_886.txt	18	0,002	4	0,50918	14	7,12852
887	IDOL_MINNIE_Ni3_887.txt	18	0,00489	4	0,61621	14	8,62698
888	IDOL_MINNIE_Ni3_888.txt	18	0,00287	4	0,61621	14	8,62698
889	IDOL_MINNIE_Ni3_889.txt	17	0,00341	4	0,7185	13	9,34054
890	IDOL_MINNIE_Ni3_890.txt	17	0,00287	4	0,8237	13	10,70813
891	IDOL_MINNIE_Ni3_891.txt	17	0,00146	4	0,93001	13	12,09014
892	IDOL_MINNIE_Ni3_892.txt	17	0,00227	4	1,03449	13	13,4484
893	IDOL_MINNIE_Ni3_893.txt	18	0,00694	4	1,1181	14	15,65337
894	IDOL_MINNIE_Ni3_894.txt	11	0,00732	27	1,16704	16	18,6727
895	IDOL_MINNIE_Ni3_895.txt	11	0,00863	27	1,07048	16	17,12763
896	IDOL_MINNIE_Ni3_896.txt	11	0,00734	27	0,97076	16	15,53218
897	IDOL_MINNIE_Ni3_897.txt	11	0,00412	27	0,85558	16	13,6893
898	IDOL_MINNIE_Ni3_898.txt	0	0,00712	27	0,76011	27	20,52288
899	IDOL_MINNIE_Ni3_899.txt	11	0,00587	27	0,64893	16	10,38293
900	IDOL_MINNIE_Ni3_900.txt	11	0,00499	27	0,552	16	8,83204
901	IDOL_MINNIE_Ni3_901.txt	0	0,00556	27	0,48543	27	13,10669
902	IDOL_MINNIE_Ni3_902.txt	0	0,00455	27	0,41329	27	11,15879
903	IDOL_MINNIE_Ni3_903.txt	11	0,00586	27	0,3362	16	5,37922
904	IDOL_MINNIE_Ni3_904.txt	0	0,00482	27	0,3362	27	9,07744
905	IDOL_MINNIE_Ni3_905.txt	11	0,00701	27	0,29403	16	4,70441
906	IDOL_MINNIE_Ni3_906.txt	18	0,0062	27	0,27459	9	2,47135
907	IDOL_MINNIE_Ni3_907.txt	11	0,00565	27	0,30047	16	4,80756
908	IDOL_MINNIE_Ni3_908.txt	0	0,00573	27	0,35611	27	9,61488
909	IDOL_MINNIE_Ni3_909.txt	18	0,00718	27	0,42028	9	3,78253
910	IDOL_MINNIE_Ni3_910.txt	11	0,00436	27	0,50944	16	8,15096
911	IDOL_MINNIE_Ni3_911.txt	11	0,00685	27	0,60119	16	9,61905
912	IDOL_MINNIE_Ni3_912.txt	11	0,00538	27	0,67422	16	10,78745
913	IDOL_MINNIE_Ni3_913.txt	26	0,00657	27	0,78061	1	0,78061
914	IDOL_MINNIE_Ni3_914.txt	0	0,00533	27	0,83403	27	22,51885
915	IDOL_MINNIE_Ni3_915.txt	21	0,00531	27	0,93748	6	5,6249
916	IDOL_MINNIE_Ni3_916.txt	0	0,00526	27	1,04142	27	28,11826
917	IDOL_MINNIE_Ni3_917.txt	0	0,00442	27	1,13345	27	30,60319
918	IDOL_MINNIE_Ni3_918.txt	0	0,00377	3	1,19701	3	3,59102
919	IDOL_MINNIE_Ni3_919.txt	0	0,00369	3	1,09671	3	3,29014
920	IDOL_MINNIE_Ni3_920.txt	0	0,00409	3	1,00159	3	3,00477
921	IDOL_MINNIE_Ni3_921.txt	18	0,00263	3	0,91127	15	13,66905
