#	ImageName	Similar Node	Distance	Near Node	Distance	Transitions	Evaluation
1	IDOL_MINNIE_Cl2_1.txt	25	0,00332	3	0,19106	22	4,20329
2	IDOL_MINNIE_Cl2_2.txt	25	0,00357	3	0,16505	22	3,63109
3	IDOL_MINNIE_Cl2_3.txt	25	0,00353	3	0,16001	22	3,52018
4	IDOL_MINNIE_Cl2_4.txt	25	0,00472	3	0,1824	22	4,01273
5	IDOL_MINNIE_Cl2_5.txt	25	0,00338	3	0,24618	22	5,4159
6	IDOL_MINNIE_Cl2_6.txt	25	0,00636	3	0,33829	22	7,4423
7	IDOL_MINNIE_Cl2_7.txt	25	0,00716	3	0,44654	22	9,82386
8	IDOL_MINNIE_Cl2_8.txt	0	0,00551	0	0,40504	0	0
9	IDOL_MINNIE_Cl2_9.txt	18	0,00428	0	0,30098	18	5,41772
10	IDOL_MINNIE_Cl2_10.txt	0	0,00171	0	0,18846	0	0
11	IDOL_MINNIE_Cl2_11.txt	0	0,00331	0	0,07414	0	0
12	IDOL_MINNIE_Cl2_12.txt	1	0,00568	0	0,03908	1	0,03908
13	IDOL_MINNIE_Cl2_13.txt	1	0,00539	0	0,14851	1	0,14851
14	IDOL_MINNIE_Cl2_14.txt	1	0,0038	0	0,24972	1	0,24972
15	IDOL_MINNIE_Cl2_15.txt	1	0,00494	0	0,38458	1	0,38458
16	IDOL_MINNIE_Cl2_16.txt	1	0,00598	0	0,38458	1	0,38458
17	IDOL_MINNIE_Cl2_17.txt	1	0,00414	0	0,49358	1	0,49358
18	IDOL_MINNIE_Cl2_18.txt	1	0,00556	0	0,61262	1	0,61262
19	IDOL_MINNIE_Cl2_19.txt	1	0,00672	0	0,72714	1	0,72714
20	IDOL_MINNIE_Cl2_20.txt	1	0,0041	0	0,83864	1	0,83864
21	IDOL_MINNIE_Cl2_21.txt	1	0,00622	0	0,9499	1	0,9499
22	IDOL_MINNIE_Cl2_22.txt	24	0,00868	0	1,04364	24	25,04743
23	IDOL_MINNIE_Cl2_23.txt	1	0,00418	0	1,14388	1	1,14388
24	IDOL_MINNIE_Cl2_24.txt	1	0,0089	0	1,23046	1	1,23046
25	IDOL_MINNIE_Cl2_25.txt	1	0,00318	1	1,28425	0	0
26	IDOL_MINNIE_Cl2_26.txt	1	0,00547	1	1,1617	0	0
27	IDOL_MINNIE_Cl2_27.txt	1	0,00313	1	1,02365	0	0
28	IDOL_MINNIE_Cl2_28.txt	1	0,00443	1	0,906	0	0
29	IDOL_MINNIE_Cl2_29.txt	1	0,00544	1	0,78572	0	0
30	IDOL_MINNIE_Cl2_30.txt	1	0,00318	1	0,67979	0	0
31	IDOL_MINNIE_Cl2_31.txt	24	0,00618	1	0,56265	23	12,94101
32	IDOL_MINNIE_Cl2_32.txt	1	0,0024	1	0,56265	0	0
33	IDOL_MINNIE_Cl2_33.txt	1	0,00401	1	0,46658	0	0
34	IDOL_MINNIE_Cl2_34.txt	1	0,00333	1	0,36441	0	0
35	IDOL_MINNIE_Cl2_35.txt	1	0,00258	1	0,24077	0	0
36	IDOL_MINNIE_Cl2_36.txt	1	0,00238	1	0,15433	0	0
37	IDOL_MINNIE_Cl2_37.txt	1	0,00266	1	0,08949	0	0
38	IDOL_MINNIE_Cl2_38.txt	1	0,00224	1	0,08124	0	0
39	IDOL_MINNIE_Cl2_39.txt	1	0,00278	1	0,13271	0	0
40	IDOL_MINNIE_Cl2_40.txt	1	0,00543	1	0,19878	0	0
41	IDOL_MINNIE_Cl2_41.txt	26	0,00341	1	0,33326	25	8,3315
42	IDOL_MINNIE_Cl2_42.txt	3	0,00433	1	0,4252	2	0,85041
43	IDOL_MINNIE_Cl2_43.txt	3	0,00432	1	0,55896	2	1,11793
44	IDOL_MINNIE_Cl2_44.txt	22	0,00464	1	0,66178	21	13,89742
45	IDOL_MINNIE_Cl2_45.txt	19	0,00801	1	0,7467	18	13,44054
46	IDOL_MINNIE_Cl2_46.txt	19	0,01139	1	0,85536	18	15,39651
47	IDOL_MINNIE_Cl2_47.txt	19	0,01026	1	0,93594	18	16,84692
48	IDOL_MINNIE_Cl2_48.txt	19	0,00642	1	0,93594	18	16,84692
49	IDOL_MINNIE_Cl2_49.txt	2	0,00465	1	1,01287	1	1,01287
50	IDOL_MINNIE_Cl2_50.txt	2	0,00484	1	1,09021	1	1,09021
51	IDOL_MINNIE_Cl2_51.txt	2	0,00484	1	1,2258	1	1,2258
52	IDOL_MINNIE_Cl2_52.txt	2	0,00262	1	1,27523	1	1,27523
53	IDOL_MINNIE_Cl2_53.txt	2	0,00303	1	1,31865	1	1,31865
54	IDOL_MINNIE_Cl2_54.txt	2	0,00548	2	1,30919	0	0
55	IDOL_MINNIE_Cl2_55.txt	2	0,00761	2	1,27959	0	0
56	IDOL_MINNIE_Cl2_56.txt	2	0,00492	2	1,22452	0	0
57	IDOL_MINNIE_Cl2_57.txt	22	0,00487	2	1,17695	20	23,53894
58	IDOL_MINNIE_Cl2_58.txt	2	0,0052	2	1,12015	0	0
59	IDOL_MINNIE_Cl2_59.txt	2	0,00529	2	1,04952	0	0
60	IDOL_MINNIE_Cl2_60.txt	2	0,00511	2	0,99396	0	0
61	IDOL_MINNIE_Cl2_61.txt	2	0,00657	2	0,93397	0	0
62	IDOL_MINNIE_Cl2_62.txt	2	0,01112	2	0,87714	0	0
63	IDOL_MINNIE_Cl2_63.txt	24	0,00909	2	0,8319	22	18,30189
64	IDOL_MINNIE_Cl2_64.txt	24	0,01159	2	0,8319	22	18,30189
65	IDOL_MINNIE_Cl2_65.txt	24	0,00764	2	0,75564	22	16,62417
66	IDOL_MINNIE_Cl2_66.txt	2	0,00414	2	0,68794	0	0
67	IDOL_MINNIE_Cl2_67.txt	2	0,0048	2	0,61169	0	0
68	IDOL_MINNIE_Cl2_68.txt	2	0,00521	2	0,51824	0	0
69	IDOL_MINNIE_Cl2_69.txt	2	0,00436	2	0,43128	0	0
70	IDOL_MINNIE_Cl2_70.txt	2	0,00624	2	0,34933	0	0
71	IDOL_MINNIE_Cl2_71.txt	22	0,00692	2	0,29435	20	5,88709
72	IDOL_MINNIE_Cl2_72.txt	9	0,00556	2	0,26488	7	1,85416
73	IDOL_MINNIE_Cl2_73.txt	3	0,01158	2	0,26262	1	0,26262
74	IDOL_MINNIE_Cl2_74.txt	3	0,01074	2	0,29956	1	0,29956
75	IDOL_MINNIE_Cl2_75.txt	2	0,00862	2	0,35601	0	0
76	IDOL_MINNIE_Cl2_76.txt	2	0,00926	2	0,42927	0	0
77	IDOL_MINNIE_Cl2_77.txt	2	0,00505	2	0,51242	0	0
78	IDOL_MINNIE_Cl2_78.txt	2	0,00799	2	0,65053	0	0
79	IDOL_MINNIE_Cl2_79.txt	2	0,00553	2	0,73319	0	0
80	IDOL_MINNIE_Cl2_80.txt	2	0,00826	2	0,81892	0	0
81	IDOL_MINNIE_Cl2_81.txt	2	0,00849	2	0,81892	0	0
82	IDOL_MINNIE_Cl2_82.txt	2	0,00562	2	0,90171	0	0
83	IDOL_MINNIE_Cl2_83.txt	2	0,00675	2	1,0198	0	0
84	IDOL_MINNIE_Cl2_84.txt	2	0,00493	2	1,11766	0	0
85	IDOL_MINNIE_Cl2_85.txt	2	0,00454	2	1,20616	0	0
86	IDOL_MINNIE_Cl2_86.txt	2	0,00415	2	1,3009	0	0
87	IDOL_MINNIE_Cl2_87.txt	2	0,00302	2	1,39428	0	0
88	IDOL_MINNIE_Cl2_88.txt	2	0,00445	2	1,49063	0	0
89	IDOL_MINNIE_Cl2_89.txt	2	0,00341	0	1,52374	2	3,04748
90	IDOL_MINNIE_Cl2_90.txt	2	0,00464	0	1,47218	2	2,94436
91	IDOL_MINNIE_Cl2_91.txt	23	0,0044	0	1,38905	23	31,94822
92	IDOL_MINNIE_Cl2_92.txt	2	0,00363	0	1,33862	2	2,67724
93	IDOL_MINNIE_Cl2_93.txt	2	0,00346	0	1,26872	2	2,53743
94	IDOL_MINNIE_Cl2_94.txt	2	0,00398	0	1,20081	2	2,40161
95	IDOL_MINNIE_Cl2_95.txt	2	0,00489	0	1,13697	2	2,27395
96	IDOL_MINNIE_Cl2_96.txt	2	0,00522	0	1,07203	2	2,14406
97	IDOL_MINNIE_Cl2_97.txt	3	0,006	0	1,07203	3	3,21609
98	IDOL_MINNIE_Cl2_98.txt	3	0,00774	0	1,01606	3	3,04817
99	IDOL_MINNIE_Cl2_99.txt	3	0,00598	0	0,96919	3	2,90758
100	IDOL_MINNIE_Cl2_100.txt	3	0,00763	0	0,91395	3	2,74185
101	IDOL_MINNIE_Cl2_101.txt	3	0,00581	0	0,85892	3	2,57675
102	IDOL_MINNIE_Cl2_102.txt	3	0,0086	0	0,79948	3	2,39844
103	IDOL_MINNIE_Cl2_103.txt	3	0,00655	0	0,72295	3	2,16886
104	IDOL_MINNIE_Cl2_104.txt	3	0,00294	0	0,64695	3	1,94085
105	IDOL_MINNIE_Cl2_105.txt	3	0,00386	0	0,56546	3	1,69639
106	IDOL_MINNIE_Cl2_106.txt	22	0,004	0	0,48688	22	10,71145
107	IDOL_MINNIE_Cl2_107.txt	8	0,00465	0	0,42579	8	3,40629
108	IDOL_MINNIE_Cl2_108.txt	13	0,00663	0	0,38392	13	4,99094
109	IDOL_MINNIE_Cl2_109.txt	8	0,00533	0	0,37458	8	2,99667
110	IDOL_MINNIE_Cl2_110.txt	14	0,0034	0	0,3996	14	5,59436
111	IDOL_MINNIE_Cl2_111.txt	7	0,00552	0	0,44306	7	3,10143
112	IDOL_MINNIE_Cl2_112.txt	3	0,00419	3	0,45245	0	0
113	IDOL_MINNIE_Cl2_113.txt	7	0,0046	3	0,43067	4	1,72267
114	IDOL_MINNIE_Cl2_114.txt	19	0,0049	3	0,43067	16	6,89067
115	IDOL_MINNIE_Cl2_115.txt	19	0,00599	3	0,411	16	6,57593
116	IDOL_MINNIE_Cl2_116.txt	19	0,00572	3	0,3608	16	5,77282
117	IDOL_MINNIE_Cl2_117.txt	19	0,0077	3	0,30808	16	4,9292
118	IDOL_MINNIE_Cl2_118.txt	3	0,00601	3	0,25551	0	0
119	IDOL_MINNIE_Cl2_119.txt	3	0,00313	3	0,18073	0	0
120	IDOL_MINNIE_Cl2_120.txt	9	0,0057	3	0,10976	6	0,65855
121	IDOL_MINNIE_Cl2_121.txt	3	0,00347	3	0,08901	0	0
122	IDOL_MINNIE_Cl2_122.txt	22	0,00504	3	0,11924	19	2,26558
123	IDOL_MINNIE_Cl2_123.txt	22	0,00678	3	0,19973	19	3,79481
124	IDOL_MINNIE_Cl2_124.txt	20	0,00525	3	0,27571	17	4,68713
125	IDOL_MINNIE_Cl2_125.txt	12	0,00288	3	0,39823	9	3,58403
126	IDOL_MINNIE_Cl2_126.txt	12	0,00294	3	0,48813	9	4,39318
127	IDOL_MINNIE_Cl2_127.txt	4	0,00459	3	0,62255	1	0,62255
128	IDOL_MINNIE_Cl2_128.txt	4	0,00442	3	0,71323	1	0,71323
129	IDOL_MINNIE_Cl2_129.txt	4	0,00453	3	0,80679	1	0,80679
130	IDOL_MINNIE_Cl2_130.txt	4	0,00539	3	0,80679	1	0,80679
131	IDOL_MINNIE_Cl2_131.txt	4	0,00366	3	0,90385	1	0,90385
132	IDOL_MINNIE_Cl2_132.txt	4	0,00432	3	1,08188	1	1,08188
133	IDOL_MINNIE_Cl2_133.txt	12	0,00216	3	1,18634	9	10,67702
134	IDOL_MINNIE_Cl2_134.txt	12	0,00325	27	1,14732	15	17,20975
135	IDOL_MINNIE_Cl2_135.txt	12	0,00434	27	1,05477	15	15,82154
136	IDOL_MINNIE_Cl2_136.txt	10	0,00171	27	0,92624	17	15,74612
137	IDOL_MINNIE_Cl2_137.txt	10	0,00156	27	0,82282	17	13,98798
138	IDOL_MINNIE_Cl2_138.txt	12	0,00231	27	0,72075	15	10,81123
139	IDOL_MINNIE_Cl2_139.txt	10	0,0016	27	0,59724	17	10,15304
140	IDOL_MINNIE_Cl2_140.txt	12	0,00246	27	0,50173	15	7,52593
141	IDOL_MINNIE_Cl2_141.txt	12	0,00333	27	0,41662	15	6,24933
142	IDOL_MINNIE_Cl2_142.txt	12	0,00373	27	0,32972	15	4,94583
143	IDOL_MINNIE_Cl2_143.txt	4	0,00567	27	0,25019	23	5,7543
144	IDOL_MINNIE_Cl2_144.txt	4	0,0038	27	0,16044	23	3,69022
145	IDOL_MINNIE_Cl2_145.txt	4	0,00318	27	0,19623	23	4,51333
146	IDOL_MINNIE_Cl2_146.txt	12	0,00454	27	0,19623	15	2,94347
147	IDOL_MINNIE_Cl2_147.txt	4	0,00377	27	0,26992	23	6,20815
148	IDOL_MINNIE_Cl2_148.txt	12	0,00224	27	0,34846	15	5,2269
149	IDOL_MINNIE_Cl2_149.txt	4	0,00303	27	0,43484	23	10,00127
150	IDOL_MINNIE_Cl2_150.txt	4	0,00371	27	0,58039	23	13,3489
151	IDOL_MINNIE_Cl2_151.txt	21	0,00416	27	0,67474	6	4,04846
152	IDOL_MINNIE_Cl2_152.txt	21	0,00429	27	0,76971	6	4,61824
153	IDOL_MINNIE_Cl2_153.txt	21	0,0025	27	0,86582	6	5,19492
154	IDOL_MINNIE_Cl2_154.txt	4	0,00227	27	0,97675	23	22,46536
155	IDOL_MINNIE_Cl2_155.txt	4	0,00256	27	1,11162	23	25,56727
156	IDOL_MINNIE_Cl2_156.txt	20	0,00391	4	1,15765	16	18,52245
157	IDOL_MINNIE_Cl2_157.txt	20	0,00323	4	1,06373	16	17,0197
158	IDOL_MINNIE_Cl2_158.txt	20	0,0033	4	0,92933	16	14,86924
159	IDOL_MINNIE_Cl2_159.txt	20	0,0033	4	0,80568	16	12,89089
160	IDOL_MINNIE_Cl2_160.txt	20	0,00478	4	0,70943	16	11,35081
161	IDOL_MINNIE_Cl2_161.txt	20	0,00315	4	0,59774	16	9,5639
162	IDOL_MINNIE_Cl2_162.txt	20	0,00547	4	0,59774	16	9,5639
163	IDOL_MINNIE_Cl2_163.txt	4	0,00406	4	0,49547	0	0
164	IDOL_MINNIE_Cl2_164.txt	4	0,00405	4	0,40165	0	0
165	IDOL_MINNIE_Cl2_165.txt	12	0,00331	4	0,292	8	2,33601
166	IDOL_MINNIE_Cl2_166.txt	4	0,00328	4	0,19486	0	0
167	IDOL_MINNIE_Cl2_167.txt	4	0,00354	4	0,07556	0	0
168	IDOL_MINNIE_Cl2_168.txt	4	0,00392	4	0,06039	0	0
169	IDOL_MINNIE_Cl2_169.txt	4	0,00318	4	0,16376	0	0
170	IDOL_MINNIE_Cl2_170.txt	12	0,00392	4	0,24495	8	1,95959
171	IDOL_MINNIE_Cl2_171.txt	4	0,00337	4	0,3427	0	0
172	IDOL_MINNIE_Cl2_172.txt	4	0,00271	4	0,4418	0	0
173	IDOL_MINNIE_Cl2_173.txt	12	0,0041	4	0,52911	8	4,23286
174	IDOL_MINNIE_Cl2_174.txt	12	0,00331	4	0,62936	8	5,03492
175	IDOL_MINNIE_Cl2_175.txt	4	0,00415	4	0,73671	0	0
176	IDOL_MINNIE_Cl2_176.txt	4	0,00261	4	0,83472	0	0
177	IDOL_MINNIE_Cl2_177.txt	4	0,00218	4	0,93335	0	0
178	IDOL_MINNIE_Cl2_178.txt	4	0,00372	4	0,93335	0	0
179	IDOL_MINNIE_Cl2_179.txt	27	0,00349	4	1,04192	23	23,96412
180	IDOL_MINNIE_Cl2_180.txt	27	0,00339	4	1,13514	23	26,10826
181	IDOL_MINNIE_Cl2_181.txt	21	0,00202	4	1,23619	17	21,0153
182	IDOL_MINNIE_Cl2_182.txt	21	0,00392	4	1,33365	17	22,67202
183	IDOL_MINNIE_Cl2_183.txt	4	0,0037	4	1,40467	0	0
184	IDOL_MINNIE_Cl2_184.txt	4	0,00304	4	1,6865	0	0
185	IDOL_MINNIE_Cl2_185.txt	4	0,00417	9	1,60944	5	8,04722
186	IDOL_MINNIE_Cl2_186.txt	11	0,00222	9	1,49893	2	2,99786
187	IDOL_MINNIE_Cl2_187.txt	11	0,00464	9	1,40171	2	2,80342
188	IDOL_MINNIE_Cl2_188.txt	21	0,0022	9	1,3017	12	15,62039
189	IDOL_MINNIE_Cl2_189.txt	21	0,00381	9	1,21118	12	14,53419
190	IDOL_MINNIE_Cl2_190.txt	11	0,00576	9	1,11269	2	2,22538
191	IDOL_MINNIE_Cl2_191.txt	4	0,00432	9	1,02433	5	5,12167
192	IDOL_MINNIE_Cl2_192.txt	12	0,00372	9	0,93339	3	2,80018
193	IDOL_MINNIE_Cl2_193.txt	10	0,00094	9	0,85704	1	0,85704
194	IDOL_MINNIE_Cl2_194.txt	10	0,00118	9	0,85704	1	0,85704
195	IDOL_MINNIE_Cl2_195.txt	10	0,00236	9	0,78479	1	0,78479
196	IDOL_MINNIE_Cl2_196.txt	12	0,00208	9	0,73092	3	2,19276
197	IDOL_MINNIE_Cl2_197.txt	12	0,0011	9	0,70353	3	2,11059
198	IDOL_MINNIE_Cl2_198.txt	12	0,00159	9	0,67802	3	2,03405
199	IDOL_MINNIE_Cl2_199.txt	12	0,00101	9	0,66024	3	1,98073
200	IDOL_MINNIE_Cl2_200.txt	12	0,00066	9	0,65071	3	1,95212
201	IDOL_MINNIE_Cl2_201.txt	12	0,00253	9	0,62529	3	1,87588
202	IDOL_MINNIE_Cl2_202.txt	4	0,0046	9	0,59568	5	2,97839
203	IDOL_MINNIE_Cl2_203.txt	11	0,00175	9	0,55612	2	1,11224
204	IDOL_MINNIE_Cl2_204.txt	3	0,00311	9	0,5214	6	3,1284
205	IDOL_MINNIE_Cl2_205.txt	26	0,00455	9	0,48047	17	8,168
206	IDOL_MINNIE_Cl2_206.txt	3	0,00364	9	0,44911	6	2,69467
207	IDOL_MINNIE_Cl2_207.txt	3	0,0048	9	0,42711	6	2,56265
208	IDOL_MINNIE_Cl2_208.txt	19	0,00575	9	0,39493	10	3,94927
209	IDOL_MINNIE_Cl2_209.txt	2	0,00482	9	0,35133	7	2,45933
210	IDOL_MINNIE_Cl2_210.txt	22	0,00388	9	0,35133	13	4,56733
211	IDOL_MINNIE_Cl2_211.txt	14	0,00443	9	0,31933	5	1,59667
212	IDOL_MINNIE_Cl2_212.txt	5	0,00298	9	0,23611	4	0,94445
213	IDOL_MINNIE_Cl2_213.txt	5	0,00255	9	0,19443	4	0,77774
214	IDOL_MINNIE_Cl2_214.txt	5	0,00629	9	0,12541	4	0,50163
215	IDOL_MINNIE_Cl2_215.txt	5	0,00446	9	0,05983	4	0,23931
216	IDOL_MINNIE_Cl2_216.txt	5	0,00392	9	0,03607	4	0,14427
217	IDOL_MINNIE_Cl2_217.txt	5	0,00415	9	0,16909	4	0,67635
218	IDOL_MINNIE_Cl2_218.txt	5	0,00462	9	0,23803	4	0,95212
219	IDOL_MINNIE_Cl2_219.txt	14	0,00652	9	0,28649	5	1,43243
220	IDOL_MINNIE_Cl2_220.txt	14	0,00711	9	0,43809	5	2,19047
221	IDOL_MINNIE_Cl2_221.txt	14	0,00636	9	0,55486	5	2,77429
222	IDOL_MINNIE_Cl2_222.txt	5	0,00421	5	0,47616	0	0
223	IDOL_MINNIE_Cl2_223.txt	14	0,00596	5	0,3916	9	3,52442
224	IDOL_MINNIE_Cl2_224.txt	5	0,00445	5	0,30757	0	0
225	IDOL_MINNIE_Cl2_225.txt	5	0,00482	5	0,23865	0	0
226	IDOL_MINNIE_Cl2_226.txt	5	0,00837	5	0,23865	0	0
227	IDOL_MINNIE_Cl2_227.txt	5	0,00641	5	0,20424	0	0
228	IDOL_MINNIE_Cl2_228.txt	5	0,00488	5	0,21432	0	0
229	IDOL_MINNIE_Cl2_229.txt	14	0,00653	5	0,26815	9	2,41333
230	IDOL_MINNIE_Cl2_230.txt	5	0,00791	5	0,34238	0	0
231	IDOL_MINNIE_Cl2_231.txt	5	0,00548	5	0,42289	0	0
232	IDOL_MINNIE_Cl2_232.txt	8	0,00403	5	0,52392	3	1,57177
233	IDOL_MINNIE_Cl2_233.txt	13	0,00506	5	0,63117	8	5,0494
234	IDOL_MINNIE_Cl2_234.txt	8	0,00523	5	0,76786	3	2,30358
235	IDOL_MINNIE_Cl2_235.txt	2	0,00775	5	0,86554	3	2,59661
236	IDOL_MINNIE_Cl2_236.txt	23	0,00887	5	0,97282	18	17,51072
237	IDOL_MINNIE_Cl2_237.txt	5	0,00865	6	1,01657	1	1,01657
238	IDOL_MINNIE_Cl2_238.txt	5	0,00644	6	0,93437	1	0,93437
239	IDOL_MINNIE_Cl2_239.txt	5	0,00352	6	0,82361	1	0,82361
240	IDOL_MINNIE_Cl2_240.txt	5	0,00611	6	0,72828	1	0,72828
241	IDOL_MINNIE_Cl2_241.txt	5	0,00776	6	0,72828	1	0,72828
242	IDOL_MINNIE_Cl2_242.txt	6	0,01077	6	0,61873	0	0
243	IDOL_MINNIE_Cl2_243.txt	5	0,00863	6	0,52637	1	0,52637
244	IDOL_MINNIE_Cl2_244.txt	6	0,00842	6	0,491	0	0
245	IDOL_MINNIE_Cl2_245.txt	14	0,00556	6	0,3182	8	2,5456
246	IDOL_MINNIE_Cl2_246.txt	6	0,00438	6	0,22283	0	0
247	IDOL_MINNIE_Cl2_247.txt	6	0,00263	6	0,08786	0	0
248	IDOL_MINNIE_Cl2_248.txt	6	0,00655	6	0,10281	0	0
249	IDOL_MINNIE_Cl2_249.txt	6	0,01317	6	0,1816	0	0
250	IDOL_MINNIE_Cl2_250.txt	6	0,0082	6	0,27549	0	0
251	IDOL_MINNIE_Cl2_251.txt	7	0,00404	6	0,33773	1	0,33773
252	IDOL_MINNIE_Cl2_252.txt	7	0,00231	6	0,44124	1	0,44124
253	IDOL_MINNIE_Cl2_253.txt	7	0,00302	8	0,4436	1	0,4436
254	IDOL_MINNIE_Cl2_254.txt	7	0,00331	8	0,34686	1	0,34686
255	IDOL_MINNIE_Cl2_255.txt	7	0,00426	8	0,20391	1	0,20391
256	IDOL_MINNIE_Cl2_256.txt	7	0,00395	8	0,12611	1	0,12611
257	IDOL_MINNIE_Cl2_257.txt	7	0,00454	8	0,11865	1	0,11865
258	IDOL_MINNIE_Cl2_258.txt	7	0,00753	8	0,11865	1	0,11865
259	IDOL_MINNIE_Cl2_259.txt	7	0,00587	8	0,17938	1	0,17938
260	IDOL_MINNIE_Cl2_260.txt	7	0,00828	8	0,26682	1	0,26682
261	IDOL_MINNIE_Cl2_261.txt	7	0,00886	8	0,35152	1	0,35152
262	IDOL_MINNIE_Cl2_262.txt	7	0,00903	8	0,44679	1	0,44679
263	IDOL_MINNIE_Cl2_263.txt	7	0,00808	7	0,43157	0	0
264	IDOL_MINNIE_Cl2_264.txt	7	0,00504	7	0,33687	0	0
265	IDOL_MINNIE_Cl2_265.txt	7	0,00256	7	0,25522	0	0
266	IDOL_MINNIE_Cl2_266.txt	7	0,0036	7	0,18681	0	0
267	IDOL_MINNIE_Cl2_267.txt	22	0,00398	7	0,12248	15	1,83716
268	IDOL_MINNIE_Cl2_268.txt	23	0,00414	7	0,06232	16	0,9972
269	IDOL_MINNIE_Cl2_269.txt	2	0,00438	7	0,05987	5	0,29933
270	IDOL_MINNIE_Cl2_270.txt	2	0,00728	7	0,06329	5	0,31643
271	IDOL_MINNIE_Cl2_271.txt	14	0,00749	7	0,08042	7	0,56297
272	IDOL_MINNIE_Cl2_272.txt	14	0,00627	7	0,09586	7	0,67104
273	IDOL_MINNIE_Cl2_273.txt	8	0,00574	7	0,11142	1	0,11142
274	IDOL_MINNIE_Cl2_274.txt	6	0,00515	7	0,12916	1	0,12916
275	IDOL_MINNIE_Cl2_275.txt	14	0,00567	7	0,12916	7	0,90413
276	IDOL_MINNIE_Cl2_276.txt	14	0,00426	7	0,14766	7	1,03363
277	IDOL_MINNIE_Cl2_277.txt	14	0,00516	7	0,16451	7	1,15157
278	IDOL_MINNIE_Cl2_278.txt	14	0,00999	7	0,18643	7	1,30502
279	IDOL_MINNIE_Cl2_279.txt	5	0,00633	7	0,20552	2	0,41105
280	IDOL_MINNIE_Cl2_280.txt	5	0,00762	7	0,22415	2	0,4483
281	IDOL_MINNIE_Cl2_281.txt	6	0,00877	7	0,24043	1	0,24043
282	IDOL_MINNIE_Cl2_282.txt	6	0,00522	7	0,26081	1	0,26081
283	IDOL_MINNIE_Cl2_283.txt	14	0,00625	7	0,26978	7	1,88844
284	IDOL_MINNIE_Cl2_284.txt	14	0,00574	7	0,28447	7	1,99129
285	IDOL_MINNIE_Cl2_285.txt	14	0,00517	7	0,3004	7	2,10279
286	IDOL_MINNIE_Cl2_286.txt	14	0,00416	7	0,31541	7	2,20786
287	IDOL_MINNIE_Cl2_287.txt	14	0,00477	7	0,3295	7	2,30647
288	IDOL_MINNIE_Cl2_288.txt	7	0,00515	7	0,34348	0	0
289	IDOL_MINNIE_Cl2_289.txt	8	0,00593	7	0,36212	1	0,36212
290	IDOL_MINNIE_Cl2_290.txt	8	0,00622	7	0,37715	1	0,37715
291	IDOL_MINNIE_Cl2_291.txt	8	0,00444	7	0,37715	1	0,37715
292	IDOL_MINNIE_Cl2_292.txt	8	0,00412	7	0,39279	1	0,39279
293	IDOL_MINNIE_Cl2_293.txt	2	0,00441	7	0,42931	5	2,14655
294	IDOL_MINNIE_Cl2_294.txt	13	0,0049	8	0,46613	5	2,33065
295	IDOL_MINNIE_Cl2_295.txt	5	0,00418	8	0,41241	3	1,23724
296	IDOL_MINNIE_Cl2_296.txt	5	0,00407	8	0,36089	3	1,08266
297	IDOL_MINNIE_Cl2_297.txt	5	0,00481	8	0,30911	3	0,92733
298	IDOL_MINNIE_Cl2_298.txt	5	0,00477	8	0,26281	3	0,78843
299	IDOL_MINNIE_Cl2_299.txt	5	0,0056	8	0,23489	3	0,70467
300	IDOL_MINNIE_Cl2_300.txt	14	0,00555	8	0,23282	6	1,39694
301	IDOL_MINNIE_Cl2_301.txt	14	0,00595	8	0,26291	6	1,57748
302	IDOL_MINNIE_Cl2_302.txt	14	0,00836	8	0,31945	6	1,9167
303	IDOL_MINNIE_Cl2_303.txt	8	0,00607	8	0,38729	0	0
304	IDOL_MINNIE_Cl2_304.txt	23	0,003	8	0,47653	15	7,14797
305	IDOL_MINNIE_Cl2_305.txt	23	0,00277	6	0,47087	17	8,00487
306	IDOL_MINNIE_Cl2_306.txt	9	0,00441	6	0,37365	3	1,12096
307	IDOL_MINNIE_Cl2_307.txt	8	0,00664	6	0,37365	2	0,74731
308	IDOL_MINNIE_Cl2_308.txt	8	0,00741	6	0,27002	2	0,54003
309	IDOL_MINNIE_Cl2_309.txt	8	0,00672	6	0,15176	2	0,30352
310	IDOL_MINNIE_Cl2_310.txt	8	0,00584	6	0,0386	2	0,0772
311	IDOL_MINNIE_Cl2_311.txt	8	0,00748	6	0,07511	2	0,15021
312	IDOL_MINNIE_Cl2_312.txt	9	0,00727	6	0,1826	3	0,54781
313	IDOL_MINNIE_Cl2_313.txt	9	0,0077	6	0,2931	3	0,87931
314	IDOL_MINNIE_Cl2_314.txt	9	0,00752	6	0,40867	3	1,22601
315	IDOL_MINNIE_Cl2_315.txt	22	0,0071	6	0,49547	16	7,92749
316	IDOL_MINNIE_Cl2_316.txt	9	0,01296	6	0,60169	3	1,80508
317	IDOL_MINNIE_Cl2_317.txt	9	0,01802	6	0,70717	3	2,12151
318	IDOL_MINNIE_Cl2_318.txt	9	0,01443	6	0,79808	3	2,39424
319	IDOL_MINNIE_Cl2_319.txt	9	0,01512	6	0,92374	3	2,77121
320	IDOL_MINNIE_Cl2_320.txt	9	0,01693	5	1,0552	4	4,22079
321	IDOL_MINNIE_Cl2_321.txt	9	0,01707	5	0,95082	4	3,80329
322	IDOL_MINNIE_Cl2_322.txt	22	0,01004	5	0,84877	17	14,42911
323	IDOL_MINNIE_Cl2_323.txt	3	0,01474	5	0,84877	2	1,69754
324	IDOL_MINNIE_Cl2_324.txt	9	0,01169	5	0,73403	4	2,93612
325	IDOL_MINNIE_Cl2_325.txt	9	0,00579	5	0,63098	4	2,52391
326	IDOL_MINNIE_Cl2_326.txt	9	0,00301	5	0,51697	4	2,06786
327	IDOL_MINNIE_Cl2_327.txt	9	0,00379	5	0,41983	4	1,67933
328	IDOL_MINNIE_Cl2_328.txt	9	0,0063	5	0,2977	4	1,1908
329	IDOL_MINNIE_Cl2_329.txt	9	0,00749	5	0,20758	4	0,83033
330	IDOL_MINNIE_Cl2_330.txt	9	0,00522	5	0,1012	4	0,40479
331	IDOL_MINNIE_Cl2_331.txt	3	0,00534	5	0,07828	2	0,15657
332	IDOL_MINNIE_Cl2_332.txt	3	0,00448	5	0,16322	2	0,32645
333	IDOL_MINNIE_Cl2_333.txt	3	0,00369	5	0,26496	2	0,52991
334	IDOL_MINNIE_Cl2_334.txt	3	0,00418	5	0,36574	2	0,73148
335	IDOL_MINNIE_Cl2_335.txt	3	0,00412	5	0,47582	2	0,95164
336	IDOL_MINNIE_Cl2_336.txt	9	0,00254	9	0,49541	0	0
337	IDOL_MINNIE_Cl2_337.txt	9	0,00402	9	0,39132	0	0
338	IDOL_MINNIE_Cl2_338.txt	9	0,00439	9	0,27521	0	0
339	IDOL_MINNIE_Cl2_339.txt	9	0,00467	9	0,27521	0	0
340	IDOL_MINNIE_Cl2_340.txt	9	0,00608	9	0,17773	0	0
341	IDOL_MINNIE_Cl2_341.txt	9	0,00675	9	0,0769	0	0
342	IDOL_MINNIE_Cl2_342.txt	9	0,00414	9	0,04376	0	0
343	IDOL_MINNIE_Cl2_343.txt	9	0,00514	9	0,15124	0	0
344	IDOL_MINNIE_Cl2_344.txt	9	0,00481	9	0,2494	0	0
345	IDOL_MINNIE_Cl2_345.txt	9	0,00474	9	0,34807	0	0
346	IDOL_MINNIE_Cl2_346.txt	9	0,00489	9	0,43165	0	0
347	IDOL_MINNIE_Cl2_347.txt	9	0,00575	9	0,50832	0	0
348	IDOL_MINNIE_Cl2_348.txt	9	0,00658	9	0,60813	0	0
349	IDOL_MINNIE_Cl2_349.txt	9	0,00545	21	0,68187	12	8,18245
350	IDOL_MINNIE_Cl2_350.txt	9	0,00753	21	0,62315	12	7,47781
351	IDOL_MINNIE_Cl2_351.txt	9	0,00716	21	0,56971	12	6,83654
352	IDOL_MINNIE_Cl2_352.txt	9	0,00894	21	0,52526	12	6,30313
353	IDOL_MINNIE_Cl2_353.txt	9	0,00529	21	0,48471	12	5,81651
354	IDOL_MINNIE_Cl2_354.txt	9	0,00489	21	0,45544	12	5,46531
355	IDOL_MINNIE_Cl2_355.txt	22	0,00418	21	0,45544	1	0,45544
356	IDOL_MINNIE_Cl2_356.txt	22	0,00453	10	0,43086	12	5,1703
357	IDOL_MINNIE_Cl2_357.txt	7	0,0052	10	0,3503	3	1,05091
358	IDOL_MINNIE_Cl2_358.txt	9	0,00583	10	0,26381	1	0,26381
359	IDOL_MINNIE_Cl2_359.txt	3	0,00504	10	0,18204	7	1,27431
360	IDOL_MINNIE_Cl2_360.txt	20	0,0053	10	0,12972	10	1,29716
361	IDOL_MINNIE_Cl2_361.txt	20	0,00594	10	0,10266	10	1,02664
362	IDOL_MINNIE_Cl2_362.txt	4	0,0021	10	0,14122	6	0,84733
363	IDOL_MINNIE_Cl2_363.txt	4	0,00563	10	0,21361	6	1,28168
364	IDOL_MINNIE_Cl2_364.txt	4	0,0025	11	0,20375	7	1,42625
365	IDOL_MINNIE_Cl2_365.txt	4	0,00302	11	0,16365	7	1,14552
366	IDOL_MINNIE_Cl2_366.txt	20	0,00415	11	0,20338	9	1,83044
367	IDOL_MINNIE_Cl2_367.txt	4	0,00277	11	0,29325	7	2,05272
368	IDOL_MINNIE_Cl2_368.txt	4	0,00493	11	0,39301	7	2,75107
369	IDOL_MINNIE_Cl2_369.txt	21	0,00455	11	0,49948	10	4,99481
370	IDOL_MINNIE_Cl2_370.txt	27	0,00295	11	0,60817	16	9,73071
371	IDOL_MINNIE_Cl2_371.txt	27	0,0022	11	0,60817	16	9,73071
372	IDOL_MINNIE_Cl2_372.txt	4	0,00377	11	0,69801	7	4,88605
373	IDOL_MINNIE_Cl2_373.txt	11	0,00487	11	0,79755	0	0
374	IDOL_MINNIE_Cl2_374.txt	4	0,00415	11	0,89805	7	6,28635
375	IDOL_MINNIE_Cl2_375.txt	4	0,0038	11	1,04765	7	7,33354
376	IDOL_MINNIE_Cl2_376.txt	12	0,00154	11	1,15526	1	1,15526
377	IDOL_MINNIE_Cl2_377.txt	10	0,00249	11	1,25706	1	1,25706
378	IDOL_MINNIE_Cl2_378.txt	10	0,00277	12	1,18707	2	2,37413
379	IDOL_MINNIE_Cl2_379.txt	12	0,00116	12	1,0798	0	0
380	IDOL_MINNIE_Cl2_380.txt	10	0,00185	12	0,97129	2	1,94258
381	IDOL_MINNIE_Cl2_381.txt	10	0,00217	12	0,86429	2	1,72858
382	IDOL_MINNIE_Cl2_382.txt	10	0,00137	12	0,76043	2	1,52086
383	IDOL_MINNIE_Cl2_383.txt	10	0,00141	12	0,6306	2	1,2612
384	IDOL_MINNIE_Cl2_384.txt	10	0,00134	12	0,52468	2	1,04936
385	IDOL_MINNIE_Cl2_385.txt	12	0,00319	12	0,42244	0	0
386	IDOL_MINNIE_Cl2_386.txt	12	0,00267	12	0,33769	0	0
387	IDOL_MINNIE_Cl2_387.txt	12	0,00195	12	0,33769	0	0
388	IDOL_MINNIE_Cl2_388.txt	4	0,00361	12	0,21147	8	1,6918
389	IDOL_MINNIE_Cl2_389.txt	4	0,0033	12	0,13509	8	1,0807
390	IDOL_MINNIE_Cl2_390.txt	4	0,00276	12	0,12111	8	0,96889
391	IDOL_MINNIE_Cl2_391.txt	21	0,00351	12	0,16091	9	1,44822
392	IDOL_MINNIE_Cl2_392.txt	27	0,00326	12	0,24304	15	3,64563
393	IDOL_MINNIE_Cl2_393.txt	11	0,00322	12	0,33473	1	0,33473
394	IDOL_MINNIE_Cl2_394.txt	27	0,0027	12	0,42807	15	6,42103
395	IDOL_MINNIE_Cl2_395.txt	21	0,00238	12	0,52774	9	4,74968
396	IDOL_MINNIE_Cl2_396.txt	21	0,00371	12	0,63638	9	5,72746
397	IDOL_MINNIE_Cl2_397.txt	4	0,00449	12	0,73003	8	5,84024
398	IDOL_MINNIE_Cl2_398.txt	4	0,00612	12	0,847	8	6,77604
399	IDOL_MINNIE_Cl2_399.txt	4	0,00441	12	0,93748	8	7,49983
400	IDOL_MINNIE_Cl2_400.txt	4	0,00488	12	1,04805	8	8,38436
401	IDOL_MINNIE_Cl2_401.txt	12	0,00197	12	1,15474	0	0
402	IDOL_MINNIE_Cl2_402.txt	12	0,00214	12	1,28702	0	0
403	IDOL_MINNIE_Cl2_403.txt	12	0,00249	12	1,28702	0	0
404	IDOL_MINNIE_Cl2_404.txt	12	0,00082	13	1,29626	1	1,29626
405	IDOL_MINNIE_Cl2_405.txt	12	0,00077	13	1,2295	1	1,2295
406	IDOL_MINNIE_Cl2_406.txt	12	0,00418	13	1,14691	1	1,14691
407	IDOL_MINNIE_Cl2_407.txt	4	0,00348	13	1,066	9	9,59396
408	IDOL_MINNIE_Cl2_408.txt	20	0,00322	13	0,97769	7	6,84383
409	IDOL_MINNIE_Cl2_409.txt	11	0,00565	13	0,92388	2	1,84777
410	IDOL_MINNIE_Cl2_410.txt	3	0,00532	13	0,816	10	8,15997
411	IDOL_MINNIE_Cl2_411.txt	22	0,00605	13	0,71422	9	6,42795
412	IDOL_MINNIE_Cl2_412.txt	3	0,00483	13	0,63014	10	6,30141
413	IDOL_MINNIE_Cl2_413.txt	3	0,00614	13	0,56654	10	5,66544
414	IDOL_MINNIE_Cl2_414.txt	26	0,00549	13	0,48186	13	6,26417
415	IDOL_MINNIE_Cl2_415.txt	22	0,00527	13	0,40974	9	3,68767
416	IDOL_MINNIE_Cl2_416.txt	22	0,0052	13	0,34327	9	3,08944
417	IDOL_MINNIE_Cl2_417.txt	23	0,00519	13	0,283	10	2,82997
418	IDOL_MINNIE_Cl2_418.txt	23	0,00484	13	0,25996	10	2,59962
419	IDOL_MINNIE_Cl2_419.txt	13	0,00392	13	0,25996	0	0
420	IDOL_MINNIE_Cl2_420.txt	8	0,00549	13	0,1647	5	0,82352
421	IDOL_MINNIE_Cl2_421.txt	13	0,00597	13	0,07793	0	0
422	IDOL_MINNIE_Cl2_422.txt	13	0,00571	13	0,04303	0	0
423	IDOL_MINNIE_Cl2_423.txt	13	0,00549	13	0,07419	0	0
424	IDOL_MINNIE_Cl2_424.txt	14	0,00571	13	0,17688	1	0,17688
425	IDOL_MINNIE_Cl2_425.txt	13	0,00558	13	0,31229	0	0
426	IDOL_MINNIE_Cl2_426.txt	13	0,00463	13	0,40332	0	0
427	IDOL_MINNIE_Cl2_427.txt	13	0,00641	18	0,50038	5	2,50192
428	IDOL_MINNIE_Cl2_428.txt	13	0,00438	18	0,41633	5	2,08165
429	IDOL_MINNIE_Cl2_429.txt	14	0,00383	18	0,36162	4	1,44646
430	IDOL_MINNIE_Cl2_430.txt	14	0,00338	18	0,31604	4	1,26414
431	IDOL_MINNIE_Cl2_431.txt	14	0,00376	18	0,28024	4	1,12097
432	IDOL_MINNIE_Cl2_432.txt	8	0,00575	18	0,30118	10	3,01175
433	IDOL_MINNIE_Cl2_433.txt	23	0,00698	14	0,32789	9	2,95104
434	IDOL_MINNIE_Cl2_434.txt	16	0,00665	14	0,247	2	0,494
435	IDOL_MINNIE_Cl2_435.txt	6	0,00564	14	0,247	8	1,976
436	IDOL_MINNIE_Cl2_436.txt	14	0,00589	14	0,11569	0	0
437	IDOL_MINNIE_Cl2_437.txt	14	0,00543	14	0,0901	0	0
438	IDOL_MINNIE_Cl2_438.txt	5	0,00383	14	0,16884	9	1,51952
439	IDOL_MINNIE_Cl2_439.txt	13	0,00412	14	0,23291	1	0,23291
440	IDOL_MINNIE_Cl2_440.txt	13	0,0067	14	0,35561	1	0,35561
441	IDOL_MINNIE_Cl2_441.txt	15	0,00456	14	0,4471	1	0,4471
442	IDOL_MINNIE_Cl2_442.txt	15	0,00261	14	0,52593	1	0,52593
443	IDOL_MINNIE_Cl2_443.txt	15	0,0052	15	0,45027	0	0
444	IDOL_MINNIE_Cl2_444.txt	15	0,00417	15	0,32628	0	0
445	IDOL_MINNIE_Cl2_445.txt	15	0,00441	15	0,20622	0	0
446	IDOL_MINNIE_Cl2_446.txt	15	0,00589	15	0,13565	0	0
447	IDOL_MINNIE_Cl2_447.txt	15	0,00492	15	0,08469	0	0
448	IDOL_MINNIE_Cl2_448.txt	15	0,00455	15	0,15737	0	0
449	IDOL_MINNIE_Cl2_449.txt	15	0,0037	15	0,21166	0	0
450	IDOL_MINNIE_Cl2_450.txt	15	0,00193	15	0,27197	0	0
451	IDOL_MINNIE_Cl2_451.txt	15	0,00182	15	0,35844	0	0
452	IDOL_MINNIE_Cl2_452.txt	15	0,00139	15	0,35844	0	0
453	IDOL_MINNIE_Cl2_453.txt	15	0,00365	17	0,35854	2	0,71709
454	IDOL_MINNIE_Cl2_454.txt	15	0,00682	17	0,20735	2	0,41469
455	IDOL_MINNIE_Cl2_455.txt	22	0,00682	17	0,13694	5	0,68471
456	IDOL_MINNIE_Cl2_456.txt	6	0,00629	17	0,05065	11	0,55713
457	IDOL_MINNIE_Cl2_457.txt	6	0,00407	17	0,02752	11	0,30275
458	IDOL_MINNIE_Cl2_458.txt	6	0,00376	17	0,10881	11	1,19694
459	IDOL_MINNIE_Cl2_459.txt	6	0,00385	17	0,15844	11	1,74284
460	IDOL_MINNIE_Cl2_460.txt	6	0,00388	17	0,20568	11	2,26243
461	IDOL_MINNIE_Cl2_461.txt	23	0,00385	17	0,25155	6	1,50933
462	IDOL_MINNIE_Cl2_462.txt	23	0,00494	16	0,28288	7	1,98014
463	IDOL_MINNIE_Cl2_463.txt	23	0,0031	16	0,18948	7	1,32634
464	IDOL_MINNIE_Cl2_464.txt	16	0,00432	16	0,12566	0	0
465	IDOL_MINNIE_Cl2_465.txt	16	0,00295	16	0,08405	0	0
466	IDOL_MINNIE_Cl2_466.txt	16	0,00395	16	0,06117	0	0
467	IDOL_MINNIE_Cl2_467.txt	16	0,00445	16	0,07252	0	0
468	IDOL_MINNIE_Cl2_468.txt	16	0,00488	16	0,07252	0	0
469	IDOL_MINNIE_Cl2_469.txt	16	0,00525	16	0,07705	0	0
470	IDOL_MINNIE_Cl2_470.txt	16	0,00718	16	0,07493	0	0
471	IDOL_MINNIE_Cl2_471.txt	16	0,00652	16	0,07496	0	0
472	IDOL_MINNIE_Cl2_472.txt	16	0,00478	16	0,07229	0	0
473	IDOL_MINNIE_Cl2_473.txt	16	0,00643	16	0,07796	0	0
474	IDOL_MINNIE_Cl2_474.txt	16	0,00779	16	0,08193	0	0
475	IDOL_MINNIE_Cl2_475.txt	6	0,00741	16	0,09832	10	0,98321
476	IDOL_MINNIE_Cl2_476.txt	6	0,01343	16	0,10429	10	1,04295
477	IDOL_MINNIE_Cl2_477.txt	6	0,01467	16	0,11591	10	1,15908
478	IDOL_MINNIE_Cl2_478.txt	6	0,01517	16	0,12747	10	1,27472
479	IDOL_MINNIE_Cl2_479.txt	6	0,00958	16	0,14117	10	1,41172
480	IDOL_MINNIE_Cl2_480.txt	16	0,00509	16	0,15435	0	0
481	IDOL_MINNIE_Cl2_481.txt	16	0,00593	16	0,16531	0	0
482	IDOL_MINNIE_Cl2_482.txt	8	0,00602	16	0,17781	8	1,42246
483	IDOL_MINNIE_Cl2_483.txt	16	0,00745	16	0,18722	0	0
484	IDOL_MINNIE_Cl2_484.txt	8	0,00854	16	0,18722	8	1,49773
485	IDOL_MINNIE_Cl2_485.txt	23	0,00955	16	0,19848	7	1,38939
486	IDOL_MINNIE_Cl2_486.txt	23	0,01056	16	0,21243	7	1,487
487	IDOL_MINNIE_Cl2_487.txt	8	0,00659	16	0,2232	8	1,78562
488	IDOL_MINNIE_Cl2_488.txt	2	0,00618	16	0,23318	14	3,26452
489	IDOL_MINNIE_Cl2_489.txt	2	0,00591	16	0,24317	14	3,40432
490	IDOL_MINNIE_Cl2_490.txt	2	0,00505	16	0,25378	14	3,55294
491	IDOL_MINNIE_Cl2_491.txt	2	0,0049	16	0,26263	14	3,6768
492	IDOL_MINNIE_Cl2_492.txt	11	0,00798	16	0,27096	5	1,35478
493	IDOL_MINNIE_Cl2_493.txt	11	0,00897	16	0,28038	5	1,4019
494	IDOL_MINNIE_Cl2_494.txt	11	0,00777	16	0,28472	5	1,4236
495	IDOL_MINNIE_Cl2_495.txt	11	0,00739	17	0,28859	6	1,73154
496	IDOL_MINNIE_Cl2_496.txt	11	0,00602	17	0,25209	6	1,51252
497	IDOL_MINNIE_Cl2_497.txt	26	0,00674	17	0,17831	9	1,60477
498	IDOL_MINNIE_Cl2_498.txt	23	0,00714	17	0,11838	6	0,71026
499	IDOL_MINNIE_Cl2_499.txt	2	0,00509	17	0,0355	15	0,53244
500	IDOL_MINNIE_Cl2_500.txt	23	0,00494	17	0,10893	6	0,6536
501	IDOL_MINNIE_Cl2_501.txt	26	0,00524	17	0,12115	9	1,09031
502	IDOL_MINNIE_Cl2_502.txt	18	0,00422	17	0,12542	1	0,12542
503	IDOL_MINNIE_Cl2_503.txt	18	0,00729	17	0,12888	1	0,12888
504	IDOL_MINNIE_Cl2_504.txt	18	0,00394	17	0,13808	1	0,13808
505	IDOL_MINNIE_Cl2_505.txt	17	0,00354	17	0,16204	0	0
506	IDOL_MINNIE_Cl2_506.txt	18	0,0055	17	0,21359	1	0,21359
507	IDOL_MINNIE_Cl2_507.txt	18	0,00408	17	0,21708	1	0,21708
508	IDOL_MINNIE_Cl2_508.txt	17	0,00179	17	0,21805	0	0
509	IDOL_MINNIE_Cl2_509.txt	17	0,00159	17	0,1518	0	0
510	IDOL_MINNIE_Cl2_510.txt	17	0,00334	17	0,15923	0	0
511	IDOL_MINNIE_Cl2_511.txt	17	0,002	17	0,20403	0	0
512	IDOL_MINNIE_Cl2_512.txt	17	0,00262	17	0,27729	0	0
513	IDOL_MINNIE_Cl2_513.txt	17	0,00137	17	0,36474	0	0
514	IDOL_MINNIE_Cl2_514.txt	17	0,00076	15	0,30334	2	0,60668
515	IDOL_MINNIE_Cl2_515.txt	18	0,00211	15	0,18829	3	0,56488
516	IDOL_MINNIE_Cl2_516.txt	18	0,00321	15	0,07039	3	0,21116
517	IDOL_MINNIE_Cl2_517.txt	18	0,00405	15	0,0395	3	0,1185
518	IDOL_MINNIE_Cl2_518.txt	18	0,00444	15	0,14834	3	0,44503
519	IDOL_MINNIE_Cl2_519.txt	17	0,00205	15	0,25222	2	0,50443
520	IDOL_MINNIE_Cl2_520.txt	18	0,00201	15	0,36881	3	1,10642
521	IDOL_MINNIE_Cl2_521.txt	17	0,0016	15	0,36881	2	0,73761
522	IDOL_MINNIE_Cl2_522.txt	17	0,00138	15	0,47948	2	0,95897
523	IDOL_MINNIE_Cl2_523.txt	18	0,00195	14	0,5227	4	2,09082
524	IDOL_MINNIE_Cl2_524.txt	17	0,00214	14	0,4355	3	1,30649
525	IDOL_MINNIE_Cl2_525.txt	17	0,00173	14	0,36112	3	1,08335
526	IDOL_MINNIE_Cl2_526.txt	17	0,00283	14	0,30117	3	0,9035
527	IDOL_MINNIE_Cl2_527.txt	17	0,00203	14	0,28656	3	0,85968
528	IDOL_MINNIE_Cl2_528.txt	18	0,002	18	0,27684	0	0
529	IDOL_MINNIE_Cl2_529.txt	18	0,00395	18	0,17135	0	0
530	IDOL_MINNIE_Cl2_530.txt	0	0,00384	18	0,06093	18	1,0968
531	IDOL_MINNIE_Cl2_531.txt	18	0,0016	18	0,06324	0	0
532	IDOL_MINNIE_Cl2_532.txt	18	0,0018	18	0,16363	0	0
533	IDOL_MINNIE_Cl2_533.txt	18	0,00335	18	0,25663	0	0
534	IDOL_MINNIE_Cl2_534.txt	17	0,00181	18	0,34799	1	0,34799
535	IDOL_MINNIE_Cl2_535.txt	18	0,00155	18	0,4518	0	0
536	IDOL_MINNIE_Cl2_536.txt	17	0,00192	13	0,40193	4	1,6077
537	IDOL_MINNIE_Cl2_537.txt	25	0,00207	13	0,2937	12	3,5244
538	IDOL_MINNIE_Cl2_538.txt	25	0,00186	13	0,18555	12	2,22655
539	IDOL_MINNIE_Cl2_539.txt	25	0,00203	13	0,10305	12	1,23661
540	IDOL_MINNIE_Cl2_540.txt	25	0,00216	13	0,10305	12	1,23661
541	IDOL_MINNIE_Cl2_541.txt	25	0,00182	13	0,04845	12	0,58137
542	IDOL_MINNIE_Cl2_542.txt	25	0,00246	13	0,14729	12	1,76752
543	IDOL_MINNIE_Cl2_543.txt	25	0,00299	13	0,26206	12	3,1447
544	IDOL_MINNIE_Cl2_544.txt	25	0,0025	13	0,37903	12	4,5484
545	IDOL_MINNIE_Cl2_545.txt	18	0,00219	13	0,48796	5	2,43978
546	IDOL_MINNIE_Cl2_546.txt	18	0,00266	13	0,56994	5	2,84968
547	IDOL_MINNIE_Cl2_547.txt	18	0,00328	13	0,70262	5	3,51309
548	IDOL_MINNIE_Cl2_548.txt	0	0,00617	19	0,65523	19	12,44934
549	IDOL_MINNIE_Cl2_549.txt	18	0,00371	19	0,548	1	0,548
550	IDOL_MINNIE_Cl2_550.txt	26	0,00508	19	0,48715	7	3,41007
551	IDOL_MINNIE_Cl2_551.txt	2	0,00692	19	0,41761	17	7,09945
552	IDOL_MINNIE_Cl2_552.txt	2	0,01166	19	0,33022	17	5,61368
553	IDOL_MINNIE_Cl2_553.txt	2	0,01211	19	0,28576	17	4,85795
554	IDOL_MINNIE_Cl2_554.txt	2	0,00926	19	0,2469	17	4,19727
555	IDOL_MINNIE_Cl2_555.txt	19	0,00677	19	0,20777	0	0
556	IDOL_MINNIE_Cl2_556.txt	19	0,00757	19	0,1717	0	0
557	IDOL_MINNIE_Cl2_557.txt	19	0,00459	19	0,1374	0	0
558	IDOL_MINNIE_Cl2_558.txt	19	0,00576	19	0,1374	0	0
559	IDOL_MINNIE_Cl2_559.txt	25	0,0062	19	0,16339	6	0,98036
560	IDOL_MINNIE_Cl2_560.txt	25	0,00694	19	0,17261	6	1,03564
561	IDOL_MINNIE_Cl2_561.txt	19	0,00482	19	0,17781	0	0
562	IDOL_MINNIE_Cl2_562.txt	21	0,00314	19	0,21413	2	0,42827
563	IDOL_MINNIE_Cl2_563.txt	10	0,00121	20	0,20612	10	2,06115
564	IDOL_MINNIE_Cl2_564.txt	12	0,00194	20	0,13754	8	1,10033
565	IDOL_MINNIE_Cl2_565.txt	11	0,00342	20	0,10011	9	0,90099
566	IDOL_MINNIE_Cl2_566.txt	21	0,00289	20	0,12722	1	0,12722
567	IDOL_MINNIE_Cl2_567.txt	11	0,00252	20	0,14853	9	1,33678
568	IDOL_MINNIE_Cl2_568.txt	11	0,00316	20	0,24856	9	2,23707
569	IDOL_MINNIE_Cl2_569.txt	3	0,00575	20	0,35115	17	5,9696
570	IDOL_MINNIE_Cl2_570.txt	3	0,0039	20	0,45826	17	7,79041
571	IDOL_MINNIE_Cl2_571.txt	3	0,00332	20	0,5104	17	8,67676
572	IDOL_MINNIE_Cl2_572.txt	3	0,00383	20	0,57497	17	9,77453
573	IDOL_MINNIE_Cl2_573.txt	19	0,00384	20	0,5493	1	0,5493
574	IDOL_MINNIE_Cl2_574.txt	19	0,00487	20	0,56242	1	0,56242
575	IDOL_MINNIE_Cl2_575.txt	19	0,00429	20	0,56105	1	0,56105
576	IDOL_MINNIE_Cl2_576.txt	7	0,00516	20	0,56105	13	7,2937
577	IDOL_MINNIE_Cl2_577.txt	2	0,00713	20	0,55363	18	9,96533
578	IDOL_MINNIE_Cl2_578.txt	2	0,00944	20	0,54174	18	9,75139
579	IDOL_MINNIE_Cl2_579.txt	2	0,01075	20	0,53285	18	9,59127
580	IDOL_MINNIE_Cl2_580.txt	2	0,01122	20	0,51913	18	9,34428
581	IDOL_MINNIE_Cl2_581.txt	2	0,00901	20	0,50464	18	9,08354
582	IDOL_MINNIE_Cl2_582.txt	2	0,00615	20	0,48906	18	8,80311
583	IDOL_MINNIE_Cl2_583.txt	3	0,00603	20	0,4721	17	8,0257
584	IDOL_MINNIE_Cl2_584.txt	26	0,00606	20	0,45611	6	2,73666
585	IDOL_MINNIE_Cl2_585.txt	19	0,0057	20	0,43701	1	0,43701
586	IDOL_MINNIE_Cl2_586.txt	19	0,00493	20	0,41845	1	0,41845
587	IDOL_MINNIE_Cl2_587.txt	2	0,00771	20	0,40208	18	7,23751
588	IDOL_MINNIE_Cl2_588.txt	2	0,00812	20	0,36843	18	6,63172
589	IDOL_MINNIE_Cl2_589.txt	2	0,00972	20	0,35024	18	6,30434
590	IDOL_MINNIE_Cl2_590.txt	26	0,00619	20	0,32992	6	1,97953
591	IDOL_MINNIE_Cl2_591.txt	26	0,00557	20	0,3111	6	1,8666
592	IDOL_MINNIE_Cl2_592.txt	26	0,00365	20	0,29032	6	1,7419
593	IDOL_MINNIE_Cl2_593.txt	20	0,00402	20	0,27043	0	0
594	IDOL_MINNIE_Cl2_594.txt	20	0,00484	20	0,23968	0	0
595	IDOL_MINNIE_Cl2_595.txt	20	0,00453	20	0,22313	0	0
596	IDOL_MINNIE_Cl2_596.txt	20	0,00333	20	0,22313	0	0
597	IDOL_MINNIE_Cl2_597.txt	11	0,00292	20	0,21044	9	1,89395
598	IDOL_MINNIE_Cl2_598.txt	12	0,00337	20	0,20553	8	1,6442
599	IDOL_MINNIE_Cl2_599.txt	10	0,00464	20	0,20111	10	2,01112
600	IDOL_MINNIE_Cl2_600.txt	10	0,00378	20	0,19396	10	1,93959
601	IDOL_MINNIE_Cl2_601.txt	10	0,00172	20	0,17946	10	1,79462
602	IDOL_MINNIE_Cl2_602.txt	10	0,00212	20	0,15941	10	1,59407
603	IDOL_MINNIE_Cl2_603.txt	10	0,00161	20	0,13861	10	1,3861
604	IDOL_MINNIE_Cl2_604.txt	10	0,00192	20	0,18315	10	1,83153
605	IDOL_MINNIE_Cl2_605.txt	10	0,00252	19	0,24553	9	2,20974
606	IDOL_MINNIE_Cl2_606.txt	12	0,0077	19	0,19083	7	1,33578
607	IDOL_MINNIE_Cl2_607.txt	12	0,00797	19	0,19252	7	1,34762
608	IDOL_MINNIE_Cl2_608.txt	20	0,00844	19	0,19087	1	0,19087
609	IDOL_MINNIE_Cl2_609.txt	20	0,00992	19	0,23636	1	0,23636
610	IDOL_MINNIE_Cl2_610.txt	20	0,00663	19	0,31383	1	0,31383
611	IDOL_MINNIE_Cl2_611.txt	20	0,00723	19	0,39925	1	0,39925
612	IDOL_MINNIE_Cl2_612.txt	20	0,00674	19	0,50943	1	0,50943
613	IDOL_MINNIE_Cl2_613.txt	20	0,00902	19	0,58843	1	0,58843
614	IDOL_MINNIE_Cl2_614.txt	20	0,00579	19	0,58843	1	0,58843
615	IDOL_MINNIE_Cl2_615.txt	21	0,00419	19	0,68803	2	1,37606
616	IDOL_MINNIE_Cl2_616.txt	20	0,00584	19	0,79601	1	0,79601
617	IDOL_MINNIE_Cl2_617.txt	20	0,01141	19	0,89523	1	0,89523
618	IDOL_MINNIE_Cl2_618.txt	20	0,00761	19	0,98953	1	0,98953
619	IDOL_MINNIE_Cl2_619.txt	20	0,00755	13	1,03781	7	7,26469
620	IDOL_MINNIE_Cl2_620.txt	20	0,00745	13	1,08128	7	7,56899
621	IDOL_MINNIE_Cl2_621.txt	20	0,00761	13	1,13442	7	7,94096
622	IDOL_MINNIE_Cl2_622.txt	20	0,01001	13	1,19166	7	8,34162
623	IDOL_MINNIE_Cl2_623.txt	20	0,00689	13	1,25392	7	8,77744
624	IDOL_MINNIE_Cl2_624.txt	20	0,0087	12	1,25195	8	10,01559
625	IDOL_MINNIE_Cl2_625.txt	20	0,00942	12	1,15281	8	9,22246
626	IDOL_MINNIE_Cl2_626.txt	20	0,00958	12	0,94722	8	7,57777
627	IDOL_MINNIE_Cl2_627.txt	20	0,01168	12	0,84705	8	6,77641
628	IDOL_MINNIE_Cl2_628.txt	20	0,01041	12	0,75546	8	6,04364
629	IDOL_MINNIE_Cl2_629.txt	20	0,01031	12	0,66799	8	5,34394
630	IDOL_MINNIE_Cl2_630.txt	20	0,01053	12	0,53094	8	4,24751
631	IDOL_MINNIE_Cl2_631.txt	20	0,01276	12	0,53094	8	4,24751
632	IDOL_MINNIE_Cl2_632.txt	20	0,00904	12	0,4418	8	3,53438
633	IDOL_MINNIE_Cl2_633.txt	20	0,01009	12	0,37326	8	2,98611
634	IDOL_MINNIE_Cl2_634.txt	20	0,00776	12	0,30764	8	2,46115
635	IDOL_MINNIE_Cl2_635.txt	21	0,0075	12	0,29232	9	2,63089
636	IDOL_MINNIE_Cl2_636.txt	21	0,00647	12	0,32813	9	2,95315
637	IDOL_MINNIE_Cl2_637.txt	4	0,00614	12	0,38407	8	3,07257
638	IDOL_MINNIE_Cl2_638.txt	11	0,00663	12	0,45612	1	0,45612
639	IDOL_MINNIE_Cl2_639.txt	21	0,00641	12	0,54746	9	4,9271
640	IDOL_MINNIE_Cl2_640.txt	11	0,00778	12	0,64436	1	0,64436
641	IDOL_MINNIE_Cl2_641.txt	21	0,00421	12	0,74292	9	6,68629
642	IDOL_MINNIE_Cl2_642.txt	11	0,00797	12	0,8503	1	0,8503
643	IDOL_MINNIE_Cl2_643.txt	11	0,00769	12	0,95716	1	0,95716
644	IDOL_MINNIE_Cl2_644.txt	11	0,00588	12	1,05419	1	1,05419
645	IDOL_MINNIE_Cl2_645.txt	11	0,00804	12	1,14163	1	1,14163
646	IDOL_MINNIE_Cl2_646.txt	11	0,00506	12	1,27712	1	1,27712
647	IDOL_MINNIE_Cl2_647.txt	11	0,00643	11	1,24719	0	0
648	IDOL_MINNIE_Cl2_648.txt	21	0,00412	11	1,15288	10	11,52877
649	IDOL_MINNIE_Cl2_649.txt	11	0,00557	11	1,05834	0	0
650	IDOL_MINNIE_Cl2_650.txt	21	0,00343	11	1,05834	10	10,58339
651	IDOL_MINNIE_Cl2_651.txt	21	0,00477	11	1,04384	10	10,43841
652	IDOL_MINNIE_Cl2_652.txt	11	0,00233	11	0,93075	0	0
653	IDOL_MINNIE_Cl2_653.txt	11	0,00244	11	0,78184	0	0
654	IDOL_MINNIE_Cl2_654.txt	20	0,00496	11	0,69396	9	6,24563
655	IDOL_MINNIE_Cl2_655.txt	20	0,00585	11	0,58671	9	5,28043
656	IDOL_MINNIE_Cl2_656.txt	20	0,00625	11	0,50954	9	4,58582
657	IDOL_MINNIE_Cl2_657.txt	20	0,00383	11	0,43403	9	3,90625
658	IDOL_MINNIE_Cl2_658.txt	21	0,00419	11	0,32878	10	3,28778
659	IDOL_MINNIE_Cl2_659.txt	20	0,00298	11	0,28719	9	2,5847
660	IDOL_MINNIE_Cl2_660.txt	20	0,00341	11	0,27574	9	2,4817
661	IDOL_MINNIE_Cl2_661.txt	20	0,00402	11	0,30246	9	2,72218
662	IDOL_MINNIE_Cl2_662.txt	20	0,00304	21	0,28251	1	0,28251
663	IDOL_MINNIE_Cl2_663.txt	4	0,00349	21	0,19409	17	3,2996
664	IDOL_MINNIE_Cl2_664.txt	27	0,00374	21	0,13279	6	0,79672
665	IDOL_MINNIE_Cl2_665.txt	27	0,00361	21	0,14418	6	0,86509
666	IDOL_MINNIE_Cl2_666.txt	11	0,00218	21	0,22532	10	2,25325
667	IDOL_MINNIE_Cl2_667.txt	11	0,00304	21	0,30228	10	3,02281
668	IDOL_MINNIE_Cl2_668.txt	27	0,00245	21	0,42607	6	2,55643
669	IDOL_MINNIE_Cl2_669.txt	27	0,00422	21	0,53046	6	3,18276
670	IDOL_MINNIE_Cl2_670.txt	4	0,00428	21	0,63538	17	10,80144
671	IDOL_MINNIE_Cl2_671.txt	27	0,00251	9	0,6339	18	11,41017
672	IDOL_MINNIE_Cl2_672.txt	21	0,0037	9	0,6339	12	7,60678
673	IDOL_MINNIE_Cl2_673.txt	21	0,0036	9	0,63088	12	7,57059
674	IDOL_MINNIE_Cl2_674.txt	21	0,00367	9	0,6421	12	7,70525
675	IDOL_MINNIE_Cl2_675.txt	21	0,00481	9	0,67005	12	8,04062
676	IDOL_MINNIE_Cl2_676.txt	11	0,00434	9	0,70727	2	1,41455
677	IDOL_MINNIE_Cl2_677.txt	11	0,00223	9	0,75795	2	1,51591
678	IDOL_MINNIE_Cl2_678.txt	27	0,00413	9	0,80574	18	14,50335
679	IDOL_MINNIE_Cl2_679.txt	21	0,00346	9	0,87502	12	10,5002
680	IDOL_MINNIE_Cl2_680.txt	11	0,00255	9	0,95013	2	1,90026
681	IDOL_MINNIE_Cl2_681.txt	11	0,003	9	1,0254	2	2,05079
682	IDOL_MINNIE_Cl2_682.txt	27	0,00396	9	1,10366	18	19,86591
683	IDOL_MINNIE_Cl2_683.txt	4	0,00477	9	1,18039	5	5,90194
684	IDOL_MINNIE_Cl2_684.txt	21	0,00699	9	1,27023	12	15,24278
685	IDOL_MINNIE_Cl2_685.txt	21	0,00584	9	1,34423	12	16,13073
686	IDOL_MINNIE_Cl2_686.txt	21	0,00474	9	1,43113	12	17,17355
687	IDOL_MINNIE_Cl2_687.txt	11	0,00641	9	1,70007	2	3,40015
688	IDOL_MINNIE_Cl2_688.txt	21	0,00461	4	1,57602	17	26,79227
689	IDOL_MINNIE_Cl2_689.txt	12	0,0047	4	1,57602	8	12,60813
690	IDOL_MINNIE_Cl2_690.txt	11	0,00599	4	1,48755	7	10,41288
691	IDOL_MINNIE_Cl2_691.txt	11	0,00389	4	1,40314	7	9,82197
692	IDOL_MINNIE_Cl2_692.txt	11	0,01332	4	1,27204	7	8,90427
693	IDOL_MINNIE_Cl2_693.txt	11	0,00751	4	1,17152	7	8,20061
694	IDOL_MINNIE_Cl2_694.txt	26	0,00644	26	1,08744	0	0
695	IDOL_MINNIE_Cl2_695.txt	26	0,00338	26	0,98353	0	0
696	IDOL_MINNIE_Cl2_696.txt	26	0,00367	26	0,88845	0	0
697	IDOL_MINNIE_Cl2_697.txt	26	0,00358	26	0,75465	0	0
698	IDOL_MINNIE_Cl2_698.txt	3	0,00596	26	0,6894	23	15,85631
699	IDOL_MINNIE_Cl2_699.txt	26	0,00484	26	0,59585	0	0
700	IDOL_MINNIE_Cl2_700.txt	22	0,0039	26	0,52702	4	2,10809
701	IDOL_MINNIE_Cl2_701.txt	1	0,00402	26	0,49385	25	12,34613
702	IDOL_MINNIE_Cl2_702.txt	22	0,00542	26	0,48719	4	1,94874
703	IDOL_MINNIE_Cl2_703.txt	22	0,00455	26	0,51608	4	2,06431
704	IDOL_MINNIE_Cl2_704.txt	22	0,00436	26	0,57779	4	2,31115
705	IDOL_MINNIE_Cl2_705.txt	22	0,00369	22	0,52075	0	0
706	IDOL_MINNIE_Cl2_706.txt	22	0,00209	22	0,42426	0	0
707	IDOL_MINNIE_Cl2_707.txt	22	0,00237	22	0,42426	0	0
708	IDOL_MINNIE_Cl2_708.txt	22	0,00224	22	0,29586	0	0
709	IDOL_MINNIE_Cl2_709.txt	22	0,00186	22	0,19912	0	0
710	IDOL_MINNIE_Cl2_710.txt	22	0,00226	22	0,10613	0	0
711	IDOL_MINNIE_Cl2_711.txt	22	0,00183	22	0,04585	0	0
712	IDOL_MINNIE_Cl2_712.txt	22	0,0021	22	0,20133	0	0
713	IDOL_MINNIE_Cl2_713.txt	22	0,00255	22	0,33173	0	0
714	IDOL_MINNIE_Cl2_714.txt	22	0,00585	22	0,41344	0	0
715	IDOL_MINNIE_Cl2_715.txt	22	0,00618	22	0,53784	0	0
716	IDOL_MINNIE_Cl2_716.txt	24	0,00666	25	0,57586	1	0,57586
717	IDOL_MINNIE_Cl2_717.txt	24	0,00621	25	0,53972	1	0,53972
718	IDOL_MINNIE_Cl2_718.txt	24	0,00563	25	0,51781	1	0,51781
719	IDOL_MINNIE_Cl2_719.txt	24	0,00842	25	0,51015	1	0,51015
720	IDOL_MINNIE_Cl2_720.txt	24	0,00532	25	0,51775	1	0,51775
721	IDOL_MINNIE_Cl2_721.txt	24	0,00592	25	0,56426	1	0,56426
722	IDOL_MINNIE_Cl2_722.txt	24	0,00677	25	0,61025	1	0,61025
723	IDOL_MINNIE_Cl2_723.txt	24	0,00627	25	0,65991	1	0,65991
724	IDOL_MINNIE_Cl2_724.txt	24	0,0054	25	0,71797	1	0,71797
725	IDOL_MINNIE_Cl2_725.txt	24	0,00777	25	0,83361	1	0,83361
726	IDOL_MINNIE_Cl2_726.txt	24	0,00727	25	0,89057	1	0,89057
727	IDOL_MINNIE_Cl2_727.txt	24	0,01094	25	0,94359	1	0,94359
728	IDOL_MINNIE_Cl2_728.txt	22	0,00691	25	0,97505	3	2,92515
729	IDOL_MINNIE_Cl2_729.txt	22	0,00824	25	1,01872	3	3,05617
730	IDOL_MINNIE_Cl2_730.txt	22	0,00497	25	1,05524	3	3,16573
731	IDOL_MINNIE_Cl2_731.txt	22	0,0041	25	1,08576	3	3,25729
732	IDOL_MINNIE_Cl2_732.txt	22	0,00447	25	1,16785	3	3,50354
733	IDOL_MINNIE_Cl2_733.txt	22	0,00321	25	1,19752	3	3,59256
734	IDOL_MINNIE_Cl2_734.txt	22	0,00436	25	1,23723	3	3,7117
735	IDOL_MINNIE_Cl2_735.txt	22	0,00475	25	1,26425	3	3,79276
736	IDOL_MINNIE_Cl2_736.txt	22	0,00371	25	1,28833	3	3,86498
737	IDOL_MINNIE_Cl2_737.txt	22	0,00459	25	1,28833	3	3,86498
738	IDOL_MINNIE_Cl2_738.txt	8	0,00391	25	1,30441	17	22,17499
739	IDOL_MINNIE_Cl2_739.txt	23	0,0031	25	1,31088	2	2,62177
740	IDOL_MINNIE_Cl2_740.txt	23	0,00634	25	1,3095	2	2,61901
741	IDOL_MINNIE_Cl2_741.txt	5	0,01858	25	1,30422	20	26,08442
742	IDOL_MINNIE_Cl2_742.txt	5	0,01865	25	1,29427	20	25,88546
743	IDOL_MINNIE_Cl2_743.txt	23	0,01725	25	1,28118	2	2,56236
744	IDOL_MINNIE_Cl2_744.txt	5	0,02111	25	1,26764	20	25,35279
745	IDOL_MINNIE_Cl2_745.txt	23	0,01415	25	1,25101	2	2,50202
746	IDOL_MINNIE_Cl2_746.txt	23	0,01608	25	1,23151	2	2,46303
747	IDOL_MINNIE_Cl2_747.txt	23	0,01435	25	1,20813	2	2,41625
748	IDOL_MINNIE_Cl2_748.txt	23	0,01064	25	1,1802	2	2,3604
749	IDOL_MINNIE_Cl2_749.txt	23	0,01037	25	1,14951	2	2,29901
750	IDOL_MINNIE_Cl2_750.txt	23	0,0105	25	1,1287	2	2,25739
751	IDOL_MINNIE_Cl2_751.txt	23	0,01185	25	1,12354	2	2,24708
752	IDOL_MINNIE_Cl2_752.txt	23	0,00971	25	1,13915	2	2,27829
753	IDOL_MINNIE_Cl2_753.txt	23	0,01186	25	1,17327	2	2,34653
754	IDOL_MINNIE_Cl2_754.txt	23	0,0111	25	1,22168	2	2,44337
755	IDOL_MINNIE_Cl2_755.txt	23	0,01103	25	1,27321	2	2,54641
756	IDOL_MINNIE_Cl2_756.txt	23	0,00807	23	1,31653	0	0
757	IDOL_MINNIE_Cl2_757.txt	23	0,01113	23	1,24444	0	0
758	IDOL_MINNIE_Cl2_758.txt	23	0,01076	23	1,1691	0	0
759	IDOL_MINNIE_Cl2_759.txt	23	0,01227	23	1,10322	0	0
760	IDOL_MINNIE_Cl2_760.txt	23	0,00908	23	1,04658	0	0
761	IDOL_MINNIE_Cl2_761.txt	23	0,00703	23	0,9955	0	0
762	IDOL_MINNIE_Cl2_762.txt	23	0,00628	23	0,9955	0	0
763	IDOL_MINNIE_Cl2_763.txt	23	0,00709	23	0,96044	0	0
764	IDOL_MINNIE_Cl2_764.txt	23	0,00778	23	0,92638	0	0
765	IDOL_MINNIE_Cl2_765.txt	23	0,00487	23	0,88237	0	0
766	IDOL_MINNIE_Cl2_766.txt	23	0,00427	23	0,82556	0	0
767	IDOL_MINNIE_Cl2_767.txt	23	0,00459	23	0,7693	0	0
768	IDOL_MINNIE_Cl2_768.txt	23	0,0045	23	0,71019	0	0
769	IDOL_MINNIE_Cl2_769.txt	23	0,00434	23	0,66067	0	0
770	IDOL_MINNIE_Cl2_770.txt	23	0,00994	23	0,61327	0	0
771	IDOL_MINNIE_Cl2_771.txt	23	0,01413	23	0,57369	0	0
772	IDOL_MINNIE_Cl2_772.txt	23	0,02049	23	0,53408	0	0
773	IDOL_MINNIE_Cl2_773.txt	23	0,00982	23	0,48707	0	0
774	IDOL_MINNIE_Cl2_774.txt	16	0,00571	23	0,44084	7	3,08587
775	IDOL_MINNIE_Cl2_775.txt	16	0,00481	23	0,3975	7	2,78249
776	IDOL_MINNIE_Cl2_776.txt	16	0,00391	23	0,36904	7	2,58328
777	IDOL_MINNIE_Cl2_777.txt	23	0,0032	23	0,35913	0	0
778	IDOL_MINNIE_Cl2_778.txt	23	0,00299	23	0,35924	0	0
779	IDOL_MINNIE_Cl2_779.txt	23	0,00211	23	0,3626	0	0
780	IDOL_MINNIE_Cl2_780.txt	23	0,00285	23	0,14317	0	0
781	IDOL_MINNIE_Cl2_781.txt	23	0,00319	23	0,19879	0	0
782	IDOL_MINNIE_Cl2_782.txt	9	0,00626	23	0,25798	14	3,61176
783	IDOL_MINNIE_Cl2_783.txt	20	0,0059	23	0,3113	3	0,93391
784	IDOL_MINNIE_Cl2_784.txt	9	0,00528	23	0,35727	14	5,0018
785	IDOL_MINNIE_Cl2_785.txt	9	0,00548	23	0,39145	14	5,48026
786	IDOL_MINNIE_Cl2_786.txt	9	0,0058	23	0,39145	14	5,48026
787	IDOL_MINNIE_Cl2_787.txt	9	0,00577	23	0,41564	14	5,81901
788	IDOL_MINNIE_Cl2_788.txt	9	0,00695	23	0,44105	14	6,17476
789	IDOL_MINNIE_Cl2_789.txt	9	0,00721	23	0,48183	14	6,74566
790	IDOL_MINNIE_Cl2_790.txt	9	0,00856	23	0,53385	14	7,47387
791	IDOL_MINNIE_Cl2_791.txt	9	0,00881	23	0,64446	14	9,02237
792	IDOL_MINNIE_Cl2_792.txt	9	0,00781	23	0,70988	14	9,93827
793	IDOL_MINNIE_Cl2_793.txt	9	0,00859	23	0,75006	14	10,5008
794	IDOL_MINNIE_Cl2_794.txt	9	0,00799	23	0,79175	14	11,08443
795	IDOL_MINNIE_Cl2_795.txt	23	0,00547	23	0,82163	0	0
796	IDOL_MINNIE_Cl2_796.txt	16	0,00605	23	0,83697	7	5,85881
797	IDOL_MINNIE_Cl2_797.txt	9	0,00397	23	0,84338	14	11,80733
798	IDOL_MINNIE_Cl2_798.txt	6	0,00555	23	0,84866	17	14,42719
799	IDOL_MINNIE_Cl2_799.txt	23	0,0045	23	0,85871	0	0
800	IDOL_MINNIE_Cl2_800.txt	23	0,00462	23	0,87611	0	0
801	IDOL_MINNIE_Cl2_801.txt	23	0,00622	23	0,90483	0	0
802	IDOL_MINNIE_Cl2_802.txt	16	0,00718	23	0,94012	7	6,58082
803	IDOL_MINNIE_Cl2_803.txt	23	0,00362	23	0,9721	0	0
804	IDOL_MINNIE_Cl2_804.txt	16	0,00471	23	0,99008	7	6,93058
805	IDOL_MINNIE_Cl2_805.txt	23	0,00397	23	1,0143	0	0
806	IDOL_MINNIE_Cl2_806.txt	23	0,00416	23	1,02172	0	0
807	IDOL_MINNIE_Cl2_807.txt	23	0,00406	23	1,02172	0	0
808	IDOL_MINNIE_Cl2_808.txt	23	0,00499	23	1,02602	0	0
809	IDOL_MINNIE_Cl2_809.txt	6	0,00557	23	1,02958	17	17,50293
810	IDOL_MINNIE_Cl2_810.txt	23	0,00395	23	1,03366	0	0
811	IDOL_MINNIE_Cl2_811.txt	16	0,00431	23	1,04718	7	7,33027
812	IDOL_MINNIE_Cl2_812.txt	16	0,00478	23	1,07159	7	7,50114
813	IDOL_MINNIE_Cl2_813.txt	23	0,00401	23	1,11011	0	0
814	IDOL_MINNIE_Cl2_814.txt	23	0,00345	23	1,15522	0	0
815	IDOL_MINNIE_Cl2_815.txt	23	0,00437	23	1,19453	0	0
816	IDOL_MINNIE_Cl2_816.txt	23	0,00474	23	1,21769	0	0
817	IDOL_MINNIE_Cl2_817.txt	23	0,00517	23	1,22868	0	0
818	IDOL_MINNIE_Cl2_818.txt	23	0,00577	23	1,23249	0	0
819	IDOL_MINNIE_Cl2_819.txt	23	0,00585	23	1,23727	0	0
820	IDOL_MINNIE_Cl2_820.txt	23	0,00552	23	1,23336	0	0
821	IDOL_MINNIE_Cl2_821.txt	23	0,00834	23	1,10438	0	0
822	IDOL_MINNIE_Cl2_822.txt	23	0,00542	23	1,30316	0	0
823	IDOL_MINNIE_Cl2_823.txt	23	0,00413	23	1,30161	0	0
824	IDOL_MINNIE_Cl2_824.txt	23	0,00591	23	1,30675	0	0
825	IDOL_MINNIE_Cl2_825.txt	23	0,00422	24	1,29439	1	1,29439
826	IDOL_MINNIE_Cl2_826.txt	2	0,00466	24	1,27605	22	28,07319
827	IDOL_MINNIE_Cl2_827.txt	2	0,00769	24	1,27605	22	28,07319
828	IDOL_MINNIE_Cl2_828.txt	1	0,008	24	1,26885	23	29,18358
829	IDOL_MINNIE_Cl2_829.txt	1	0,00566	24	1,26113	23	29,00592
830	IDOL_MINNIE_Cl2_830.txt	1	0,00826	24	1,24295	23	28,58791
831	IDOL_MINNIE_Cl2_831.txt	1	0,00506	24	1,21833	23	28,0217
832	IDOL_MINNIE_Cl2_832.txt	1	0,0067	24	1,19239	23	27,42492
833	IDOL_MINNIE_Cl2_833.txt	1	0,00491	24	1,13983	23	26,21612
834	IDOL_MINNIE_Cl2_834.txt	1	0,00476	24	1,13045	23	26,00041
835	IDOL_MINNIE_Cl2_835.txt	1	0,00415	24	1,10873	23	25,50076
836	IDOL_MINNIE_Cl2_836.txt	1	0,00524	24	1,08877	23	25,04177
837	IDOL_MINNIE_Cl2_837.txt	1	0,00497	24	1,06667	23	24,5333
838	IDOL_MINNIE_Cl2_838.txt	22	0,00537	24	1,04017	2	2,08035
839	IDOL_MINNIE_Cl2_839.txt	1	0,0051	24	0,9878	23	22,71943
840	IDOL_MINNIE_Cl2_840.txt	22	0,0054	24	0,94942	2	1,89884
841	IDOL_MINNIE_Cl2_841.txt	2	0,00526	24	0,94942	22	20,88722
842	IDOL_MINNIE_Cl2_842.txt	19	0,00495	24	0,91939	5	4,59695
843	IDOL_MINNIE_Cl2_843.txt	3	0,00406	24	0,89695	21	18,83587
844	IDOL_MINNIE_Cl2_844.txt	26	0,00601	24	0,88217	2	1,76433
845	IDOL_MINNIE_Cl2_845.txt	22	0,00739	24	0,87072	2	1,74143
846	IDOL_MINNIE_Cl2_846.txt	24	0,00736	24	0,85029	0	0
847	IDOL_MINNIE_Cl2_847.txt	2	0,00575	24	0,83723	22	18,41903
848	IDOL_MINNIE_Cl2_848.txt	2	0,00579	24	0,82781	22	18,21184
849	IDOL_MINNIE_Cl2_849.txt	24	0,0056	24	0,81909	0	0
850	IDOL_MINNIE_Cl2_850.txt	24	0,00659	24	0,80425	0	0
851	IDOL_MINNIE_Cl2_851.txt	24	0,00458	24	0,76842	0	0
852	IDOL_MINNIE_Cl2_852.txt	24	0,00516	24	0,73341	0	0
853	IDOL_MINNIE_Cl2_853.txt	24	0,00711	24	0,67701	0	0
854	IDOL_MINNIE_Cl2_854.txt	24	0,00735	24	0,6432	0	0
855	IDOL_MINNIE_Cl2_855.txt	24	0,00585	24	0,61148	0	0
856	IDOL_MINNIE_Cl2_856.txt	24	0,00485	24	0,58673	0	0
857	IDOL_MINNIE_Cl2_857.txt	24	0,00358	24	0,55148	0	0
858	IDOL_MINNIE_Cl2_858.txt	24	0,00393	24	0,5328	0	0
859	IDOL_MINNIE_Cl2_859.txt	2	0,00674	24	0,51754	22	11,3858
860	IDOL_MINNIE_Cl2_860.txt	24	0,00787	24	0,50663	0	0
861	IDOL_MINNIE_Cl2_861.txt	24	0,0086	24	0,50981	0	0
862	IDOL_MINNIE_Cl2_862.txt	24	0,01241	24	0,51341	0	0
863	IDOL_MINNIE_Cl2_863.txt	24	0,00834	24	0,51341	0	0
864	IDOL_MINNIE_Cl2_864.txt	22	0,00538	24	0,52414	2	1,04828
865	IDOL_MINNIE_Cl2_865.txt	24	0,00651	24	0,53618	0	0
866	IDOL_MINNIE_Cl2_866.txt	24	0,00464	24	0,55631	0	0
867	IDOL_MINNIE_Cl2_867.txt	24	0,0036	24	0,56594	0	0
868	IDOL_MINNIE_Cl2_868.txt	24	0,00475	24	0,56934	0	0
869	IDOL_MINNIE_Cl2_869.txt	2	0,00435	24	0,5707	22	12,55548
870	IDOL_MINNIE_Cl2_870.txt	23	0,0054	24	0,56554	1	0,56554
871	IDOL_MINNIE_Cl2_871.txt	13	0,00475	24	0,55463	11	6,10093
872	IDOL_MINNIE_Cl2_872.txt	2	0,0056	24	0,53606	22	11,79321
873	IDOL_MINNIE_Cl2_873.txt	2	0,00476	24	0,52504	22	11,55085
874	IDOL_MINNIE_Cl2_874.txt	2	0,00607	24	0,51907	22	11,4196
875	IDOL_MINNIE_Cl2_875.txt	2	0,01011	24	0,51969	22	11,43319
876	IDOL_MINNIE_Cl2_876.txt	2	0,012	24	0,53603	22	11,79262
877	IDOL_MINNIE_Cl2_877.txt	24	0,01363	24	0,55454	0	0
878	IDOL_MINNIE_Cl2_878.txt	24	0,01284	24	0,58364	0	0
879	IDOL_MINNIE_Cl2_879.txt	2	0,00743	24	0,61662	22	13,56564
880	IDOL_MINNIE_Cl2_880.txt	26	0,00495	24	0,66866	2	1,33732
881	IDOL_MINNIE_Cl2_881.txt	0	0,00459	24	0,72234	24	17,33624
882	IDOL_MINNIE_Cl2_882.txt	0	0,00441	24	0,78223	24	18,77358
883	IDOL_MINNIE_Cl2_883.txt	18	0,0041	24	0,91214	6	5,47286
884	IDOL_MINNIE_Cl2_884.txt	0	0,00427	24	0,97328	24	23,35871
885	IDOL_MINNIE_Cl2_885.txt	26	0,0052	24	1,05623	2	2,11245
886	IDOL_MINNIE_Cl2_886.txt	18	0,00245	24	1,13552	6	6,8131
887	IDOL_MINNIE_Cl2_887.txt	17	0,00295	24	1,13552	7	7,94861
888	IDOL_MINNIE_Cl2_888.txt	17	0,00421	24	1,22697	7	8,58878
889	IDOL_MINNIE_Cl2_889.txt	18	0,00275	24	1,32465	6	7,94788
890	IDOL_MINNIE_Cl2_890.txt	17	0,00282	25	1,24767	8	9,98138
891	IDOL_MINNIE_Cl2_891.txt	25	0,00286	25	1,16723	0	0
892	IDOL_MINNIE_Cl2_892.txt	25	0,00367	25	1,06776	0	0
893	IDOL_MINNIE_Cl2_893.txt	25	0,00261	25	0,97646	0	0
894	IDOL_MINNIE_Cl2_894.txt	25	0,00235	25	0,89296	0	0
895	IDOL_MINNIE_Cl2_895.txt	25	0,00232	25	0,76001	0	0
896	IDOL_MINNIE_Cl2_896.txt	25	0,00289	25	0,66655	0	0
897	IDOL_MINNIE_Cl2_897.txt	17	0,00227	25	0,57293	8	4,58346
898	IDOL_MINNIE_Cl2_898.txt	25	0,00297	25	0,47619	0	0
899	IDOL_MINNIE_Cl2_899.txt	17	0,00355	25	0,38857	8	3,10855
900	IDOL_MINNIE_Cl2_900.txt	25	0,00147	25	0,22994	0	0
901	IDOL_MINNIE_Cl2_901.txt	25	0,00187	25	0,15501	0	0
902	IDOL_MINNIE_Cl2_902.txt	25	0,00183	25	0,1061	0	0
903	IDOL_MINNIE_Cl2_903.txt	3	0,00647	25	0,09498	22	2,08947
904	IDOL_MINNIE_Cl2_904.txt	3	0,00446	25	0,15401	22	3,38832
905	IDOL_MINNIE_Cl2_905.txt	3	0,00524	25	0,26134	22	5,74948
906	IDOL_MINNIE_Cl2_906.txt	18	0,00448	25	0,35354	7	2,47476
907	IDOL_MINNIE_Cl2_907.txt	18	0,00177	25	0,44902	7	3,14316
908	IDOL_MINNIE_Cl2_908.txt	18	0,00392	25	0,54208	7	3,79453
909	IDOL_MINNIE_Cl2_909.txt	0	0,0041	22	0,49816	22	10,95945
910	IDOL_MINNIE_Cl2_910.txt	3	0,00464	22	0,3997	19	7,59427
911	IDOL_MINNIE_Cl2_911.txt	25	0,00525	22	0,30609	3	0,91826
912	IDOL_MINNIE_Cl2_912.txt	25	0,00188	22	0,21271	3	0,63813
913	IDOL_MINNIE_Cl2_913.txt	25	0,00484	22	0,1082	3	0,32459
914	IDOL_MINNIE_Cl2_914.txt	25	0,00476	22	0,02235	3	0,06704
915	IDOL_MINNIE_Cl2_915.txt	25	0,00542	22	0,0827	3	0,24811
916	IDOL_MINNIE_Cl2_916.txt	25	0,00354	22	0,17987	3	0,53962
917	IDOL_MINNIE_Cl2_917.txt	18	0,00287	22	0,17987	4	0,7195
918	IDOL_MINNIE_Cl2_918.txt	27	0,0054	22	0,27248	5	1,36238
919	IDOL_MINNIE_Cl2_919.txt	26	0,00423	22	0,52808	4	2,11232
920	IDOL_MINNIE_Cl2_920.txt	26	0,00481	26	0,43566	0	0
921	IDOL_MINNIE_Cl2_921.txt	2	0,00543	26	0,34811	24	8,35472
922	IDOL_MINNIE_Cl2_922.txt	26	0,00692	26	0,25782	0	0
923	IDOL_MINNIE_Cl2_923.txt	3	0,00727	26	0,17923	23	4,12235
924	IDOL_MINNIE_Cl2_924.txt	19	0,00584	26	0,14061	7	0,98429
925	IDOL_MINNIE_Cl2_925.txt	26	0,00595	26	0,16496	0	0
926	IDOL_MINNIE_Cl2_926.txt	26	0,00473	26	0,23498	0	0
927	IDOL_MINNIE_Cl2_927.txt	26	0,00437	26	0,3223	0	0
928	IDOL_MINNIE_Cl2_928.txt	3	0,00234	26	0,41049	23	9,44131
929	IDOL_MINNIE_Cl2_929.txt	3	0,00269	26	0,5125	23	11,78761
930	IDOL_MINNIE_Cl2_930.txt	18	0,00481	26	0,59926	8	4,79407
931	IDOL_MINNIE_Cl2_931.txt	11	0,00497	26	0,69742	15	10,46137
932	IDOL_MINNIE_Cl2_932.txt	11	0,00851	26	0,7959	15	11,93853
933	IDOL_MINNIE_Cl2_933.txt	11	0,00476	26	0,89284	15	13,39253
934	IDOL_MINNIE_Cl2_934.txt	21	0,00279	26	0,9849	5	4,92448
935	IDOL_MINNIE_Cl2_935.txt	11	0,00351	26	1,08167	15	16,22506
936	IDOL_MINNIE_Cl2_936.txt	12	0,00405	26	1,17136	14	16,399
937	IDOL_MINNIE_Cl2_937.txt	4	0,004	27	1,26086	23	28,99982
938	IDOL_MINNIE_Cl2_938.txt	12	0,00281	27	1,16328	15	17,44926
939	IDOL_MINNIE_Cl2_939.txt	27	0,0045	27	1,14072	0	0
940	IDOL_MINNIE_Cl2_940.txt	27	0,00223	27	1,03684	0	0
941	IDOL_MINNIE_Cl2_941.txt	12	0,00595	27	0,94665	15	14,19979
942	IDOL_MINNIE_Cl2_942.txt	27	0,00102	27	0,83519	0	0
943	IDOL_MINNIE_Cl2_943.txt	27	0,00395	27	0,72398	0	0
944	IDOL_MINNIE_Cl2_944.txt	27	0,00442	27	0,72398	0	0
945	IDOL_MINNIE_Cl2_945.txt	27	0,005	27	0,4014	0	0
946	IDOL_MINNIE_Cl2_946.txt	27	0,0016	27	0,3054	0	0
947	IDOL_MINNIE_Cl2_947.txt	4	0,00375	27	0,17133	23	3,94049
948	IDOL_MINNIE_Cl2_948.txt	12	0,00432	27	0,10977	15	1,64659
949	IDOL_MINNIE_Cl2_949.txt	4	0,00335	27	0,14487	23	3,33193
950	IDOL_MINNIE_Cl2_950.txt	27	0,00328	27	0,23272	0	0
951	IDOL_MINNIE_Cl2_951.txt	27	0,00261	27	0,33537	0	0
952	IDOL_MINNIE_Cl2_952.txt	11	0,00225	27	0,43686	16	6,98979
953	IDOL_MINNIE_Cl2_953.txt	11	0,00165	27	0,53058	16	8,48932
954	IDOL_MINNIE_Cl2_954.txt	21	0,00297	27	0,66161	6	3,96965
955	IDOL_MINNIE_Cl2_955.txt	21	0,00215	27	0,77022	6	4,62132
956	IDOL_MINNIE_Cl2_956.txt	21	0,00213	27	0,87953	6	5,2772
957	IDOL_MINNIE_Cl2_957.txt	21	0,0015	27	0,9847	6	5,9082
958	IDOL_MINNIE_Cl2_958.txt	27	0,00341	27	1,09849	0	0
959	IDOL_MINNIE_Cl2_959.txt	27	0,00366	27	1,20457	0	0
960	IDOL_MINNIE_Cl2_960.txt	27	0,00444	3	1,11996	24	26,87892
961	IDOL_MINNIE_Cl2_961.txt	27	0,00384	3	1,01229	24	24,29502
962	IDOL_MINNIE_Cl2_962.txt	18	0,00552	3	0,9126	15	13,68896
963	IDOL_MINNIE_Cl2_963.txt	18	0,00526	3	0,9126	15	13,68896
964	IDOL_MINNIE_Cl2_964.txt	18	0,00568	3	0,79678	15	11,95171
965	IDOL_MINNIE_Cl2_965.txt	25	0,00471	3	0,69428	22	15,27408
966	IDOL_MINNIE_Cl2_966.txt	25	0,0036	3	0,59015	22	12,98333
967	IDOL_MINNIE_Cl2_967.txt	17	0,00325	3	0,48603	14	6,80441
968	IDOL_MINNIE_Cl2_968.txt	25	0,00383	3	0,39434	22	8,67552
