#	ImageName	Similar Node	Distance	Near Node	Distance	Transitions	Evaluation
1	IDOL_MINNIE_Ni1_1.txt	0	0,00443	3	0,22299	3	0,66897
2	IDOL_MINNIE_Ni1_2.txt	0	0,00406	3	0,22299	3	0,66897
3	IDOL_MINNIE_Ni1_3.txt	18	0,00285	3	0,29479	15	4,42187
4	IDOL_MINNIE_Ni1_4.txt	18	0,00401	3	0,40777	15	6,11655
5	IDOL_MINNIE_Ni1_5.txt	0	0,00398	0	0,43058	0	0
6	IDOL_MINNIE_Ni1_6.txt	18	0,00355	0	0,32279	18	5,81029
7	IDOL_MINNIE_Ni1_7.txt	0	0,00522	0	0,20715	0	0
8	IDOL_MINNIE_Ni1_8.txt	0	0,0075	0	0,11794	0	0
9	IDOL_MINNIE_Ni1_9.txt	1	0,00852	0	0,08749	1	0,08749
10	IDOL_MINNIE_Ni1_10.txt	0	0,00697	0	0,16353	0	0
11	IDOL_MINNIE_Ni1_11.txt	1	0,0063	0	0,2702	1	0,2702
12	IDOL_MINNIE_Ni1_12.txt	0	0,00614	0	0,36023	0	0
13	IDOL_MINNIE_Ni1_13.txt	1	0,01077	0	0,45262	1	0,45262
14	IDOL_MINNIE_Ni1_14.txt	0	0,00546	0	0,54484	0	0
15	IDOL_MINNIE_Ni1_15.txt	1	0,00827	0	0,67951	1	0,67951
16	IDOL_MINNIE_Ni1_16.txt	1	0,00621	0	0,80203	1	0,80203
17	IDOL_MINNIE_Ni1_17.txt	1	0,00835	0	0,89655	1	0,89655
18	IDOL_MINNIE_Ni1_18.txt	1	0,0049	0	0,89655	1	0,89655
19	IDOL_MINNIE_Ni1_19.txt	1	0,00541	0	1,03289	1	1,03289
20	IDOL_MINNIE_Ni1_20.txt	1	0,00528	0	1,10747	1	1,10747
21	IDOL_MINNIE_Ni1_21.txt	1	0,00578	0	1,24587	1	1,24587
22	IDOL_MINNIE_Ni1_22.txt	1	0,00529	1	1,30018	0	0
23	IDOL_MINNIE_Ni1_23.txt	1	0,00415	1	1,20836	0	0
24	IDOL_MINNIE_Ni1_24.txt	0	0,00302	1	1,04538	1	1,04538
25	IDOL_MINNIE_Ni1_25.txt	0	0,00318	1	0,9237	1	0,9237
26	IDOL_MINNIE_Ni1_26.txt	0	0,00384	1	0,82088	1	0,82088
27	IDOL_MINNIE_Ni1_27.txt	0	0,00393	1	0,72542	1	0,72542
28	IDOL_MINNIE_Ni1_28.txt	0	0,00388	1	0,61112	1	0,61112
29	IDOL_MINNIE_Ni1_29.txt	0	0,00408	1	0,49072	1	0,49072
30	IDOL_MINNIE_Ni1_30.txt	0	0,00444	1	0,38062	1	0,38062
31	IDOL_MINNIE_Ni1_31.txt	18	0,0031	1	0,28362	17	4,82153
32	IDOL_MINNIE_Ni1_32.txt	0	0,00292	1	0,17623	1	0,17623
33	IDOL_MINNIE_Ni1_33.txt	0	0,00478	1	0,07165	1	0,07165
34	IDOL_MINNIE_Ni1_34.txt	0	0,00507	1	0,07165	1	0,07165
35	IDOL_MINNIE_Ni1_35.txt	0	0,00517	1	0,05226	1	0,05226
36	IDOL_MINNIE_Ni1_36.txt	1	0,00564	1	0,15575	0	0
37	IDOL_MINNIE_Ni1_37.txt	1	0,00572	1	0,24278	0	0
38	IDOL_MINNIE_Ni1_38.txt	24	0,00785	1	0,32179	23	7,40107
39	IDOL_MINNIE_Ni1_39.txt	24	0,00768	1	0,42532	23	9,78226
40	IDOL_MINNIE_Ni1_40.txt	26	0,00664	1	0,54282	25	13,57049
41	IDOL_MINNIE_Ni1_41.txt	2	0,00806	1	0,64595	1	0,64595
42	IDOL_MINNIE_Ni1_42.txt	2	0,00618	1	0,73247	1	0,73247
43	IDOL_MINNIE_Ni1_43.txt	26	0,00671	1	0,81696	25	20,4241
44	IDOL_MINNIE_Ni1_44.txt	19	0,00413	1	0,90516	18	16,29285
45	IDOL_MINNIE_Ni1_45.txt	19	0,01109	1	0,96724	18	17,41031
46	IDOL_MINNIE_Ni1_46.txt	19	0,00885	1	1,01249	18	18,22474
47	IDOL_MINNIE_Ni1_47.txt	22	0,00454	1	1,05575	21	22,17078
48	IDOL_MINNIE_Ni1_48.txt	2	0,00455	1	1,1626	1	1,1626
49	IDOL_MINNIE_Ni1_49.txt	2	0,00405	1	1,21011	1	1,21011
50	IDOL_MINNIE_Ni1_50.txt	2	0,00344	1	1,21011	1	1,21011
51	IDOL_MINNIE_Ni1_51.txt	2	0,00351	1	1,25382	1	1,25382
52	IDOL_MINNIE_Ni1_52.txt	2	0,00411	1	1,30321	1	1,30321
53	IDOL_MINNIE_Ni1_53.txt	2	0,00578	2	1,30234	0	0
54	IDOL_MINNIE_Ni1_54.txt	2	0,0042	2	1,26639	0	0
55	IDOL_MINNIE_Ni1_55.txt	2	0,00549	2	1,20533	0	0
56	IDOL_MINNIE_Ni1_56.txt	2	0,00823	2	1,13548	0	0
57	IDOL_MINNIE_Ni1_57.txt	2	0,01194	2	1,06016	0	0
58	IDOL_MINNIE_Ni1_58.txt	2	0,00513	2	0,98494	0	0
59	IDOL_MINNIE_Ni1_59.txt	2	0,01095	2	0,92052	0	0
60	IDOL_MINNIE_Ni1_60.txt	2	0,00926	2	0,87229	0	0
61	IDOL_MINNIE_Ni1_61.txt	2	0,00656	2	0,76557	0	0
62	IDOL_MINNIE_Ni1_62.txt	2	0,00496	2	0,66436	0	0
63	IDOL_MINNIE_Ni1_63.txt	2	0,00737	2	0,65535	0	0
64	IDOL_MINNIE_Ni1_64.txt	24	0,00746	2	0,60134	22	13,22948
65	IDOL_MINNIE_Ni1_65.txt	2	0,00582	2	0,52869	0	0
66	IDOL_MINNIE_Ni1_66.txt	2	0,00581	2	0,44998	0	0
67	IDOL_MINNIE_Ni1_67.txt	2	0,00388	2	0,44998	0	0
68	IDOL_MINNIE_Ni1_68.txt	2	0,00764	2	0,36431	0	0
69	IDOL_MINNIE_Ni1_69.txt	2	0,00974	2	0,2457	0	0
70	IDOL_MINNIE_Ni1_70.txt	2	0,0055	2	0,17193	0	0
71	IDOL_MINNIE_Ni1_71.txt	2	0,00704	2	0,13505	0	0
72	IDOL_MINNIE_Ni1_72.txt	2	0,01273	2	0,12089	0	0
73	IDOL_MINNIE_Ni1_73.txt	2	0,00855	2	0,1625	0	0
74	IDOL_MINNIE_Ni1_74.txt	2	0,00552	2	0,19867	0	0
75	IDOL_MINNIE_Ni1_75.txt	2	0,01308	2	0,27908	0	0
76	IDOL_MINNIE_Ni1_76.txt	2	0,00482	2	0,43148	0	0
77	IDOL_MINNIE_Ni1_77.txt	2	0,00478	2	0,65	0	0
78	IDOL_MINNIE_Ni1_78.txt	2	0,00418	2	0,73591	0	0
79	IDOL_MINNIE_Ni1_79.txt	2	0,00633	2	0,82748	0	0
80	IDOL_MINNIE_Ni1_80.txt	2	0,00627	2	0,96479	0	0
81	IDOL_MINNIE_Ni1_81.txt	2	0,00407	2	1,06056	0	0
82	IDOL_MINNIE_Ni1_82.txt	2	0,00555	2	1,15721	0	0
83	IDOL_MINNIE_Ni1_83.txt	2	0,00548	2	1,15721	0	0
84	IDOL_MINNIE_Ni1_84.txt	2	0,00628	2	1,27569	0	0
85	IDOL_MINNIE_Ni1_85.txt	2	0,00559	2	1,37185	0	0
86	IDOL_MINNIE_Ni1_86.txt	2	0,00679	2	1,51206	0	0
87	IDOL_MINNIE_Ni1_87.txt	13	0,00588	2	1,61372	11	17,75097
88	IDOL_MINNIE_Ni1_88.txt	2	0,00443	2	1,6897	0	0
89	IDOL_MINNIE_Ni1_89.txt	13	0,00631	0	1,71091	13	22,24183
90	IDOL_MINNIE_Ni1_90.txt	23	0,00778	0	1,66187	23	38,22297
91	IDOL_MINNIE_Ni1_91.txt	23	0,00436	0	1,61911	23	37,23946
92	IDOL_MINNIE_Ni1_92.txt	23	0,0043	0	1,56672	23	36,03447
93	IDOL_MINNIE_Ni1_93.txt	22	0,00596	0	1,46658	22	32,2648
94	IDOL_MINNIE_Ni1_94.txt	2	0,00496	0	1,40817	2	2,81635
95	IDOL_MINNIE_Ni1_95.txt	9	0,00735	0	1,36057	9	12,24513
96	IDOL_MINNIE_Ni1_96.txt	7	0,00533	0	1,31246	7	9,18719
97	IDOL_MINNIE_Ni1_97.txt	19	0,00665	0	1,27111	19	24,15106
98	IDOL_MINNIE_Ni1_98.txt	3	0,0048	0	1,23386	3	3,70158
99	IDOL_MINNIE_Ni1_99.txt	26	0,00805	0	1,23386	26	32,08036
100	IDOL_MINNIE_Ni1_100.txt	25	0,00483	0	1,2017	25	30,04254
101	IDOL_MINNIE_Ni1_101.txt	3	0,00497	0	1,17195	3	3,51586
102	IDOL_MINNIE_Ni1_102.txt	3	0,01091	0	1,14601	3	3,43803
103	IDOL_MINNIE_Ni1_103.txt	18	0,00244	0	1,12335	18	20,22037
104	IDOL_MINNIE_Ni1_104.txt	18	0,00233	0	1,09562	18	19,72121
105	IDOL_MINNIE_Ni1_105.txt	26	0,00552	0	1,05856	26	27,52249
106	IDOL_MINNIE_Ni1_106.txt	26	0,00444	0	1,00675	26	26,17543
107	IDOL_MINNIE_Ni1_107.txt	22	0,00512	0	0,94816	22	20,85961
108	IDOL_MINNIE_Ni1_108.txt	26	0,00521	0	0,8796	26	22,86972
109	IDOL_MINNIE_Ni1_109.txt	22	0,00715	0	0,80025	22	17,60556
110	IDOL_MINNIE_Ni1_110.txt	22	0,01137	0	0,72494	22	15,94872
111	IDOL_MINNIE_Ni1_111.txt	2	0,00786	0	0,64282	2	1,28563
112	IDOL_MINNIE_Ni1_112.txt	2	0,0074	0	0,56039	2	1,12079
113	IDOL_MINNIE_Ni1_113.txt	2	0,00448	0	0,48896	2	0,97792
114	IDOL_MINNIE_Ni1_114.txt	2	0,00533	0	0,43161	2	0,86322
115	IDOL_MINNIE_Ni1_115.txt	22	0,00521	0	0,43161	22	9,49545
116	IDOL_MINNIE_Ni1_116.txt	20	0,00593	0	0,39594	20	7,91877
117	IDOL_MINNIE_Ni1_117.txt	22	0,00481	0	0,3751	22	8,25218
118	IDOL_MINNIE_Ni1_118.txt	22	0,00423	0	0,368	22	8,09607
119	IDOL_MINNIE_Ni1_119.txt	26	0,00355	0	0,36838	26	9,57791
120	IDOL_MINNIE_Ni1_120.txt	26	0,00408	0	0,37173	26	9,66489
121	IDOL_MINNIE_Ni1_121.txt	3	0,00406	0	0,31273	3	0,93819
122	IDOL_MINNIE_Ni1_122.txt	19	0,00455	0	0,34326	19	6,52187
123	IDOL_MINNIE_Ni1_123.txt	19	0,00744	0	0,38079	19	7,23507
124	IDOL_MINNIE_Ni1_124.txt	19	0,00687	0	0,44184	19	8,39503
125	IDOL_MINNIE_Ni1_125.txt	19	0,00894	0	0,47565	19	9,03727
126	IDOL_MINNIE_Ni1_126.txt	3	0,00472	3	0,41926	0	0
127	IDOL_MINNIE_Ni1_127.txt	22	0,00558	3	0,30858	19	5,86306
128	IDOL_MINNIE_Ni1_128.txt	3	0,00993	3	0,21016	0	0
129	IDOL_MINNIE_Ni1_129.txt	20	0,00757	3	0,17948	17	3,05117
130	IDOL_MINNIE_Ni1_130.txt	4	0,00371	3	0,1693	1	0,1693
131	IDOL_MINNIE_Ni1_131.txt	21	0,00724	3	0,1693	18	3,04734
132	IDOL_MINNIE_Ni1_132.txt	12	0,00391	3	0,22461	9	2,0215
133	IDOL_MINNIE_Ni1_133.txt	10	0,00165	3	0,30387	7	2,12712
134	IDOL_MINNIE_Ni1_134.txt	10	0,002	3	0,38188	7	2,67313
135	IDOL_MINNIE_Ni1_135.txt	10	0,00154	3	0,46142	7	3,22997
136	IDOL_MINNIE_Ni1_136.txt	10	0,00203	3	0,54974	7	3,84818
137	IDOL_MINNIE_Ni1_137.txt	10	0,00151	3	0,63641	7	4,45489
138	IDOL_MINNIE_Ni1_138.txt	10	0,00117	3	0,73856	7	5,16993
139	IDOL_MINNIE_Ni1_139.txt	10	0,00185	3	0,85833	7	6,00832
140	IDOL_MINNIE_Ni1_140.txt	10	0,0042	3	0,95451	7	6,68155
141	IDOL_MINNIE_Ni1_141.txt	10	0,00122	3	1,04415	7	7,30904
142	IDOL_MINNIE_Ni1_142.txt	10	0,00113	3	1,13657	7	7,95602
143	IDOL_MINNIE_Ni1_143.txt	10	0,00108	3	1,21215	7	8,48508
144	IDOL_MINNIE_Ni1_144.txt	12	0,00253	27	1,11596	15	16,73943
145	IDOL_MINNIE_Ni1_145.txt	12	0,00416	27	1,01404	15	15,21058
146	IDOL_MINNIE_Ni1_146.txt	4	0,00269	27	0,94144	23	21,65309
147	IDOL_MINNIE_Ni1_147.txt	12	0,00263	27	0,94144	15	14,12158
148	IDOL_MINNIE_Ni1_148.txt	4	0,00333	27	0,83263	23	19,15042
149	IDOL_MINNIE_Ni1_149.txt	4	0,00211	27	0,72633	23	16,70566
150	IDOL_MINNIE_Ni1_150.txt	4	0,00151	27	0,62863	23	14,45858
151	IDOL_MINNIE_Ni1_151.txt	12	0,00261	27	0,55104	15	8,26567
152	IDOL_MINNIE_Ni1_152.txt	12	0,00356	27	0,47856	15	7,17836
153	IDOL_MINNIE_Ni1_153.txt	4	0,00166	27	0,40785	23	9,38056
154	IDOL_MINNIE_Ni1_154.txt	4	0,00176	27	0,35398	23	8,14154
155	IDOL_MINNIE_Ni1_155.txt	4	0,00363	27	0,3124	23	7,18518
156	IDOL_MINNIE_Ni1_156.txt	4	0,00354	27	0,29311	23	6,74146
157	IDOL_MINNIE_Ni1_157.txt	12	0,00315	27	0,30911	15	4,63668
158	IDOL_MINNIE_Ni1_158.txt	12	0,00281	27	0,3509	15	5,26346
159	IDOL_MINNIE_Ni1_159.txt	12	0,00289	27	0,41438	15	6,21574
160	IDOL_MINNIE_Ni1_160.txt	12	0,00296	27	0,48858	15	7,32866
161	IDOL_MINNIE_Ni1_161.txt	10	0,00146	27	0,56542	17	9,6122
162	IDOL_MINNIE_Ni1_162.txt	4	0,00402	27	0,65555	23	15,07767
163	IDOL_MINNIE_Ni1_163.txt	4	0,00298	27	0,65555	23	15,07767
164	IDOL_MINNIE_Ni1_164.txt	12	0,00277	27	0,81853	15	12,27799
165	IDOL_MINNIE_Ni1_165.txt	10	0,00138	27	0,90618	17	15,40513
166	IDOL_MINNIE_Ni1_166.txt	12	0,0037	27	1,08744	15	16,31167
167	IDOL_MINNIE_Ni1_167.txt	4	0,00363	27	1,16492	23	26,79318
168	IDOL_MINNIE_Ni1_168.txt	4	0,00198	4	1,14242	0	0
169	IDOL_MINNIE_Ni1_169.txt	4	0,0023	4	1,04649	0	0
170	IDOL_MINNIE_Ni1_170.txt	4	0,0032	4	0,94735	0	0
171	IDOL_MINNIE_Ni1_171.txt	4	0,00324	4	0,84533	0	0
172	IDOL_MINNIE_Ni1_172.txt	4	0,00371	4	0,75363	0	0
173	IDOL_MINNIE_Ni1_173.txt	4	0,00374	4	0,68193	0	0
174	IDOL_MINNIE_Ni1_174.txt	12	0,00374	4	0,39328	8	3,1462
175	IDOL_MINNIE_Ni1_175.txt	4	0,00467	4	0,26644	0	0
176	IDOL_MINNIE_Ni1_176.txt	12	0,00185	4	0,1836	8	1,46877
177	IDOL_MINNIE_Ni1_177.txt	12	0,00478	4	0,03866	8	0,30926
178	IDOL_MINNIE_Ni1_178.txt	12	0,00256	4	0,0801	8	0,64077
179	IDOL_MINNIE_Ni1_179.txt	4	0,00643	4	0,0801	0	0
180	IDOL_MINNIE_Ni1_180.txt	12	0,00261	4	0,17501	8	1,40004
181	IDOL_MINNIE_Ni1_181.txt	4	0,00427	4	0,32797	0	0
182	IDOL_MINNIE_Ni1_182.txt	4	0,00246	4	0,42149	0	0
183	IDOL_MINNIE_Ni1_183.txt	4	0,0027	4	0,51878	0	0
184	IDOL_MINNIE_Ni1_184.txt	12	0,00392	4	0,61339	8	4,90711
185	IDOL_MINNIE_Ni1_185.txt	4	0,00557	4	0,68986	0	0
186	IDOL_MINNIE_Ni1_186.txt	20	0,00501	4	0,78078	16	12,49254
187	IDOL_MINNIE_Ni1_187.txt	4	0,00602	4	0,78346	0	0
188	IDOL_MINNIE_Ni1_188.txt	4	0,00374	4	0,88199	0	0
189	IDOL_MINNIE_Ni1_189.txt	27	0,00501	4	1,13006	23	25,99127
190	IDOL_MINNIE_Ni1_190.txt	27	0,0023	4	1,23231	23	28,34319
191	IDOL_MINNIE_Ni1_191.txt	27	0,00418	4	1,32377	23	30,44662
192	IDOL_MINNIE_Ni1_192.txt	4	0,00446	4	1,51678	0	0
193	IDOL_MINNIE_Ni1_193.txt	4	0,00468	26	1,64555	22	36,20217
194	IDOL_MINNIE_Ni1_194.txt	4	0,00369	9	1,69371	5	8,46854
195	IDOL_MINNIE_Ni1_195.txt	4	0,00457	9	1,59489	5	7,97443
196	IDOL_MINNIE_Ni1_196.txt	4	0,00362	9	1,59489	5	7,97443
197	IDOL_MINNIE_Ni1_197.txt	4	0,00314	9	1,49313	5	7,46565
198	IDOL_MINNIE_Ni1_198.txt	4	0,00337	9	1,39961	5	6,99804
199	IDOL_MINNIE_Ni1_199.txt	4	0,00682	9	1,29631	5	6,48156
200	IDOL_MINNIE_Ni1_200.txt	4	0,004	9	1,20313	5	6,01564
201	IDOL_MINNIE_Ni1_201.txt	12	0,00349	9	1,11039	3	3,33117
202	IDOL_MINNIE_Ni1_202.txt	10	0,00205	9	1,02726	1	1,02726
203	IDOL_MINNIE_Ni1_203.txt	10	0,00255	9	0,94099	1	0,94099
204	IDOL_MINNIE_Ni1_204.txt	10	0,00327	9	0,86965	1	0,86965
205	IDOL_MINNIE_Ni1_205.txt	10	0,00267	9	0,80547	1	0,80547
206	IDOL_MINNIE_Ni1_206.txt	10	0,00206	9	0,73891	1	0,73891
207	IDOL_MINNIE_Ni1_207.txt	12	0,00161	9	0,68212	3	2,04636
208	IDOL_MINNIE_Ni1_208.txt	4	0,01134	9	0,62798	5	3,13992
209	IDOL_MINNIE_Ni1_209.txt	11	0,00444	9	0,57137	2	1,14273
210	IDOL_MINNIE_Ni1_210.txt	3	0,00442	9	0,51524	6	3,09142
211	IDOL_MINNIE_Ni1_211.txt	19	0,00522	9	0,48165	10	4,81649
212	IDOL_MINNIE_Ni1_212.txt	19	0,00559	9	0,48165	10	4,81649
213	IDOL_MINNIE_Ni1_213.txt	19	0,00479	9	0,44848	10	4,48482
214	IDOL_MINNIE_Ni1_214.txt	3	0,0051	9	0,42011	6	2,52065
215	IDOL_MINNIE_Ni1_215.txt	19	0,00527	9	0,39469	10	3,94686
216	IDOL_MINNIE_Ni1_216.txt	3	0,00475	9	0,37137	6	2,22823
217	IDOL_MINNIE_Ni1_217.txt	9	0,00469	9	0,34529	0	0
218	IDOL_MINNIE_Ni1_218.txt	22	0,00396	9	0,32788	13	4,26242
219	IDOL_MINNIE_Ni1_219.txt	22	0,00366	9	0,31332	13	4,07313
220	IDOL_MINNIE_Ni1_220.txt	23	0,00484	9	0,29691	14	4,1567
221	IDOL_MINNIE_Ni1_221.txt	23	0,0055	9	0,30301	14	4,24219
222	IDOL_MINNIE_Ni1_222.txt	23	0,00525	9	0,32196	14	4,50748
223	IDOL_MINNIE_Ni1_223.txt	6	0,01237	9	0,31431	3	0,94294
224	IDOL_MINNIE_Ni1_224.txt	6	0,01563	9	0,20954	3	0,62862
225	IDOL_MINNIE_Ni1_225.txt	14	0,0105	9	0,14734	5	0,73672
226	IDOL_MINNIE_Ni1_226.txt	6	0,01419	9	0,08365	3	0,25094
227	IDOL_MINNIE_Ni1_227.txt	6	0,01279	9	0,14336	3	0,43009
228	IDOL_MINNIE_Ni1_228.txt	6	0,01535	9	0,14336	3	0,43009
229	IDOL_MINNIE_Ni1_229.txt	6	0,0176	9	0,25469	3	0,76408
230	IDOL_MINNIE_Ni1_230.txt	6	0,01294	9	0,3451	3	1,0353
231	IDOL_MINNIE_Ni1_231.txt	5	0,0042	9	0,43396	4	1,73582
232	IDOL_MINNIE_Ni1_232.txt	5	0,00349	5	0,44333	0	0
233	IDOL_MINNIE_Ni1_233.txt	5	0,00486	5	0,32379	0	0
234	IDOL_MINNIE_Ni1_234.txt	5	0,00499	5	0,26863	0	0
235	IDOL_MINNIE_Ni1_235.txt	5	0,00303	5	0,15854	0	0
236	IDOL_MINNIE_Ni1_236.txt	5	0,0017	5	0,07569	0	0
237	IDOL_MINNIE_Ni1_237.txt	14	0,00435	5	0,07937	9	0,71437
238	IDOL_MINNIE_Ni1_238.txt	5	0,00317	5	0,18885	0	0
239	IDOL_MINNIE_Ni1_239.txt	5	0,00324	5	0,29802	0	0
240	IDOL_MINNIE_Ni1_240.txt	5	0,00603	5	0,40175	0	0
241	IDOL_MINNIE_Ni1_241.txt	5	0,00891	5	0,49779	0	0
242	IDOL_MINNIE_Ni1_242.txt	5	0,00688	5	0,62177	0	0
243	IDOL_MINNIE_Ni1_243.txt	5	0,01037	5	0,62177	0	0
244	IDOL_MINNIE_Ni1_244.txt	5	0,00451	5	0,73176	0	0
245	IDOL_MINNIE_Ni1_245.txt	5	0,00786	5	0,84601	0	0
246	IDOL_MINNIE_Ni1_246.txt	5	0,00223	5	0,94761	0	0
247	IDOL_MINNIE_Ni1_247.txt	5	0,00858	5	1,06081	0	0
248	IDOL_MINNIE_Ni1_248.txt	5	0,00358	6	0,96551	1	0,96551
249	IDOL_MINNIE_Ni1_249.txt	5	0,00446	6	0,85798	1	0,85798
250	IDOL_MINNIE_Ni1_250.txt	5	0,00565	6	0,74845	1	0,74845
251	IDOL_MINNIE_Ni1_251.txt	14	0,00458	6	0,63921	8	5,11365
252	IDOL_MINNIE_Ni1_252.txt	14	0,0058	6	0,53287	8	4,26295
253	IDOL_MINNIE_Ni1_253.txt	6	0,00804	6	0,42928	0	0
254	IDOL_MINNIE_Ni1_254.txt	6	0,00864	6	0,32257	0	0
255	IDOL_MINNIE_Ni1_255.txt	6	0,00834	6	0,22939	0	0
256	IDOL_MINNIE_Ni1_256.txt	6	0,00921	6	0,1555	0	0
257	IDOL_MINNIE_Ni1_257.txt	6	0,00907	6	0,10754	0	0
258	IDOL_MINNIE_Ni1_258.txt	6	0,00872	6	0,09718	0	0
259	IDOL_MINNIE_Ni1_259.txt	6	0,00459	6	0,09718	0	0
260	IDOL_MINNIE_Ni1_260.txt	6	0,00583	6	0,12228	0	0
261	IDOL_MINNIE_Ni1_261.txt	6	0,00594	6	0,19903	0	0
262	IDOL_MINNIE_Ni1_262.txt	6	0,00508	6	0,29574	0	0
263	IDOL_MINNIE_Ni1_263.txt	23	0,00604	6	0,39554	17	6,72413
264	IDOL_MINNIE_Ni1_264.txt	6	0,00592	6	0,49075	0	0
265	IDOL_MINNIE_Ni1_265.txt	7	0,00403	8	0,43772	1	0,43772
266	IDOL_MINNIE_Ni1_266.txt	7	0,00418	8	0,33725	1	0,33725
267	IDOL_MINNIE_Ni1_267.txt	7	0,00792	8	0,25209	1	0,25209
268	IDOL_MINNIE_Ni1_268.txt	7	0,00409	8	0,17515	1	0,17515
269	IDOL_MINNIE_Ni1_269.txt	7	0,00364	8	0,08782	1	0,08782
270	IDOL_MINNIE_Ni1_270.txt	8	0,00451	8	0,05637	0	0
271	IDOL_MINNIE_Ni1_271.txt	14	0,0039	8	0,14028	6	0,84166
272	IDOL_MINNIE_Ni1_272.txt	14	0,00363	8	0,24761	6	1,48564
273	IDOL_MINNIE_Ni1_273.txt	14	0,00334	8	0,3541	6	2,12458
274	IDOL_MINNIE_Ni1_274.txt	14	0,00399	8	0,45575	6	2,7345
275	IDOL_MINNIE_Ni1_275.txt	8	0,00381	8	0,45575	0	0
276	IDOL_MINNIE_Ni1_276.txt	23	0,00409	7	0,40183	16	6,42924
277	IDOL_MINNIE_Ni1_277.txt	23	0,00444	7	0,34178	16	5,4685
278	IDOL_MINNIE_Ni1_278.txt	6	0,00583	7	0,29516	1	0,29516
279	IDOL_MINNIE_Ni1_279.txt	6	0,00639	7	0,26161	1	0,26161
280	IDOL_MINNIE_Ni1_280.txt	2	0,01058	7	0,25272	5	1,26362
281	IDOL_MINNIE_Ni1_281.txt	6	0,01097	7	0,27249	1	0,27249
282	IDOL_MINNIE_Ni1_282.txt	6	0,01034	7	0,29358	1	0,29358
283	IDOL_MINNIE_Ni1_283.txt	22	0,0062	7	0,30962	15	4,64429
284	IDOL_MINNIE_Ni1_284.txt	23	0,00807	7	0,32767	16	5,24274
285	IDOL_MINNIE_Ni1_285.txt	23	0,00683	7	0,34709	16	5,55348
286	IDOL_MINNIE_Ni1_286.txt	8	0,0052	7	0,36344	1	0,36344
287	IDOL_MINNIE_Ni1_287.txt	5	0,0043	7	0,38012	2	0,76023
288	IDOL_MINNIE_Ni1_288.txt	14	0,00405	7	0,40082	7	2,80574
289	IDOL_MINNIE_Ni1_289.txt	14	0,00474	7	0,42101	7	2,94707
290	IDOL_MINNIE_Ni1_290.txt	5	0,00704	7	0,43809	2	0,87618
291	IDOL_MINNIE_Ni1_291.txt	6	0,00996	7	0,45436	1	0,45436
292	IDOL_MINNIE_Ni1_292.txt	6	0,01066	7	0,4697	1	0,4697
293	IDOL_MINNIE_Ni1_293.txt	6	0,01066	7	0,48405	1	0,48405
294	IDOL_MINNIE_Ni1_294.txt	6	0,01196	7	0,49421	1	0,49421
295	IDOL_MINNIE_Ni1_295.txt	6	0,00821	7	0,5069	1	0,5069
296	IDOL_MINNIE_Ni1_296.txt	22	0,00402	7	0,5069	15	7,60348
297	IDOL_MINNIE_Ni1_297.txt	22	0,0045	7	0,51729	15	7,75932
298	IDOL_MINNIE_Ni1_298.txt	22	0,00413	7	0,52588	15	7,88824
299	IDOL_MINNIE_Ni1_299.txt	22	0,00365	7	0,52966	15	7,94485
300	IDOL_MINNIE_Ni1_300.txt	22	0,00388	7	0,53622	15	8,04329
301	IDOL_MINNIE_Ni1_301.txt	22	0,00389	8	0,52126	14	7,2977
302	IDOL_MINNIE_Ni1_302.txt	16	0,00477	8	0,50944	8	4,07556
303	IDOL_MINNIE_Ni1_303.txt	6	0,00471	8	0,50366	2	1,00733
304	IDOL_MINNIE_Ni1_304.txt	6	0,00521	8	0,47875	2	0,9575
305	IDOL_MINNIE_Ni1_305.txt	6	0,00491	8	0,47854	2	0,95708
306	IDOL_MINNIE_Ni1_306.txt	6	0,0044	8	0,48014	2	0,96028
307	IDOL_MINNIE_Ni1_307.txt	6	0,00454	7	0,47269	1	0,47269
308	IDOL_MINNIE_Ni1_308.txt	7	0,00352	7	0,4749	0	0
309	IDOL_MINNIE_Ni1_309.txt	7	0,00473	8	0,46151	1	0,46151
310	IDOL_MINNIE_Ni1_310.txt	7	0,00306	8	0,43938	1	0,43938
311	IDOL_MINNIE_Ni1_311.txt	7	0,0042	8	0,39132	1	0,39132
312	IDOL_MINNIE_Ni1_312.txt	7	0,00416	8	0,39132	1	0,39132
313	IDOL_MINNIE_Ni1_313.txt	7	0,00313	8	0,36503	1	0,36503
314	IDOL_MINNIE_Ni1_314.txt	7	0,00507	8	0,35084	1	0,35084
315	IDOL_MINNIE_Ni1_315.txt	8	0,00506	8	0,34573	0	0
316	IDOL_MINNIE_Ni1_316.txt	8	0,00447	8	0,3155	0	0
317	IDOL_MINNIE_Ni1_317.txt	8	0,00407	8	0,29908	0	0
318	IDOL_MINNIE_Ni1_318.txt	8	0,00396	8	0,26557	0	0
319	IDOL_MINNIE_Ni1_319.txt	14	0,00372	8	0,2148	6	1,28881
320	IDOL_MINNIE_Ni1_320.txt	14	0,00588	8	0,15068	6	0,90411
321	IDOL_MINNIE_Ni1_321.txt	5	0,0056	8	0,07187	3	0,2156
322	IDOL_MINNIE_Ni1_322.txt	14	0,00671	8	0,0164	6	0,0984
323	IDOL_MINNIE_Ni1_323.txt	14	0,00415	8	0,10963	6	0,65776
324	IDOL_MINNIE_Ni1_324.txt	14	0,00516	8	0,20254	6	1,21525
325	IDOL_MINNIE_Ni1_325.txt	8	0,00544	8	0,31171	0	0
326	IDOL_MINNIE_Ni1_326.txt	23	0,00538	8	0,33572	15	5,03587
327	IDOL_MINNIE_Ni1_327.txt	16	0,00566	8	0,43981	8	3,51845
328	IDOL_MINNIE_Ni1_328.txt	23	0,00384	8	0,43981	15	6,5971
329	IDOL_MINNIE_Ni1_329.txt	23	0,00405	6	0,47353	17	8,04995
330	IDOL_MINNIE_Ni1_330.txt	23	0,00402	6	0,38661	17	6,57234
331	IDOL_MINNIE_Ni1_331.txt	9	0,00654	6	0,2614	3	0,7842
332	IDOL_MINNIE_Ni1_332.txt	9	0,00587	6	0,15786	3	0,47359
333	IDOL_MINNIE_Ni1_333.txt	8	0,00683	6	0,06149	2	0,12298
334	IDOL_MINNIE_Ni1_334.txt	9	0,00702	6	0,08578	3	0,25735
335	IDOL_MINNIE_Ni1_335.txt	9	0,00644	6	0,19113	3	0,57339
336	IDOL_MINNIE_Ni1_336.txt	8	0,00586	6	0,29647	2	0,59294
337	IDOL_MINNIE_Ni1_337.txt	9	0,00749	6	0,38332	3	1,14996
338	IDOL_MINNIE_Ni1_338.txt	9	0,01039	6	0,49016	3	1,47047
339	IDOL_MINNIE_Ni1_339.txt	9	0,00867	6	0,61958	3	1,85874
340	IDOL_MINNIE_Ni1_340.txt	9	0,00821	6	0,72762	3	2,18286
341	IDOL_MINNIE_Ni1_341.txt	9	0,01291	6	0,82979	3	2,48936
342	IDOL_MINNIE_Ni1_342.txt	9	0,01431	6	0,93238	3	2,79714
343	IDOL_MINNIE_Ni1_343.txt	3	0,017	5	1,02449	2	2,04897
344	IDOL_MINNIE_Ni1_344.txt	3	0,01269	5	1,02449	2	2,04897
345	IDOL_MINNIE_Ni1_345.txt	9	0,00989	5	0,93329	4	3,73315
346	IDOL_MINNIE_Ni1_346.txt	9	0,00323	5	0,8318	4	3,3272
347	IDOL_MINNIE_Ni1_347.txt	9	0,00447	5	0,71511	4	2,86045
348	IDOL_MINNIE_Ni1_348.txt	9	0,00363	5	0,61599	4	2,46397
349	IDOL_MINNIE_Ni1_349.txt	9	0,00681	5	0,53536	4	2,14144
350	IDOL_MINNIE_Ni1_350.txt	9	0,00404	5	0,40773	4	1,63091
351	IDOL_MINNIE_Ni1_351.txt	9	0,00947	5	0,30644	4	1,22577
352	IDOL_MINNIE_Ni1_352.txt	9	0,00577	5	0,21396	4	0,85584
353	IDOL_MINNIE_Ni1_353.txt	9	0,00705	5	0,15004	4	0,60015
354	IDOL_MINNIE_Ni1_354.txt	9	0,00647	5	0,15912	4	0,63647
355	IDOL_MINNIE_Ni1_355.txt	9	0,00601	5	0,22611	4	0,90442
356	IDOL_MINNIE_Ni1_356.txt	9	0,00482	5	0,3267	4	1,30681
357	IDOL_MINNIE_Ni1_357.txt	9	0,00757	5	0,42891	4	1,71565
358	IDOL_MINNIE_Ni1_358.txt	9	0,00886	5	0,51993	4	2,07972
359	IDOL_MINNIE_Ni1_359.txt	9	0,01173	9	0,42032	0	0
360	IDOL_MINNIE_Ni1_360.txt	9	0,00747	9	0,42032	0	0
361	IDOL_MINNIE_Ni1_361.txt	9	0,00458	9	0,31756	0	0
362	IDOL_MINNIE_Ni1_362.txt	9	0,00551	9	0,21063	0	0
363	IDOL_MINNIE_Ni1_363.txt	9	0,00447	9	0,0943	0	0
364	IDOL_MINNIE_Ni1_364.txt	9	0,00656	9	0,02448	0	0
365	IDOL_MINNIE_Ni1_365.txt	8	0,0099	9	0,14141	1	0,14141
366	IDOL_MINNIE_Ni1_366.txt	9	0,00439	9	0,23071	0	0
367	IDOL_MINNIE_Ni1_367.txt	9	0,00541	9	0,36112	0	0
368	IDOL_MINNIE_Ni1_368.txt	9	0,00507	9	0,44526	0	0
369	IDOL_MINNIE_Ni1_369.txt	9	0,0051	9	0,54796	0	0
370	IDOL_MINNIE_Ni1_370.txt	9	0,00574	21	0,63887	12	7,66642
371	IDOL_MINNIE_Ni1_371.txt	22	0,00398	21	0,55963	1	0,55963
372	IDOL_MINNIE_Ni1_372.txt	22	0,00385	21	0,47465	1	0,47465
373	IDOL_MINNIE_Ni1_373.txt	22	0,00426	21	0,39243	1	0,39243
374	IDOL_MINNIE_Ni1_374.txt	9	0,00647	21	0,32078	12	3,84941
375	IDOL_MINNIE_Ni1_375.txt	7	0,00528	21	0,26186	14	3,66605
376	IDOL_MINNIE_Ni1_376.txt	22	0,00516	21	0,23155	1	0,23155
377	IDOL_MINNIE_Ni1_377.txt	20	0,00555	10	0,17595	10	1,7595
378	IDOL_MINNIE_Ni1_378.txt	20	0,00392	10	0,09036	10	0,90355
379	IDOL_MINNIE_Ni1_379.txt	4	0,00401	10	0,09036	6	0,54213
380	IDOL_MINNIE_Ni1_380.txt	4	0,00631	10	0,1696	6	1,0176
381	IDOL_MINNIE_Ni1_381.txt	12	0,00798	11	0,2025	1	0,2025
382	IDOL_MINNIE_Ni1_382.txt	12	0,00442	11	0,10475	1	0,10475
383	IDOL_MINNIE_Ni1_383.txt	12	0,00241	11	0,0235	1	0,0235
384	IDOL_MINNIE_Ni1_384.txt	10	0,00234	11	0,09914	1	0,09914
385	IDOL_MINNIE_Ni1_385.txt	12	0,00357	11	0,17441	1	0,17441
386	IDOL_MINNIE_Ni1_386.txt	4	0,00446	11	0,25752	7	1,80266
387	IDOL_MINNIE_Ni1_387.txt	20	0,00402	11	0,32475	9	2,92271
388	IDOL_MINNIE_Ni1_388.txt	27	0,0054	11	0,36375	16	5,81995
389	IDOL_MINNIE_Ni1_389.txt	18	0,00415	11	0,51219	7	3,5853
390	IDOL_MINNIE_Ni1_390.txt	18	0,00219	11	0,6223	7	4,35607
391	IDOL_MINNIE_Ni1_391.txt	18	0,00512	11	0,63839	7	4,46871
392	IDOL_MINNIE_Ni1_392.txt	18	0,00501	11	0,67488	7	4,72418
393	IDOL_MINNIE_Ni1_393.txt	26	0,00734	11	0,68484	15	10,27256
394	IDOL_MINNIE_Ni1_394.txt	0	0,00727	11	0,69322	11	7,62539
395	IDOL_MINNIE_Ni1_395.txt	26	0,00693	11	0,70541	15	10,58118
396	IDOL_MINNIE_Ni1_396.txt	18	0,00579	11	0,72707	7	5,08951
397	IDOL_MINNIE_Ni1_397.txt	18	0,00548	11	0,78517	7	5,49622
398	IDOL_MINNIE_Ni1_398.txt	26	0,00464	11	0,85223	15	12,78343
399	IDOL_MINNIE_Ni1_399.txt	18	0,00682	11	0,93491	7	6,5444
400	IDOL_MINNIE_Ni1_400.txt	3	0,00572	11	1,02703	8	8,21626
401	IDOL_MINNIE_Ni1_401.txt	3	0,00489	11	1,12115	8	8,96919
402	IDOL_MINNIE_Ni1_402.txt	3	0,00557	11	1,12115	8	8,96919
403	IDOL_MINNIE_Ni1_403.txt	3	0,00544	11	1,23429	8	9,87432
404	IDOL_MINNIE_Ni1_404.txt	3	0,00624	11	1,28311	8	10,26488
405	IDOL_MINNIE_Ni1_405.txt	18	0,00477	11	1,32436	7	9,27049
406	IDOL_MINNIE_Ni1_406.txt	18	0,00175	11	1,36064	7	9,52451
407	IDOL_MINNIE_Ni1_407.txt	26	0,00571	12	1,34823	14	18,87524
408	IDOL_MINNIE_Ni1_408.txt	21	0,00326	12	1,34548	9	12,10934
409	IDOL_MINNIE_Ni1_409.txt	12	0,00226	12	1,30403	0	0
410	IDOL_MINNIE_Ni1_410.txt	10	0,00182	12	1,20873	2	2,41747
411	IDOL_MINNIE_Ni1_411.txt	10	0,00158	12	1,13943	2	2,27886
412	IDOL_MINNIE_Ni1_412.txt	10	0,00182	12	1,03719	2	2,07437
413	IDOL_MINNIE_Ni1_413.txt	4	0,01088	12	0,93129	8	7,45031
414	IDOL_MINNIE_Ni1_414.txt	3	0,0226	12	0,8281	9	7,45286
415	IDOL_MINNIE_Ni1_415.txt	3	0,02144	12	0,77292	9	6,95624
416	IDOL_MINNIE_Ni1_416.txt	3	0,01914	12	0,67324	9	6,05913
417	IDOL_MINNIE_Ni1_417.txt	3	0,02228	12	0,55968	9	5,03713
418	IDOL_MINNIE_Ni1_418.txt	4	0,0094	12	0,49842	8	3,98739
419	IDOL_MINNIE_Ni1_419.txt	12	0,00226	12	0,49842	0	0
420	IDOL_MINNIE_Ni1_420.txt	4	0,00921	12	0,43665	8	3,49323
421	IDOL_MINNIE_Ni1_421.txt	4	0,00335	12	0,38466	8	3,07727
422	IDOL_MINNIE_Ni1_422.txt	4	0,01169	12	0,33028	8	2,6422
423	IDOL_MINNIE_Ni1_423.txt	4	0,0071	12	0,28931	8	2,31445
424	IDOL_MINNIE_Ni1_424.txt	4	0,0145	12	0,30604	8	2,44834
425	IDOL_MINNIE_Ni1_425.txt	18	0,00717	12	0,35029	6	2,10174
426	IDOL_MINNIE_Ni1_426.txt	18	0,00283	12	0,4141	6	2,48462
427	IDOL_MINNIE_Ni1_427.txt	17	0,00217	12	0,48062	5	2,40312
428	IDOL_MINNIE_Ni1_428.txt	17	0,00181	12	0,53737	5	2,68686
429	IDOL_MINNIE_Ni1_429.txt	17	0,00166	12	0,62237	5	3,11184
430	IDOL_MINNIE_Ni1_430.txt	17	0,00247	12	0,71692	5	3,58461
431	IDOL_MINNIE_Ni1_431.txt	18	0,00253	12	0,81499	6	4,88992
432	IDOL_MINNIE_Ni1_432.txt	3	0,00636	12	0,9279	9	8,35106
433	IDOL_MINNIE_Ni1_433.txt	3	0,01004	12	1,02661	9	9,23947
434	IDOL_MINNIE_Ni1_434.txt	12	0,00587	12	1,14301	0	0
435	IDOL_MINNIE_Ni1_435.txt	10	0,00249	12	1,24278	2	2,48555
436	IDOL_MINNIE_Ni1_436.txt	12	0,00557	12	1,36811	0	0
437	IDOL_MINNIE_Ni1_437.txt	4	0,00675	12	1,36811	8	10,94485
438	IDOL_MINNIE_Ni1_438.txt	12	0,00393	19	1,31157	7	9,18099
439	IDOL_MINNIE_Ni1_439.txt	12	0,00571	19	1,20285	7	8,41992
440	IDOL_MINNIE_Ni1_440.txt	12	0,00285	19	1,10113	7	7,70794
441	IDOL_MINNIE_Ni1_441.txt	12	0,00295	19	0,99439	7	6,96071
442	IDOL_MINNIE_Ni1_442.txt	10	0,00382	19	0,83234	9	7,4911
443	IDOL_MINNIE_Ni1_443.txt	12	0,00427	19	0,70898	7	4,96287
444	IDOL_MINNIE_Ni1_444.txt	12	0,00202	19	0,64625	7	4,52376
445	IDOL_MINNIE_Ni1_445.txt	20	0,0045	19	0,56042	1	0,56042
446	IDOL_MINNIE_Ni1_446.txt	0	0,00542	19	0,49572	19	9,41871
447	IDOL_MINNIE_Ni1_447.txt	3	0,00437	19	0,47791	16	7,64656
448	IDOL_MINNIE_Ni1_448.txt	3	0,00346	19	0,47067	16	7,53075
449	IDOL_MINNIE_Ni1_449.txt	26	0,00569	19	0,46553	7	3,25869
450	IDOL_MINNIE_Ni1_450.txt	19	0,00568	19	0,47474	0	0
451	IDOL_MINNIE_Ni1_451.txt	2	0,00862	19	0,49719	17	8,45216
452	IDOL_MINNIE_Ni1_452.txt	26	0,00655	19	0,49719	7	3,4803
453	IDOL_MINNIE_Ni1_453.txt	2	0,01486	19	0,53271	17	9,05602
454	IDOL_MINNIE_Ni1_454.txt	2	0,01005	19	0,55241	17	9,39105
455	IDOL_MINNIE_Ni1_455.txt	2	0,01122	19	0,57836	17	9,83208
456	IDOL_MINNIE_Ni1_456.txt	2	0,01208	19	0,60451	17	10,27668
457	IDOL_MINNIE_Ni1_457.txt	13	0,00481	19	0,63264	6	3,79583
458	IDOL_MINNIE_Ni1_458.txt	13	0,00457	19	0,65326	6	3,91957
459	IDOL_MINNIE_Ni1_459.txt	13	0,00566	19	0,66498	6	3,9899
460	IDOL_MINNIE_Ni1_460.txt	14	0,00726	19	0,67313	5	3,36564
461	IDOL_MINNIE_Ni1_461.txt	13	0,00789	19	0,6788	6	4,07282
462	IDOL_MINNIE_Ni1_462.txt	14	0,00663	13	0,68816	1	0,68816
463	IDOL_MINNIE_Ni1_463.txt	13	0,00675	13	0,66193	0	0
464	IDOL_MINNIE_Ni1_464.txt	13	0,0051	13	0,6095	0	0
465	IDOL_MINNIE_Ni1_465.txt	13	0,00918	13	0,53998	0	0
466	IDOL_MINNIE_Ni1_466.txt	13	0,00877	13	0,47658	0	0
467	IDOL_MINNIE_Ni1_467.txt	13	0,00862	13	0,40131	0	0
468	IDOL_MINNIE_Ni1_468.txt	13	0,00935	13	0,40131	0	0
469	IDOL_MINNIE_Ni1_469.txt	13	0,01032	13	0,31386	0	0
470	IDOL_MINNIE_Ni1_470.txt	13	0,00744	13	0,24982	0	0
471	IDOL_MINNIE_Ni1_471.txt	13	0,00787	13	0,11004	0	0
472	IDOL_MINNIE_Ni1_472.txt	13	0,00777	13	0,08867	0	0
473	IDOL_MINNIE_Ni1_473.txt	13	0,00845	13	0,12161	0	0
474	IDOL_MINNIE_Ni1_474.txt	24	0,01015	13	0,20666	11	2,27322
475	IDOL_MINNIE_Ni1_475.txt	13	0,00497	13	0,28519	0	0
476	IDOL_MINNIE_Ni1_476.txt	13	0,00622	13	0,36113	0	0
477	IDOL_MINNIE_Ni1_477.txt	13	0,00793	13	0,45774	0	0
478	IDOL_MINNIE_Ni1_478.txt	13	0,00897	18	0,30882	5	1,54408
479	IDOL_MINNIE_Ni1_479.txt	13	0,00816	18	0,18332	5	0,91661
480	IDOL_MINNIE_Ni1_480.txt	13	0,00763	18	0,11432	5	0,5716
481	IDOL_MINNIE_Ni1_481.txt	14	0,00489	18	0,10806	4	0,43226
482	IDOL_MINNIE_Ni1_482.txt	5	0,00482	18	0,19648	13	2,55418
483	IDOL_MINNIE_Ni1_483.txt	14	0,00383	14	0,24215	0	0
484	IDOL_MINNIE_Ni1_484.txt	14	0,00352	14	0,24215	0	0
485	IDOL_MINNIE_Ni1_485.txt	14	0,00785	14	0,12861	0	0
486	IDOL_MINNIE_Ni1_486.txt	2	0,00709	14	0,0682	12	0,81836
487	IDOL_MINNIE_Ni1_487.txt	6	0,0068	14	0,13815	8	1,10519
488	IDOL_MINNIE_Ni1_488.txt	14	0,00557	14	0,25537	0	0
489	IDOL_MINNIE_Ni1_489.txt	14	0,00471	14	0,33775	0	0
490	IDOL_MINNIE_Ni1_490.txt	6	0,00559	14	0,47115	8	3,76921
491	IDOL_MINNIE_Ni1_491.txt	6	0,00434	14	0,53432	8	4,27452
492	IDOL_MINNIE_Ni1_492.txt	8	0,00384	14	0,60521	6	3,63125
493	IDOL_MINNIE_Ni1_493.txt	13	0,00387	15	0,56419	2	1,12838
494	IDOL_MINNIE_Ni1_494.txt	13	0,00618	15	0,53961	2	1,07922
495	IDOL_MINNIE_Ni1_495.txt	15	0,00558	15	0,48067	0	0
496	IDOL_MINNIE_Ni1_496.txt	15	0,00665	15	0,43227	0	0
497	IDOL_MINNIE_Ni1_497.txt	15	0,00639	15	0,35586	0	0
498	IDOL_MINNIE_Ni1_498.txt	15	0,00434	15	0,29717	0	0
499	IDOL_MINNIE_Ni1_499.txt	15	0,00368	15	0,23137	0	0
500	IDOL_MINNIE_Ni1_500.txt	15	0,0057	15	0,23137	0	0
501	IDOL_MINNIE_Ni1_501.txt	15	0,00805	15	0,18602	0	0
502	IDOL_MINNIE_Ni1_502.txt	24	0,01538	15	0,10378	9	0,93404
503	IDOL_MINNIE_Ni1_503.txt	24	0,01854	15	0,05168	9	0,46514
504	IDOL_MINNIE_Ni1_504.txt	24	0,0171	15	0,06884	9	0,61953
505	IDOL_MINNIE_Ni1_505.txt	24	0,01714	15	0,12285	9	1,10565
506	IDOL_MINNIE_Ni1_506.txt	2	0,00836	15	0,19617	13	2,55015
507	IDOL_MINNIE_Ni1_507.txt	23	0,00489	15	0,25198	8	2,01585
508	IDOL_MINNIE_Ni1_508.txt	22	0,00522	15	0,30074	7	2,10519
509	IDOL_MINNIE_Ni1_509.txt	22	0,00449	15	0,33989	7	2,37923
510	IDOL_MINNIE_Ni1_510.txt	22	0,00601	15	0,36715	7	2,57006
511	IDOL_MINNIE_Ni1_511.txt	22	0,00513	15	0,38147	7	2,67032
512	IDOL_MINNIE_Ni1_512.txt	23	0,00553	15	0,4943	8	3,95441
513	IDOL_MINNIE_Ni1_513.txt	22	0,00485	15	0,50966	7	3,5676
514	IDOL_MINNIE_Ni1_514.txt	22	0,00426	15	0,51236	7	3,58649
515	IDOL_MINNIE_Ni1_515.txt	22	0,00463	15	0,49624	7	3,4737
516	IDOL_MINNIE_Ni1_516.txt	22	0,00449	15	0,50874	7	3,56117
517	IDOL_MINNIE_Ni1_517.txt	22	0,00515	15	0,48018	7	3,36123
518	IDOL_MINNIE_Ni1_518.txt	23	0,00578	15	0,47098	8	3,76788
519	IDOL_MINNIE_Ni1_519.txt	23	0,00711	15	0,4974	8	3,97917
520	IDOL_MINNIE_Ni1_520.txt	23	0,00565	15	0,4987	8	3,98959
521	IDOL_MINNIE_Ni1_521.txt	23	0,0043	15	0,50839	8	4,06715
522	IDOL_MINNIE_Ni1_522.txt	23	0,00453	15	0,54743	8	4,37944
523	IDOL_MINNIE_Ni1_523.txt	23	0,00595	17	0,55152	6	3,3091
524	IDOL_MINNIE_Ni1_524.txt	6	0,00456	17	0,51728	11	5,69006
525	IDOL_MINNIE_Ni1_525.txt	22	0,00598	17	0,48682	5	2,43411
526	IDOL_MINNIE_Ni1_526.txt	22	0,00613	17	0,45221	5	2,26105
527	IDOL_MINNIE_Ni1_527.txt	22	0,00604	17	0,40529	5	2,02645
528	IDOL_MINNIE_Ni1_528.txt	22	0,00551	17	0,35231	5	1,76153
529	IDOL_MINNIE_Ni1_529.txt	22	0,0049	17	0,28588	5	1,42938
530	IDOL_MINNIE_Ni1_530.txt	23	0,00418	17	0,21123	6	1,26741
531	IDOL_MINNIE_Ni1_531.txt	23	0,00456	17	0,11456	6	0,68738
532	IDOL_MINNIE_Ni1_532.txt	23	0,00444	17	0,09654	6	0,57924
533	IDOL_MINNIE_Ni1_533.txt	23	0,00447	17	0,16818	6	1,00908
534	IDOL_MINNIE_Ni1_534.txt	6	0,00458	17	0,25041	11	2,75454
535	IDOL_MINNIE_Ni1_535.txt	16	0,0032	16	0,23684	0	0
536	IDOL_MINNIE_Ni1_536.txt	7	0,00585	16	0,16756	9	1,50804
537	IDOL_MINNIE_Ni1_537.txt	16	0,0048	16	0,16756	0	0
538	IDOL_MINNIE_Ni1_538.txt	16	0,00448	16	0,10724	0	0
539	IDOL_MINNIE_Ni1_539.txt	16	0,00316	16	0,08074	0	0
540	IDOL_MINNIE_Ni1_540.txt	16	0,00539	16	0,07665	0	0
541	IDOL_MINNIE_Ni1_541.txt	16	0,00904	16	0,08471	0	0
542	IDOL_MINNIE_Ni1_542.txt	16	0,00875	16	0,09033	0	0
543	IDOL_MINNIE_Ni1_543.txt	16	0,00833	16	0,09041	0	0
544	IDOL_MINNIE_Ni1_544.txt	16	0,00729	16	0,08566	0	0
545	IDOL_MINNIE_Ni1_545.txt	16	0,00736	16	0,08002	0	0
546	IDOL_MINNIE_Ni1_546.txt	16	0,00946	16	0,06723	0	0
547	IDOL_MINNIE_Ni1_547.txt	16	0,00556	16	0,05243	0	0
548	IDOL_MINNIE_Ni1_548.txt	16	0,00509	16	0,04228	0	0
549	IDOL_MINNIE_Ni1_549.txt	16	0,00518	16	0,03592	0	0
550	IDOL_MINNIE_Ni1_550.txt	16	0,0044	16	0,03886	0	0
551	IDOL_MINNIE_Ni1_551.txt	6	0,01242	16	0,04877	10	0,48775
552	IDOL_MINNIE_Ni1_552.txt	6	0,01575	16	0,0665	10	0,66496
553	IDOL_MINNIE_Ni1_553.txt	6	0,01608	16	0,0665	10	0,66496
554	IDOL_MINNIE_Ni1_554.txt	6	0,01808	16	0,06933	10	0,69332
555	IDOL_MINNIE_Ni1_555.txt	6	0,01624	16	0,11745	10	1,17453
556	IDOL_MINNIE_Ni1_556.txt	16	0,0089	16	0,14663	0	0
557	IDOL_MINNIE_Ni1_557.txt	23	0,01017	16	0,17863	7	1,25038
558	IDOL_MINNIE_Ni1_558.txt	23	0,01116	16	0,20982	7	1,46875
559	IDOL_MINNIE_Ni1_559.txt	23	0,01044	16	0,22296	7	1,56069
560	IDOL_MINNIE_Ni1_560.txt	23	0,00843	16	0,23459	7	1,64213
561	IDOL_MINNIE_Ni1_561.txt	8	0,00761	16	0,23113	8	1,84901
562	IDOL_MINNIE_Ni1_562.txt	23	0,01086	16	0,22887	7	1,60206
563	IDOL_MINNIE_Ni1_563.txt	8	0,00709	16	0,22038	8	1,76304
564	IDOL_MINNIE_Ni1_564.txt	23	0,01112	16	0,20352	7	1,42461
565	IDOL_MINNIE_Ni1_565.txt	8	0,01094	16	0,18409	8	1,47272
566	IDOL_MINNIE_Ni1_566.txt	8	0,0089	16	0,16694	8	1,33554
567	IDOL_MINNIE_Ni1_567.txt	8	0,01064	16	0,16478	8	1,31824
568	IDOL_MINNIE_Ni1_568.txt	8	0,00808	16	0,16692	8	1,33539
569	IDOL_MINNIE_Ni1_569.txt	2	0,00724	16	0,16692	14	2,33694
570	IDOL_MINNIE_Ni1_570.txt	2	0,008	16	0,21347	14	2,98855
571	IDOL_MINNIE_Ni1_571.txt	2	0,0057	16	0,22954	14	3,21361
572	IDOL_MINNIE_Ni1_572.txt	2	0,00723	16	0,26144	14	3,66011
573	IDOL_MINNIE_Ni1_573.txt	22	0,00768	16	0,2975	6	1,78497
574	IDOL_MINNIE_Ni1_574.txt	11	0,00766	17	0,25387	6	1,5232
575	IDOL_MINNIE_Ni1_575.txt	26	0,00599	17	0,21781	9	1,9603
576	IDOL_MINNIE_Ni1_576.txt	23	0,00518	17	0,15538	6	0,93229
577	IDOL_MINNIE_Ni1_577.txt	23	0,00619	17	0,07731	6	0,46387
578	IDOL_MINNIE_Ni1_578.txt	23	0,00606	17	0,04038	6	0,24226
579	IDOL_MINNIE_Ni1_579.txt	23	0,00453	17	0,11683	6	0,701
580	IDOL_MINNIE_Ni1_580.txt	7	0,00766	17	0,23577	10	2,3577
581	IDOL_MINNIE_Ni1_581.txt	7	0,00573	17	0,30917	10	3,09171
582	IDOL_MINNIE_Ni1_582.txt	23	0,00695	17	0,37381	6	2,24286
583	IDOL_MINNIE_Ni1_583.txt	7	0,00504	17	0,45549	10	4,55489
584	IDOL_MINNIE_Ni1_584.txt	7	0,0052	17	0,53763	10	5,37628
585	IDOL_MINNIE_Ni1_585.txt	23	0,00681	17	0,60256	6	3,61537
586	IDOL_MINNIE_Ni1_586.txt	23	0,00636	17	0,60256	6	3,61537
587	IDOL_MINNIE_Ni1_587.txt	23	0,00658	15	0,6391	8	5,11282
588	IDOL_MINNIE_Ni1_588.txt	23	0,00592	15	0,63515	8	5,0812
589	IDOL_MINNIE_Ni1_589.txt	23	0,00859	15	0,63957	8	5,11658
590	IDOL_MINNIE_Ni1_590.txt	23	0,01062	15	0,64055	8	5,12442
591	IDOL_MINNIE_Ni1_591.txt	23	0,0135	17	0,5544	6	3,32643
592	IDOL_MINNIE_Ni1_592.txt	23	0,01006	17	0,49712	6	2,98274
593	IDOL_MINNIE_Ni1_593.txt	23	0,00775	17	0,45361	6	2,72168
594	IDOL_MINNIE_Ni1_594.txt	22	0,00547	17	0,4359	5	2,17952
595	IDOL_MINNIE_Ni1_595.txt	23	0,00672	17	0,42486	6	2,54919
596	IDOL_MINNIE_Ni1_596.txt	3	0,00666	17	0,42818	14	5,99449
597	IDOL_MINNIE_Ni1_597.txt	26	0,00509	17	0,42919	9	3,86272
598	IDOL_MINNIE_Ni1_598.txt	26	0,00368	17	0,41932	9	3,7739
599	IDOL_MINNIE_Ni1_599.txt	22	0,00456	17	0,41932	5	2,09661
600	IDOL_MINNIE_Ni1_600.txt	26	0,00551	17	0,42268	9	3,80409
601	IDOL_MINNIE_Ni1_601.txt	0	0,00597	17	0,43226	17	7,34838
602	IDOL_MINNIE_Ni1_602.txt	0	0,0074	17	0,4487	17	7,62798
603	IDOL_MINNIE_Ni1_603.txt	26	0,00707	17	0,48723	9	4,38508
604	IDOL_MINNIE_Ni1_604.txt	0	0,00591	15	0,45487	15	6,82302
605	IDOL_MINNIE_Ni1_605.txt	18	0,00478	15	0,41642	3	1,24926
606	IDOL_MINNIE_Ni1_606.txt	18	0,00403	15	0,37269	3	1,11806
607	IDOL_MINNIE_Ni1_607.txt	18	0,00321	15	0,40927	3	1,22782
608	IDOL_MINNIE_Ni1_608.txt	17	0,00327	15	0,46066	2	0,92133
609	IDOL_MINNIE_Ni1_609.txt	25	0,00364	15	0,53124	10	5,31242
610	IDOL_MINNIE_Ni1_610.txt	0	0,00532	15	0,60328	15	9,0492
611	IDOL_MINNIE_Ni1_611.txt	18	0,00435	15	0,67985	3	2,03954
612	IDOL_MINNIE_Ni1_612.txt	18	0,00625	14	0,61521	4	2,46083
613	IDOL_MINNIE_Ni1_613.txt	0	0,00715	14	0,55625	14	7,78751
614	IDOL_MINNIE_Ni1_614.txt	25	0,00287	18	0,51382	7	3,59673
615	IDOL_MINNIE_Ni1_615.txt	3	0,00805	18	0,40948	15	6,14218
616	IDOL_MINNIE_Ni1_616.txt	3	0,00646	18	0,33659	15	5,04888
617	IDOL_MINNIE_Ni1_617.txt	0	0,00541	18	0,2744	18	4,93924
618	IDOL_MINNIE_Ni1_618.txt	25	0,00222	18	0,2314	7	1,61979
619	IDOL_MINNIE_Ni1_619.txt	25	0,00216	18	0,22428	7	1,56997
620	IDOL_MINNIE_Ni1_620.txt	25	0,0049	18	0,26269	7	1,8388
621	IDOL_MINNIE_Ni1_621.txt	25	0,00224	18	0,31109	7	2,17761
622	IDOL_MINNIE_Ni1_622.txt	18	0,00249	18	0,39254	0	0
623	IDOL_MINNIE_Ni1_623.txt	25	0,00161	18	0,39254	7	2,74779
624	IDOL_MINNIE_Ni1_624.txt	26	0,00598	18	0,46677	8	3,73418
625	IDOL_MINNIE_Ni1_625.txt	18	0,00368	13	0,49542	5	2,47711
626	IDOL_MINNIE_Ni1_626.txt	3	0,00471	13	0,36063	10	3,60634
627	IDOL_MINNIE_Ni1_627.txt	25	0,00536	13	0,24389	12	2,92665
628	IDOL_MINNIE_Ni1_628.txt	25	0,00617	13	0,23165	12	2,77982
629	IDOL_MINNIE_Ni1_629.txt	25	0,00451	13	0,21922	12	2,63068
630	IDOL_MINNIE_Ni1_630.txt	17	0,00255	13	0,2469	4	0,9876
631	IDOL_MINNIE_Ni1_631.txt	25	0,00212	13	0,3599	12	4,31878
632	IDOL_MINNIE_Ni1_632.txt	25	0,00284	13	0,44552	12	5,34623
633	IDOL_MINNIE_Ni1_633.txt	3	0,0039	13	0,50311	10	5,03108
634	IDOL_MINNIE_Ni1_634.txt	26	0,00366	13	0,56959	13	7,40473
635	IDOL_MINNIE_Ni1_635.txt	26	0,004	13	0,65026	13	8,45344
636	IDOL_MINNIE_Ni1_636.txt	26	0,00754	19	0,70201	7	4,91406
637	IDOL_MINNIE_Ni1_637.txt	3	0,00427	19	0,59465	16	9,51438
638	IDOL_MINNIE_Ni1_638.txt	7	0,0056	19	0,47457	12	5,69488
639	IDOL_MINNIE_Ni1_639.txt	7	0,00566	19	0,35112	12	4,21341
640	IDOL_MINNIE_Ni1_640.txt	7	0,00606	19	0,25784	12	3,09411
641	IDOL_MINNIE_Ni1_641.txt	19	0,00614	19	0,25784	0	0
642	IDOL_MINNIE_Ni1_642.txt	19	0,00595	19	0,16743	0	0
643	IDOL_MINNIE_Ni1_643.txt	19	0,00575	19	0,07866	0	0
644	IDOL_MINNIE_Ni1_644.txt	3	0,00421	19	0,05902	16	0,94424
645	IDOL_MINNIE_Ni1_645.txt	27	0,00543	19	0,11229	8	0,89829
646	IDOL_MINNIE_Ni1_646.txt	12	0,00545	20	0,18074	8	1,44595
647	IDOL_MINNIE_Ni1_647.txt	12	0,00852	20	0,10005	8	0,80044
648	IDOL_MINNIE_Ni1_648.txt	10	0,00329	20	0,06789	10	0,67889
649	IDOL_MINNIE_Ni1_649.txt	4	0,00652	20	0,15764	16	2,52225
650	IDOL_MINNIE_Ni1_650.txt	3	0,01248	20	0,37536	17	6,38105
651	IDOL_MINNIE_Ni1_651.txt	3	0,00981	20	0,44481	17	7,56183
652	IDOL_MINNIE_Ni1_652.txt	22	0,00821	20	0,49864	2	0,99728
653	IDOL_MINNIE_Ni1_653.txt	9	0,0039	20	0,54068	11	5,94748
654	IDOL_MINNIE_Ni1_654.txt	9	0,00396	20	0,58174	11	6,39912
655	IDOL_MINNIE_Ni1_655.txt	19	0,00434	20	0,63395	1	0,63395
656	IDOL_MINNIE_Ni1_656.txt	19	0,00518	20	0,64062	1	0,64062
657	IDOL_MINNIE_Ni1_657.txt	19	0,00807	20	0,63619	1	0,63619
658	IDOL_MINNIE_Ni1_658.txt	2	0,00965	20	0,58027	18	10,44494
659	IDOL_MINNIE_Ni1_659.txt	2	0,01254	20	0,52717	18	9,48905
660	IDOL_MINNIE_Ni1_660.txt	2	0,00824	20	0,51305	18	9,23488
661	IDOL_MINNIE_Ni1_661.txt	2	0,01247	20	0,50807	18	9,14526
662	IDOL_MINNIE_Ni1_662.txt	26	0,00939	20	0,50951	6	3,05707
663	IDOL_MINNIE_Ni1_663.txt	26	0,00961	20	0,51482	6	3,08894
664	IDOL_MINNIE_Ni1_664.txt	26	0,00855	20	0,51952	6	3,11715
665	IDOL_MINNIE_Ni1_665.txt	19	0,00525	20	0,52032	1	0,52032
666	IDOL_MINNIE_Ni1_666.txt	3	0,00665	20	0,51371	17	8,73301
667	IDOL_MINNIE_Ni1_667.txt	3	0,00776	20	0,50127	17	8,52157
668	IDOL_MINNIE_Ni1_668.txt	3	0,00798	20	0,50127	17	8,52157
669	IDOL_MINNIE_Ni1_669.txt	2	0,00651	20	0,48901	18	8,80223
670	IDOL_MINNIE_Ni1_670.txt	2	0,00987	20	0,47946	18	8,63027
671	IDOL_MINNIE_Ni1_671.txt	2	0,00944	20	0,46983	18	8,45702
672	IDOL_MINNIE_Ni1_672.txt	19	0,00946	20	0,46054	1	0,46054
673	IDOL_MINNIE_Ni1_673.txt	9	0,00674	20	0,45094	11	4,96036
674	IDOL_MINNIE_Ni1_674.txt	2	0,00648	20	0,441	18	7,93809
675	IDOL_MINNIE_Ni1_675.txt	26	0,00784	20	0,43458	6	2,60746
676	IDOL_MINNIE_Ni1_676.txt	26	0,00432	20	0,43388	6	2,60329
677	IDOL_MINNIE_Ni1_677.txt	3	0,00517	20	0,43576	17	7,40785
678	IDOL_MINNIE_Ni1_678.txt	27	0,00485	20	0,43499	7	3,04492
679	IDOL_MINNIE_Ni1_679.txt	20	0,00434	20	0,43177	0	0
680	IDOL_MINNIE_Ni1_680.txt	11	0,00409	20	0,42301	9	3,80705
681	IDOL_MINNIE_Ni1_681.txt	11	0,01081	20	0,41533	9	3,73798
682	IDOL_MINNIE_Ni1_682.txt	12	0,00485	20	0,40966	8	3,27729
683	IDOL_MINNIE_Ni1_683.txt	11	0,00689	20	0,40995	9	3,68955
684	IDOL_MINNIE_Ni1_684.txt	20	0,00351	20	0,40995	0	0
685	IDOL_MINNIE_Ni1_685.txt	3	0,00417	19	0,34069	16	5,45111
686	IDOL_MINNIE_Ni1_686.txt	3	0,00404	19	0,286	16	4,57598
687	IDOL_MINNIE_Ni1_687.txt	17	0,00326	19	0,26345	2	0,52691
688	IDOL_MINNIE_Ni1_688.txt	17	0,003	19	0,30753	2	0,61507
689	IDOL_MINNIE_Ni1_689.txt	17	0,00351	19	0,37111	2	0,74221
690	IDOL_MINNIE_Ni1_690.txt	19	0,00496	19	0,4039	0	0
691	IDOL_MINNIE_Ni1_691.txt	3	0,00387	19	0,39911	16	6,38575
692	IDOL_MINNIE_Ni1_692.txt	11	0,00702	19	0,44532	8	3,56252
693	IDOL_MINNIE_Ni1_693.txt	21	0,00433	19	0,54476	2	1,08951
694	IDOL_MINNIE_Ni1_694.txt	4	0,00413	19	0,651	15	9,76503
695	IDOL_MINNIE_Ni1_695.txt	4	0,00348	19	0,74385	15	11,15778
696	IDOL_MINNIE_Ni1_696.txt	4	0,0037	19	0,85594	15	12,83912
697	IDOL_MINNIE_Ni1_697.txt	4	0,00445	19	0,95196	15	14,27938
698	IDOL_MINNIE_Ni1_698.txt	4	0,00676	19	1,04328	15	15,64916
699	IDOL_MINNIE_Ni1_699.txt	4	0,00447	19	1,14498	15	17,17477
700	IDOL_MINNIE_Ni1_700.txt	20	0,00759	13	1,25995	7	8,81963
701	IDOL_MINNIE_Ni1_701.txt	4	0,00678	13	1,32556	9	11,93005
702	IDOL_MINNIE_Ni1_702.txt	21	0,00689	13	1,32556	8	10,60448
703	IDOL_MINNIE_Ni1_703.txt	11	0,00615	12	1,33992	1	1,33992
704	IDOL_MINNIE_Ni1_704.txt	11	0,01074	12	1,20958	1	1,20958
705	IDOL_MINNIE_Ni1_705.txt	11	0,00618	12	1,08476	1	1,08476
706	IDOL_MINNIE_Ni1_706.txt	25	0,00237	12	0,99395	13	12,92137
707	IDOL_MINNIE_Ni1_707.txt	11	0,0055	12	0,9008	1	0,9008
708	IDOL_MINNIE_Ni1_708.txt	11	0,0091	12	0,81025	1	0,81025
709	IDOL_MINNIE_Ni1_709.txt	20	0,00542	12	0,70787	8	5,66292
710	IDOL_MINNIE_Ni1_710.txt	11	0,00766	12	0,55644	1	0,55644
711	IDOL_MINNIE_Ni1_711.txt	12	0,00299	12	0,46194	0	0
712	IDOL_MINNIE_Ni1_712.txt	4	0,00429	12	0,32388	8	2,59104
713	IDOL_MINNIE_Ni1_713.txt	4	0,00368	12	0,23111	8	1,8489
714	IDOL_MINNIE_Ni1_714.txt	4	0,00552	12	0,13112	8	1,04892
715	IDOL_MINNIE_Ni1_715.txt	20	0,00409	12	0,06796	8	0,54371
716	IDOL_MINNIE_Ni1_716.txt	11	0,00731	12	0,12675	1	0,12675
717	IDOL_MINNIE_Ni1_717.txt	20	0,01093	12	0,22775	8	1,82199
718	IDOL_MINNIE_Ni1_718.txt	21	0,00574	12	0,30561	9	2,75049
719	IDOL_MINNIE_Ni1_719.txt	20	0,00984	12	0,42863	8	3,42906
720	IDOL_MINNIE_Ni1_720.txt	11	0,00566	12	0,57392	1	0,57392
721	IDOL_MINNIE_Ni1_721.txt	11	0,00296	12	0,63436	1	0,63436
722	IDOL_MINNIE_Ni1_722.txt	20	0,00578	12	0,7603	8	6,0824
723	IDOL_MINNIE_Ni1_723.txt	21	0,00578	12	0,7603	9	6,8427
724	IDOL_MINNIE_Ni1_724.txt	20	0,00614	12	0,86444	8	6,91556
725	IDOL_MINNIE_Ni1_725.txt	20	0,00845	12	0,98707	8	7,89658
726	IDOL_MINNIE_Ni1_726.txt	20	0,00536	12	1,07374	8	8,58993
727	IDOL_MINNIE_Ni1_727.txt	20	0,00474	12	1,16947	8	9,35574
728	IDOL_MINNIE_Ni1_728.txt	4	0,00534	12	1,26717	8	10,13733
729	IDOL_MINNIE_Ni1_729.txt	4	0,00288	11	1,19422	7	8,35957
730	IDOL_MINNIE_Ni1_730.txt	20	0,00379	11	1,09633	9	9,86698
731	IDOL_MINNIE_Ni1_731.txt	4	0,00451	11	1,00183	7	7,01284
732	IDOL_MINNIE_Ni1_732.txt	4	0,00382	11	0,88982	7	6,22876
733	IDOL_MINNIE_Ni1_733.txt	21	0,00641	11	0,77538	10	7,75382
734	IDOL_MINNIE_Ni1_734.txt	20	0,00372	11	0,62186	9	5,59676
735	IDOL_MINNIE_Ni1_735.txt	4	0,00374	11	0,54334	7	3,80338
736	IDOL_MINNIE_Ni1_736.txt	4	0,00247	11	0,40785	7	2,85493
737	IDOL_MINNIE_Ni1_737.txt	4	0,00549	11	0,31591	7	2,21137
738	IDOL_MINNIE_Ni1_738.txt	20	0,00629	11	0,19565	9	1,76089
739	IDOL_MINNIE_Ni1_739.txt	11	0,00607	11	0,11764	0	0
740	IDOL_MINNIE_Ni1_740.txt	4	0,00455	11	0,098	7	0,686
741	IDOL_MINNIE_Ni1_741.txt	4	0,00395	11	0,17092	7	1,19641
742	IDOL_MINNIE_Ni1_742.txt	4	0,00541	11	0,25416	7	1,7791
743	IDOL_MINNIE_Ni1_743.txt	4	0,00361	11	0,25416	7	1,7791
744	IDOL_MINNIE_Ni1_744.txt	11	0,00676	21	0,21414	10	2,14135
745	IDOL_MINNIE_Ni1_745.txt	4	0,0048	21	0,11856	17	2,01548
746	IDOL_MINNIE_Ni1_746.txt	4	0,00468	21	0,08721	17	1,48263
747	IDOL_MINNIE_Ni1_747.txt	4	0,00439	21	0,14078	17	2,39326
748	IDOL_MINNIE_Ni1_748.txt	12	0,00268	21	0,25823	9	2,32409
749	IDOL_MINNIE_Ni1_749.txt	4	0,0014	21	0,3628	17	6,16764
750	IDOL_MINNIE_Ni1_750.txt	4	0,00102	21	0,43902	17	7,46338
751	IDOL_MINNIE_Ni1_751.txt	4	0,00404	21	0,54037	17	9,18624
752	IDOL_MINNIE_Ni1_752.txt	10	0,00199	21	0,63746	11	7,01208
753	IDOL_MINNIE_Ni1_753.txt	4	0,00417	21	0,73111	17	12,42895
754	IDOL_MINNIE_Ni1_754.txt	4	0,0043	9	0,81452	5	4,07261
755	IDOL_MINNIE_Ni1_755.txt	12	0,00258	9	0,81725	3	2,45174
756	IDOL_MINNIE_Ni1_756.txt	4	0,00309	9	0,83138	5	4,1569
757	IDOL_MINNIE_Ni1_757.txt	4	0,00269	9	0,84859	5	4,24293
758	IDOL_MINNIE_Ni1_758.txt	12	0,00357	9	0,88231	3	2,64693
759	IDOL_MINNIE_Ni1_759.txt	4	0,00617	9	0,92318	5	4,6159
760	IDOL_MINNIE_Ni1_760.txt	4	0,00371	9	0,97025	5	4,85123
761	IDOL_MINNIE_Ni1_761.txt	4	0,00531	9	1,05969	5	5,29847
762	IDOL_MINNIE_Ni1_762.txt	4	0,00482	9	1,05969	5	5,29847
763	IDOL_MINNIE_Ni1_763.txt	4	0,00421	9	1,12382	5	5,61909
764	IDOL_MINNIE_Ni1_764.txt	12	0,0051	9	1,18194	3	3,54583
765	IDOL_MINNIE_Ni1_765.txt	12	0,00242	9	1,40917	3	4,22752
766	IDOL_MINNIE_Ni1_766.txt	4	0,0039	9	1,48493	5	7,42464
767	IDOL_MINNIE_Ni1_767.txt	12	0,00215	9	1,56671	3	4,70013
768	IDOL_MINNIE_Ni1_768.txt	4	0,00373	9	1,6523	5	8,26149
769	IDOL_MINNIE_Ni1_769.txt	4	0,00394	26	1,69919	22	37,38216
770	IDOL_MINNIE_Ni1_770.txt	21	0,00442	4	1,61334	17	27,42673
771	IDOL_MINNIE_Ni1_771.txt	12	0,00321	4	1,43236	8	11,45888
772	IDOL_MINNIE_Ni1_772.txt	12	0,0038	4	1,27708	8	10,21667
773	IDOL_MINNIE_Ni1_773.txt	12	0,00354	4	1,15988	8	9,27906
774	IDOL_MINNIE_Ni1_774.txt	4	0,00397	4	1,03916	0	0
775	IDOL_MINNIE_Ni1_775.txt	12	0,00309	4	0,94688	8	7,57504
776	IDOL_MINNIE_Ni1_776.txt	21	0,0051	4	0,86919	17	14,77624
777	IDOL_MINNIE_Ni1_777.txt	11	0,0044	4	0,79532	7	5,56725
778	IDOL_MINNIE_Ni1_778.txt	11	0,00481	4	0,66231	7	4,63615
779	IDOL_MINNIE_Ni1_779.txt	11	0,0075	4	0,66231	7	4,63615
780	IDOL_MINNIE_Ni1_780.txt	11	0,00465	4	0,59879	7	4,19152
781	IDOL_MINNIE_Ni1_781.txt	3	0,00508	4	0,53939	1	0,53939
782	IDOL_MINNIE_Ni1_782.txt	26	0,00769	4	0,53247	22	11,7144
783	IDOL_MINNIE_Ni1_783.txt	3	0,00365	26	0,49209	23	11,31808
784	IDOL_MINNIE_Ni1_784.txt	19	0,00522	26	0,44072	7	3,08501
785	IDOL_MINNIE_Ni1_785.txt	19	0,0048	26	0,40418	7	2,82923
786	IDOL_MINNIE_Ni1_786.txt	3	0,00677	26	0,37441	23	8,61141
787	IDOL_MINNIE_Ni1_787.txt	3	0,00537	26	0,34298	23	7,88863
788	IDOL_MINNIE_Ni1_788.txt	3	0,00342	26	0,33151	23	7,62476
789	IDOL_MINNIE_Ni1_789.txt	26	0,00368	26	0,33051	0	0
790	IDOL_MINNIE_Ni1_790.txt	22	0,0044	26	0,31834	4	1,27334
791	IDOL_MINNIE_Ni1_791.txt	22	0,00321	26	0,32345	4	1,29381
792	IDOL_MINNIE_Ni1_792.txt	22	0,00474	26	0,35005	4	1,40018
793	IDOL_MINNIE_Ni1_793.txt	11	0,00728	26	0,40288	15	6,04321
794	IDOL_MINNIE_Ni1_794.txt	22	0,00639	26	0,43639	4	1,74555
795	IDOL_MINNIE_Ni1_795.txt	22	0,00547	26	0,46975	4	1,87901
796	IDOL_MINNIE_Ni1_796.txt	22	0,00623	26	0,49077	4	1,96308
797	IDOL_MINNIE_Ni1_797.txt	22	0,00453	22	0,57864	0	0
798	IDOL_MINNIE_Ni1_798.txt	22	0,00617	22	0,50072	0	0
799	IDOL_MINNIE_Ni1_799.txt	22	0,00503	22	0,50072	0	0
800	IDOL_MINNIE_Ni1_800.txt	22	0,00372	22	0,38604	0	0
801	IDOL_MINNIE_Ni1_801.txt	22	0,00375	22	0,28998	0	0
802	IDOL_MINNIE_Ni1_802.txt	22	0,00454	22	0,19739	0	0
803	IDOL_MINNIE_Ni1_803.txt	22	0,00363	22	0,1115	0	0
804	IDOL_MINNIE_Ni1_804.txt	22	0,00351	22	0,04265	0	0
805	IDOL_MINNIE_Ni1_805.txt	22	0,00354	22	0,12758	0	0
806	IDOL_MINNIE_Ni1_806.txt	22	0,00457	22	0,22453	0	0
807	IDOL_MINNIE_Ni1_807.txt	22	0,0023	22	0,37964	0	0
808	IDOL_MINNIE_Ni1_808.txt	1	0,00438	22	0,44208	21	9,28363
809	IDOL_MINNIE_Ni1_809.txt	2	0,00556	22	0,53859	20	10,77174
810	IDOL_MINNIE_Ni1_810.txt	22	0,0041	22	0,63015	0	0
811	IDOL_MINNIE_Ni1_811.txt	2	0,00535	25	0,65208	23	14,99782
812	IDOL_MINNIE_Ni1_812.txt	24	0,00532	25	0,62377	1	0,62377
813	IDOL_MINNIE_Ni1_813.txt	2	0,00549	25	0,5972	23	13,73563
814	IDOL_MINNIE_Ni1_814.txt	2	0,00506	25	0,59056	23	13,58289
815	IDOL_MINNIE_Ni1_815.txt	2	0,0049	25	0,58766	23	13,51628
816	IDOL_MINNIE_Ni1_816.txt	22	0,00789	25	0,60164	3	1,80491
817	IDOL_MINNIE_Ni1_817.txt	1	0,0061	25	0,65151	24	15,63619
818	IDOL_MINNIE_Ni1_818.txt	22	0,00445	25	0,7071	3	2,12131
819	IDOL_MINNIE_Ni1_819.txt	22	0,00355	25	0,72123	3	2,16368
820	IDOL_MINNIE_Ni1_820.txt	22	0,00567	25	0,74912	3	2,24737
821	IDOL_MINNIE_Ni1_821.txt	23	0,00298	25	0,8184	2	1,63679
822	IDOL_MINNIE_Ni1_822.txt	23	0,00585	25	0,85552	2	1,71104
823	IDOL_MINNIE_Ni1_823.txt	23	0,00391	25	0,89175	2	1,78349
824	IDOL_MINNIE_Ni1_824.txt	22	0,0032	25	0,89175	3	2,67524
825	IDOL_MINNIE_Ni1_825.txt	22	0,00366	25	0,94744	3	2,84231
826	IDOL_MINNIE_Ni1_826.txt	22	0,00424	25	1,02426	3	3,07279
827	IDOL_MINNIE_Ni1_827.txt	22	0,00312	25	1,05239	3	3,15717
828	IDOL_MINNIE_Ni1_828.txt	22	0,00331	25	1,07328	3	3,21984
829	IDOL_MINNIE_Ni1_829.txt	22	0,0033	25	1,08607	3	3,25821
830	IDOL_MINNIE_Ni1_830.txt	23	0,00596	25	1,08919	2	2,17838
831	IDOL_MINNIE_Ni1_831.txt	23	0,00369	25	1,0849	2	2,16979
832	IDOL_MINNIE_Ni1_832.txt	23	0,00621	25	1,07522	2	2,15043
833	IDOL_MINNIE_Ni1_833.txt	23	0,01138	25	1,06264	2	2,12527
834	IDOL_MINNIE_Ni1_834.txt	23	0,00624	25	1,05029	2	2,10058
835	IDOL_MINNIE_Ni1_835.txt	23	0,01025	25	1,03875	2	2,07749
836	IDOL_MINNIE_Ni1_836.txt	23	0,01109	25	1,02752	2	2,05504
837	IDOL_MINNIE_Ni1_837.txt	23	0,01048	25	1,01885	2	2,0377
838	IDOL_MINNIE_Ni1_838.txt	23	0,01423	25	1,02014	2	2,04029
839	IDOL_MINNIE_Ni1_839.txt	23	0,01499	25	1,03622	2	2,07243
840	IDOL_MINNIE_Ni1_840.txt	23	0,01125	25	1,06897	2	2,13794
841	IDOL_MINNIE_Ni1_841.txt	23	0,01145	25	1,12184	2	2,24367
842	IDOL_MINNIE_Ni1_842.txt	23	0,00903	25	1,18887	2	2,37774
843	IDOL_MINNIE_Ni1_843.txt	23	0,01211	25	1,25355	2	2,50711
844	IDOL_MINNIE_Ni1_844.txt	23	0,01325	23	1,30473	0	0
845	IDOL_MINNIE_Ni1_845.txt	23	0,01546	23	1,23508	0	0
846	IDOL_MINNIE_Ni1_846.txt	23	0,00736	23	1,17431	0	0
847	IDOL_MINNIE_Ni1_847.txt	8	0,00712	23	1,12373	15	16,85597
848	IDOL_MINNIE_Ni1_848.txt	23	0,00978	23	1,12373	0	0
849	IDOL_MINNIE_Ni1_849.txt	23	0,01172	23	1,0826	0	0
850	IDOL_MINNIE_Ni1_850.txt	23	0,00791	23	1,05257	0	0
851	IDOL_MINNIE_Ni1_851.txt	23	0,00811	23	1,0317	0	0
852	IDOL_MINNIE_Ni1_852.txt	23	0,00832	23	1,0139	0	0
853	IDOL_MINNIE_Ni1_853.txt	23	0,00831	23	0,98577	0	0
854	IDOL_MINNIE_Ni1_854.txt	23	0,00759	23	0,94042	0	0
855	IDOL_MINNIE_Ni1_855.txt	23	0,00574	23	0,88956	0	0
856	IDOL_MINNIE_Ni1_856.txt	23	0,00566	23	0,82792	0	0
857	IDOL_MINNIE_Ni1_857.txt	23	0,00494	23	0,79302	0	0
858	IDOL_MINNIE_Ni1_858.txt	14	0,00482	23	0,77143	9	6,94291
859	IDOL_MINNIE_Ni1_859.txt	23	0,00518	23	0,76844	0	0
860	IDOL_MINNIE_Ni1_860.txt	23	0,00551	23	0,76892	0	0
861	IDOL_MINNIE_Ni1_861.txt	23	0,00439	23	0,76887	0	0
862	IDOL_MINNIE_Ni1_862.txt	23	0,0049	23	0,76548	0	0
863	IDOL_MINNIE_Ni1_863.txt	23	0,0067	23	0,75304	0	0
864	IDOL_MINNIE_Ni1_864.txt	23	0,0052	23	0,72561	0	0
865	IDOL_MINNIE_Ni1_865.txt	14	0,00504	23	0,68554	9	6,16987
866	IDOL_MINNIE_Ni1_866.txt	8	0,00505	23	0,63766	15	9,56493
867	IDOL_MINNIE_Ni1_867.txt	16	0,00413	23	0,5906	7	4,13419
868	IDOL_MINNIE_Ni1_868.txt	16	0,00415	23	0,55469	7	3,88281
869	IDOL_MINNIE_Ni1_869.txt	16	0,0049	23	0,52909	7	3,70365
870	IDOL_MINNIE_Ni1_870.txt	16	0,00485	23	0,51692	7	3,61843
871	IDOL_MINNIE_Ni1_871.txt	16	0,00584	23	0,48536	7	3,39749
872	IDOL_MINNIE_Ni1_872.txt	16	0,00525	23	0,48536	7	3,39749
873	IDOL_MINNIE_Ni1_873.txt	23	0,00625	23	0,46226	0	0
874	IDOL_MINNIE_Ni1_874.txt	23	0,00492	23	0,42736	0	0
875	IDOL_MINNIE_Ni1_875.txt	23	0,00414	23	0,38041	0	0
876	IDOL_MINNIE_Ni1_876.txt	23	0,00311	23	0,33157	0	0
877	IDOL_MINNIE_Ni1_877.txt	23	0,00681	23	0,29081	0	0
878	IDOL_MINNIE_Ni1_878.txt	23	0,00386	23	0,26663	0	0
879	IDOL_MINNIE_Ni1_879.txt	23	0,0076	23	0,25737	0	0
880	IDOL_MINNIE_Ni1_880.txt	23	0,00551	23	0,25425	0	0
881	IDOL_MINNIE_Ni1_881.txt	23	0,00449	23	0,25269	0	0
882	IDOL_MINNIE_Ni1_882.txt	23	0,00983	23	0,25211	0	0
883	IDOL_MINNIE_Ni1_883.txt	23	0,00458	23	0,25201	0	0
884	IDOL_MINNIE_Ni1_884.txt	23	0,003	23	0,25693	0	0
885	IDOL_MINNIE_Ni1_885.txt	23	0,00252	23	0,26868	0	0
886	IDOL_MINNIE_Ni1_886.txt	23	0,00266	23	0,28508	0	0
887	IDOL_MINNIE_Ni1_887.txt	23	0,00313	23	0,30937	0	0
888	IDOL_MINNIE_Ni1_888.txt	23	0,00288	23	0,34357	0	0
889	IDOL_MINNIE_Ni1_889.txt	23	0,00261	23	0,3823	0	0
890	IDOL_MINNIE_Ni1_890.txt	23	0,00272	23	0,41485	0	0
891	IDOL_MINNIE_Ni1_891.txt	23	0,00264	23	0,44158	0	0
892	IDOL_MINNIE_Ni1_892.txt	23	0,00314	23	0,4732	0	0
893	IDOL_MINNIE_Ni1_893.txt	23	0,0031	23	0,57995	0	0
894	IDOL_MINNIE_Ni1_894.txt	23	0,00575	23	0,75614	0	0
895	IDOL_MINNIE_Ni1_895.txt	23	0,00458	23	0,78379	0	0
896	IDOL_MINNIE_Ni1_896.txt	23	0,0051	23	0,78379	0	0
897	IDOL_MINNIE_Ni1_897.txt	23	0,0078	23	0,81582	0	0
898	IDOL_MINNIE_Ni1_898.txt	23	0,01167	23	0,8475	0	0
899	IDOL_MINNIE_Ni1_899.txt	23	0,01207	23	0,99802	0	0
900	IDOL_MINNIE_Ni1_900.txt	23	0,00989	23	1,01648	0	0
901	IDOL_MINNIE_Ni1_901.txt	23	0,00626	23	1,05896	0	0
902	IDOL_MINNIE_Ni1_902.txt	23	0,00571	23	1,11451	0	0
903	IDOL_MINNIE_Ni1_903.txt	23	0,00924	23	1,16891	0	0
904	IDOL_MINNIE_Ni1_904.txt	23	0,00543	23	1,21499	0	0
905	IDOL_MINNIE_Ni1_905.txt	23	0,00524	23	1,24978	0	0
906	IDOL_MINNIE_Ni1_906.txt	23	0,00507	23	1,2828	0	0
907	IDOL_MINNIE_Ni1_907.txt	23	0,00529	23	1,31978	0	0
908	IDOL_MINNIE_Ni1_908.txt	23	0,00651	24	1,26031	1	1,26031
909	IDOL_MINNIE_Ni1_909.txt	2	0,00502	24	1,21519	22	26,73411
910	IDOL_MINNIE_Ni1_910.txt	22	0,00739	24	1,16178	2	2,32355
911	IDOL_MINNIE_Ni1_911.txt	22	0,00752	24	1,10928	2	2,21855
912	IDOL_MINNIE_Ni1_912.txt	22	0,00452	24	1,07827	2	2,15654
913	IDOL_MINNIE_Ni1_913.txt	22	0,00483	24	1,04487	2	2,08975
914	IDOL_MINNIE_Ni1_914.txt	2	0,00359	24	1,01778	22	22,39126
915	IDOL_MINNIE_Ni1_915.txt	2	0,00382	24	0,98304	22	21,62693
916	IDOL_MINNIE_Ni1_916.txt	2	0,00513	24	0,96961	22	21,33139
917	IDOL_MINNIE_Ni1_917.txt	24	0,00942	24	0,93821	0	0
918	IDOL_MINNIE_Ni1_918.txt	24	0,00854	24	0,93821	0	0
919	IDOL_MINNIE_Ni1_919.txt	24	0,01557	24	0,89805	0	0
920	IDOL_MINNIE_Ni1_920.txt	24	0,01597	24	0,85851	0	0
921	IDOL_MINNIE_Ni1_921.txt	24	0,01399	24	0,81926	0	0
922	IDOL_MINNIE_Ni1_922.txt	24	0,01395	24	0,74769	0	0
923	IDOL_MINNIE_Ni1_923.txt	24	0,01468	24	0,69786	0	0
924	IDOL_MINNIE_Ni1_924.txt	24	0,01184	24	0,63792	0	0
925	IDOL_MINNIE_Ni1_925.txt	24	0,01388	24	0,52248	0	0
926	IDOL_MINNIE_Ni1_926.txt	24	0,01738	24	0,4559	0	0
927	IDOL_MINNIE_Ni1_927.txt	24	0,01213	24	0,37753	0	0
928	IDOL_MINNIE_Ni1_928.txt	24	0,01494	24	0,33092	0	0
929	IDOL_MINNIE_Ni1_929.txt	24	0,01359	24	0,29849	0	0
930	IDOL_MINNIE_Ni1_930.txt	24	0,01192	24	0,27857	0	0
931	IDOL_MINNIE_Ni1_931.txt	24	0,00986	24	0,26357	0	0
932	IDOL_MINNIE_Ni1_932.txt	24	0,00519	24	0,26095	0	0
933	IDOL_MINNIE_Ni1_933.txt	24	0,00571	24	0,25736	0	0
934	IDOL_MINNIE_Ni1_934.txt	2	0,00546	24	0,25584	22	5,62859
935	IDOL_MINNIE_Ni1_935.txt	24	0,00613	24	0,25405	0	0
936	IDOL_MINNIE_Ni1_936.txt	22	0,00523	24	0,25738	2	0,51476
937	IDOL_MINNIE_Ni1_937.txt	22	0,00464	24	0,276	2	0,55201
938	IDOL_MINNIE_Ni1_938.txt	22	0,00678	24	0,30028	2	0,60056
939	IDOL_MINNIE_Ni1_939.txt	22	0,00595	24	0,34113	2	0,68227
940	IDOL_MINNIE_Ni1_940.txt	22	0,00496	24	0,34113	2	0,68227
941	IDOL_MINNIE_Ni1_941.txt	22	0,0072	24	0,39551	2	0,79102
942	IDOL_MINNIE_Ni1_942.txt	22	0,00507	24	0,45853	2	0,91706
943	IDOL_MINNIE_Ni1_943.txt	2	0,00508	24	0,5271	22	11,59626
944	IDOL_MINNIE_Ni1_944.txt	23	0,00539	24	0,65221	1	0,65221
945	IDOL_MINNIE_Ni1_945.txt	2	0,00571	24	0,70382	22	15,48396
946	IDOL_MINNIE_Ni1_946.txt	24	0,00792	24	0,74595	0	0
947	IDOL_MINNIE_Ni1_947.txt	2	0,00972	24	0,77428	22	17,03414
948	IDOL_MINNIE_Ni1_948.txt	2	0,01062	24	0,79334	22	17,45352
949	IDOL_MINNIE_Ni1_949.txt	2	0,0094	24	0,801	22	17,62205
950	IDOL_MINNIE_Ni1_950.txt	2	0,00591	24	0,80336	22	17,67399
951	IDOL_MINNIE_Ni1_951.txt	2	0,00551	24	0,84616	22	18,61555
952	IDOL_MINNIE_Ni1_952.txt	2	0,0067	24	0,85489	22	18,80748
953	IDOL_MINNIE_Ni1_953.txt	2	0,00658	24	0,8628	22	18,98155
954	IDOL_MINNIE_Ni1_954.txt	0	0,00695	24	0,88238	24	21,17703
955	IDOL_MINNIE_Ni1_955.txt	0	0,00827	24	0,89886	24	21,57274
956	IDOL_MINNIE_Ni1_956.txt	0	0,00715	24	0,94914	24	22,77945
957	IDOL_MINNIE_Ni1_957.txt	0	0,00535	24	0,99195	24	23,80682
958	IDOL_MINNIE_Ni1_958.txt	24	0,0081	24	1,04528	0	0
959	IDOL_MINNIE_Ni1_959.txt	24	0,01516	24	1,15809	0	0
960	IDOL_MINNIE_Ni1_960.txt	24	0,01378	24	1,23822	0	0
961	IDOL_MINNIE_Ni1_961.txt	0	0,00798	24	1,23822	24	29,71728
962	IDOL_MINNIE_Ni1_962.txt	0	0,00492	24	1,32099	24	31,7037
963	IDOL_MINNIE_Ni1_963.txt	0	0,00783	25	1,23139	25	30,78466
964	IDOL_MINNIE_Ni1_964.txt	24	0,01023	25	1,15323	1	1,15323
965	IDOL_MINNIE_Ni1_965.txt	24	0,00989	25	1,16252	1	1,16252
966	IDOL_MINNIE_Ni1_966.txt	24	0,00763	25	1,06371	1	1,06371
967	IDOL_MINNIE_Ni1_967.txt	2	0,00717	25	0,93382	23	21,47781
968	IDOL_MINNIE_Ni1_968.txt	2	0,00671	25	0,86997	23	20,0092
969	IDOL_MINNIE_Ni1_969.txt	2	0,00722	25	0,79895	23	18,37579
970	IDOL_MINNIE_Ni1_970.txt	0	0,00378	25	0,78753	25	19,68824
971	IDOL_MINNIE_Ni1_971.txt	26	0,00586	25	0,71974	1	0,71974
972	IDOL_MINNIE_Ni1_972.txt	18	0,00503	25	0,64329	7	4,50305
973	IDOL_MINNIE_Ni1_973.txt	17	0,00339	25	0,56919	8	4,55353
974	IDOL_MINNIE_Ni1_974.txt	17	0,00274	25	0,47041	8	3,76326
975	IDOL_MINNIE_Ni1_975.txt	18	0,00275	25	0,37151	7	2,60057
976	IDOL_MINNIE_Ni1_976.txt	18	0,00294	25	0,27278	7	1,90943
977	IDOL_MINNIE_Ni1_977.txt	18	0,00282	25	0,23934	7	1,67535
978	IDOL_MINNIE_Ni1_978.txt	0	0,00519	25	0,14601	25	3,65031
979	IDOL_MINNIE_Ni1_979.txt	18	0,00372	25	0,04702	7	0,32911
980	IDOL_MINNIE_Ni1_980.txt	17	0,00301	25	0,05222	8	0,41774
981	IDOL_MINNIE_Ni1_981.txt	18	0,00391	25	0,14827	7	1,03789
982	IDOL_MINNIE_Ni1_982.txt	18	0,00385	25	0,24404	7	1,7083
983	IDOL_MINNIE_Ni1_983.txt	18	0,00332	25	0,24404	7	1,7083
984	IDOL_MINNIE_Ni1_984.txt	17	0,00442	25	0,34235	8	2,7388
985	IDOL_MINNIE_Ni1_985.txt	18	0,00414	25	0,43613	7	3,0529
986	IDOL_MINNIE_Ni1_986.txt	18	0,00445	25	0,53497	7	3,74481
987	IDOL_MINNIE_Ni1_987.txt	18	0,00684	22	0,50378	4	2,01513
988	IDOL_MINNIE_Ni1_988.txt	18	0,00524	22	0,40718	4	1,62871
989	IDOL_MINNIE_Ni1_989.txt	27	0,00529	22	0,30995	5	1,54975
990	IDOL_MINNIE_Ni1_990.txt	18	0,00423	22	0,21555	4	0,86222
991	IDOL_MINNIE_Ni1_991.txt	27	0,00517	22	0,12605	5	0,63023
992	IDOL_MINNIE_Ni1_992.txt	27	0,00545	22	0,02518	5	0,1259
993	IDOL_MINNIE_Ni1_993.txt	4	0,00466	22	0,0678	18	1,22031
994	IDOL_MINNIE_Ni1_994.txt	20	0,00347	22	0,43613	2	0,87227
995	IDOL_MINNIE_Ni1_995.txt	26	0,00372	22	0,52585	4	2,10339
996	IDOL_MINNIE_Ni1_996.txt	19	0,00465	26	0,44055	7	3,08388
997	IDOL_MINNIE_Ni1_997.txt	26	0,00615	26	0,36506	0	0
998	IDOL_MINNIE_Ni1_998.txt	19	0,00481	26	0,30555	7	2,13882
999	IDOL_MINNIE_Ni1_999.txt	19	0,00531	26	0,27858	7	1,95005
1000	IDOL_MINNIE_Ni1_1000.txt	26	0,00555	26	0,2913	0	0
1001	IDOL_MINNIE_Ni1_1001.txt	3	0,00419	26	0,34228	23	7,87254
1002	IDOL_MINNIE_Ni1_1002.txt	18	0,00324	26	0,40969	8	3,27753
1003	IDOL_MINNIE_Ni1_1003.txt	18	0,00384	26	0,49159	8	3,93275
1004	IDOL_MINNIE_Ni1_1004.txt	18	0,00662	26	0,57842	8	4,62738
1005	IDOL_MINNIE_Ni1_1005.txt	18	0,00467	26	0,57842	8	4,62738
1006	IDOL_MINNIE_Ni1_1006.txt	17	0,00192	26	0,66521	9	5,98686
1007	IDOL_MINNIE_Ni1_1007.txt	17	0,00198	26	0,76258	9	6,86326
1008	IDOL_MINNIE_Ni1_1008.txt	11	0,00737	26	0,94848	15	14,22722
1009	IDOL_MINNIE_Ni1_1009.txt	21	0,00609	4	1,1243	17	19,11306
1010	IDOL_MINNIE_Ni1_1010.txt	11	0,00584	4	1,21393	7	8,49749
1011	IDOL_MINNIE_Ni1_1011.txt	11	0,0038	27	1,1591	16	18,54566
1012	IDOL_MINNIE_Ni1_1012.txt	11	0,00263	27	1,06462	16	17,03399
1013	IDOL_MINNIE_Ni1_1013.txt	21	0,00318	27	0,8898	6	5,33879
1014	IDOL_MINNIE_Ni1_1014.txt	4	0,00373	27	0,77367	23	17,79434
1015	IDOL_MINNIE_Ni1_1015.txt	12	0,00355	27	0,67562	15	10,13437
1016	IDOL_MINNIE_Ni1_1016.txt	4	0,00382	27	0,4311	23	9,91541
1017	IDOL_MINNIE_Ni1_1017.txt	21	0,0033	27	0,2895	6	1,73698
1018	IDOL_MINNIE_Ni1_1018.txt	4	0,00338	27	0,18184	23	4,18229
1019	IDOL_MINNIE_Ni1_1019.txt	27	0,00261	27	0,10369	0	0
1020	IDOL_MINNIE_Ni1_1020.txt	4	0,00457	27	0,08503	23	1,95561
1021	IDOL_MINNIE_Ni1_1021.txt	27	0,00371	27	0,14668	0	0
1022	IDOL_MINNIE_Ni1_1022.txt	4	0,00422	27	0,23483	23	5,40114
1023	IDOL_MINNIE_Ni1_1023.txt	21	0,00375	27	0,26966	6	1,61797
1024	IDOL_MINNIE_Ni1_1024.txt	21	0,0048	27	0,2369	6	1,42142
1025	IDOL_MINNIE_Ni1_1025.txt	21	0,00373	27	0,30919	6	1,85511
1026	IDOL_MINNIE_Ni1_1026.txt	11	0,00398	27	0,40009	16	6,40137
1027	IDOL_MINNIE_Ni1_1027.txt	4	0,00475	27	0,40009	23	9,20197
1028	IDOL_MINNIE_Ni1_1028.txt	4	0,00356	27	0,50523	23	11,62027
1029	IDOL_MINNIE_Ni1_1029.txt	4	0,00425	27	0,61474	23	14,13893
1030	IDOL_MINNIE_Ni1_1030.txt	11	0,00354	27	0,72702	16	11,6323
1031	IDOL_MINNIE_Ni1_1031.txt	27	0,00418	27	0,83615	0	0
1032	IDOL_MINNIE_Ni1_1032.txt	12	0,00185	27	0,94746	15	14,21189
1033	IDOL_MINNIE_Ni1_1033.txt	4	0,0044	27	1,06124	23	24,40859
1034	IDOL_MINNIE_Ni1_1034.txt	11	0,00476	27	1,16927	16	18,70825
1035	IDOL_MINNIE_Ni1_1035.txt	11	0,00417	3	1,15177	8	9,21413
1036	IDOL_MINNIE_Ni1_1036.txt	4	0,00307	3	1,04623	1	1,04623
1037	IDOL_MINNIE_Ni1_1037.txt	11	0,00565	3	0,93693	8	7,49544
1038	IDOL_MINNIE_Ni1_1038.txt	0	0,00529	3	0,82098	3	2,46295
1039	IDOL_MINNIE_Ni1_1039.txt	0	0,00391	3	0,72789	3	2,18366
