#	ImageName	Similar Node	Distance	Near Node	Distance	Transitions	Evaluation
1	IDOL_MINNIE_Cl1_1.txt	17	0,00304	3	0,25633	14	3,58868
2	IDOL_MINNIE_Cl1_2.txt	17	0,00242	3	0,21176	14	2,96468
3	IDOL_MINNIE_Cl1_3.txt	17	0,00304	3	0,16565	14	2,31912
4	IDOL_MINNIE_Cl1_4.txt	17	0,00305	3	0,11636	14	1,62904
5	IDOL_MINNIE_Cl1_5.txt	18	0,00486	3	0,18662	15	2,79925
6	IDOL_MINNIE_Cl1_6.txt	17	0,00275	3	0,29035	14	4,06493
7	IDOL_MINNIE_Cl1_7.txt	25	0,00328	3	0,39381	22	8,66382
8	IDOL_MINNIE_Cl1_8.txt	25	0,00296	0	0,46607	25	11,65168
9	IDOL_MINNIE_Cl1_9.txt	25	0,00284	0	0,35366	25	8,8416
10	IDOL_MINNIE_Cl1_10.txt	25	0,00273	0	0,23077	25	5,76922
11	IDOL_MINNIE_Cl1_11.txt	25	0,0032	0	0,11565	25	2,89133
12	IDOL_MINNIE_Cl1_12.txt	18	0,00392	0	0	18	0
13	IDOL_MINNIE_Cl1_13.txt	18	0,00354	0	0	18	0
14	IDOL_MINNIE_Cl1_14.txt	0	0,00176	0	0,10614	0	0
15	IDOL_MINNIE_Cl1_15.txt	0	0,00468	0	0,21376	0	0
16	IDOL_MINNIE_Cl1_16.txt	1	0,00577	0	0,32305	1	0,32305
17	IDOL_MINNIE_Cl1_17.txt	1	0,00588	0	0,44178	1	0,44178
18	IDOL_MINNIE_Cl1_18.txt	1	0,00473	0	0,54845	1	0,54845
19	IDOL_MINNIE_Cl1_19.txt	1	0,00472	0	0,65965	1	0,65965
20	IDOL_MINNIE_Cl1_20.txt	1	0,00581	0	0,76689	1	0,76689
21	IDOL_MINNIE_Cl1_21.txt	1	0,00558	0	0,87414	1	0,87414
22	IDOL_MINNIE_Cl1_22.txt	1	0,00449	0	1,01268	1	1,01268
23	IDOL_MINNIE_Cl1_23.txt	1	0,00312	0	1,10788	1	1,10788
24	IDOL_MINNIE_Cl1_24.txt	1	0,00605	0	1,2452	1	1,2452
25	IDOL_MINNIE_Cl1_25.txt	1	0,00512	1	1,24895	0	0
26	IDOL_MINNIE_Cl1_26.txt	1	0,01002	1	1,14788	0	0
27	IDOL_MINNIE_Cl1_27.txt	1	0,00414	1	1,02482	0	0
28	IDOL_MINNIE_Cl1_28.txt	1	0,00479	1	1,02482	0	0
29	IDOL_MINNIE_Cl1_29.txt	1	0,00354	1	0,92138	0	0
30	IDOL_MINNIE_Cl1_30.txt	1	0,00407	1	0,81024	0	0
31	IDOL_MINNIE_Cl1_31.txt	1	0,00307	1	0,70108	0	0
32	IDOL_MINNIE_Cl1_32.txt	1	0,00289	1	0,58382	0	0
33	IDOL_MINNIE_Cl1_33.txt	1	0,00437	1	0,48747	0	0
34	IDOL_MINNIE_Cl1_34.txt	1	0,00486	1	0,40299	0	0
35	IDOL_MINNIE_Cl1_35.txt	1	0,00413	1	0,31502	0	0
36	IDOL_MINNIE_Cl1_36.txt	1	0,00304	1	0,22187	0	0
37	IDOL_MINNIE_Cl1_37.txt	1	0,00769	1	0,1151	0	0
38	IDOL_MINNIE_Cl1_38.txt	1	0,00194	1	0	0	0
39	IDOL_MINNIE_Cl1_39.txt	1	0,00357	1	0,11598	0	0
40	IDOL_MINNIE_Cl1_40.txt	1	0,00487	1	0,19335	0	0
41	IDOL_MINNIE_Cl1_41.txt	1	0,00213	1	0,26715	0	0
42	IDOL_MINNIE_Cl1_42.txt	1	0,00214	1	0,3515	0	0
43	IDOL_MINNIE_Cl1_43.txt	1	0,00506	1	0,38244	0	0
44	IDOL_MINNIE_Cl1_44.txt	1	0,00287	1	0,42341	0	0
45	IDOL_MINNIE_Cl1_45.txt	22	0,00528	1	0,42341	21	8,89155
46	IDOL_MINNIE_Cl1_46.txt	2	0,00533	1	0,46204	1	0,46204
47	IDOL_MINNIE_Cl1_47.txt	26	0,00392	1	0,51098	25	12,77446
48	IDOL_MINNIE_Cl1_48.txt	22	0,0045	1	0,57764	21	12,13039
49	IDOL_MINNIE_Cl1_49.txt	2	0,00526	1	0,62871	1	0,62871
50	IDOL_MINNIE_Cl1_50.txt	22	0,0047	1	0,68402	21	14,3645
51	IDOL_MINNIE_Cl1_51.txt	19	0,008	1	0,73878	18	13,29796
52	IDOL_MINNIE_Cl1_52.txt	19	0,01339	1	0,78348	18	14,10266
53	IDOL_MINNIE_Cl1_53.txt	19	0,00902	1	0,84054	18	15,12973
54	IDOL_MINNIE_Cl1_54.txt	2	0,00725	1	0,89985	1	0,89985
55	IDOL_MINNIE_Cl1_55.txt	2	0,00658	1	0,98726	1	0,98726
56	IDOL_MINNIE_Cl1_56.txt	2	0,00404	1	1,04547	1	1,04547
57	IDOL_MINNIE_Cl1_57.txt	2	0,00572	1	1,08856	1	1,08856
58	IDOL_MINNIE_Cl1_58.txt	2	0,00418	1	1,15222	1	1,15222
59	IDOL_MINNIE_Cl1_59.txt	2	0,00496	1	1,2129	1	1,2129
60	IDOL_MINNIE_Cl1_60.txt	2	0,00531	2	1,22058	0	0
61	IDOL_MINNIE_Cl1_61.txt	2	0,00605	2	1,22058	0	0
62	IDOL_MINNIE_Cl1_62.txt	2	0,00646	2	1,18877	0	0
63	IDOL_MINNIE_Cl1_63.txt	2	0,00574	2	1,16166	0	0
64	IDOL_MINNIE_Cl1_64.txt	2	0,00436	2	1,0809	0	0
65	IDOL_MINNIE_Cl1_65.txt	2	0,00424	2	1,02072	0	0
66	IDOL_MINNIE_Cl1_66.txt	2	0,0053	2	0,96495	0	0
67	IDOL_MINNIE_Cl1_67.txt	2	0,00654	2	0,89077	0	0
68	IDOL_MINNIE_Cl1_68.txt	2	0,00759	2	0,78762	0	0
69	IDOL_MINNIE_Cl1_69.txt	2	0,00849	2	0,72098	0	0
70	IDOL_MINNIE_Cl1_70.txt	2	0,00531	2	0,62951	0	0
71	IDOL_MINNIE_Cl1_71.txt	2	0,00769	2	0,5197	0	0
72	IDOL_MINNIE_Cl1_72.txt	2	0,0058	2	0,43515	0	0
73	IDOL_MINNIE_Cl1_73.txt	2	0,00403	2	0,35763	0	0
74	IDOL_MINNIE_Cl1_74.txt	2	0,00391	2	0,28743	0	0
75	IDOL_MINNIE_Cl1_75.txt	2	0,00343	2	0,19221	0	0
76	IDOL_MINNIE_Cl1_76.txt	2	0,004	2	0,09602	0	0
77	IDOL_MINNIE_Cl1_77.txt	2	0,00351	2	0,09602	0	0
78	IDOL_MINNIE_Cl1_78.txt	2	0,00406	2	0	0	0
79	IDOL_MINNIE_Cl1_79.txt	2	0,00433	2	0,13273	0	0
80	IDOL_MINNIE_Cl1_80.txt	2	0,00332	2	0,22624	0	0
81	IDOL_MINNIE_Cl1_81.txt	2	0,00449	2	0,33197	0	0
82	IDOL_MINNIE_Cl1_82.txt	9	0,00561	2	0,4531	7	3,17169
83	IDOL_MINNIE_Cl1_83.txt	2	0,00429	2	0,54267	0	0
84	IDOL_MINNIE_Cl1_84.txt	2	0,00345	2	0,63783	0	0
85	IDOL_MINNIE_Cl1_85.txt	2	0,0057	2	0,73396	0	0
86	IDOL_MINNIE_Cl1_86.txt	2	0,00502	2	0,82584	0	0
87	IDOL_MINNIE_Cl1_87.txt	2	0,00459	2	0,93837	0	0
88	IDOL_MINNIE_Cl1_88.txt	2	0,00402	2	1,02737	0	0
89	IDOL_MINNIE_Cl1_89.txt	2	0,00268	2	1,12193	0	0
90	IDOL_MINNIE_Cl1_90.txt	2	0,0044	2	1,27421	0	0
91	IDOL_MINNIE_Cl1_91.txt	2	0,00456	2	1,4047	0	0
92	IDOL_MINNIE_Cl1_92.txt	2	0,00416	2	1,49798	0	0
93	IDOL_MINNIE_Cl1_93.txt	2	0,00442	2	1,49798	0	0
94	IDOL_MINNIE_Cl1_94.txt	2	0,00427	0	1,52525	2	3,05051
95	IDOL_MINNIE_Cl1_95.txt	2	0,00345	0	1,50728	2	3,01457
96	IDOL_MINNIE_Cl1_96.txt	2	0,00382	0	1,47187	2	2,94373
97	IDOL_MINNIE_Cl1_97.txt	23	0,00461	0	1,46575	23	33,71219
98	IDOL_MINNIE_Cl1_98.txt	22	0,0044	0	1,42309	22	31,30789
99	IDOL_MINNIE_Cl1_99.txt	2	0,00399	0	1,36821	2	2,73642
100	IDOL_MINNIE_Cl1_100.txt	2	0,00442	0	1,30932	2	2,61863
101	IDOL_MINNIE_Cl1_101.txt	2	0,0062	0	1,24892	2	2,49785
102	IDOL_MINNIE_Cl1_102.txt	26	0,00528	0	1,19384	26	31,03979
103	IDOL_MINNIE_Cl1_103.txt	26	0,00559	0	1,13515	26	29,51388
104	IDOL_MINNIE_Cl1_104.txt	0	0,0049	0	1,07274	0	0
105	IDOL_MINNIE_Cl1_105.txt	25	0,00484	0	1,01144	25	25,28593
106	IDOL_MINNIE_Cl1_106.txt	3	0,008	0	0,94558	3	2,83673
107	IDOL_MINNIE_Cl1_107.txt	3	0,0034	0	0,84959	3	2,54878
108	IDOL_MINNIE_Cl1_108.txt	3	0,00515	0	0,78561	3	2,35684
109	IDOL_MINNIE_Cl1_109.txt	19	0,00545	0	0,78561	19	14,92668
110	IDOL_MINNIE_Cl1_110.txt	18	0,00508	0	0,72161	18	12,98892
111	IDOL_MINNIE_Cl1_111.txt	17	0,00215	0	0,67626	17	11,49649
112	IDOL_MINNIE_Cl1_112.txt	18	0,00258	3	0,58806	15	8,82089
113	IDOL_MINNIE_Cl1_113.txt	18	0,00427	3	0,50871	15	7,6306
114	IDOL_MINNIE_Cl1_114.txt	3	0,00519	3	0,41346	0	0
115	IDOL_MINNIE_Cl1_115.txt	19	0,00495	3	0,28369	16	4,53908
116	IDOL_MINNIE_Cl1_116.txt	19	0,00533	3	0,15943	16	2,55081
117	IDOL_MINNIE_Cl1_117.txt	3	0,00544	3	0,04606	0	0
118	IDOL_MINNIE_Cl1_118.txt	19	0,00691	3	0	16	0
119	IDOL_MINNIE_Cl1_119.txt	3	0,00705	3	0,07676	0	0
120	IDOL_MINNIE_Cl1_120.txt	3	0,00538	3	0,16696	0	0
121	IDOL_MINNIE_Cl1_121.txt	3	0,01106	3	0,24281	0	0
122	IDOL_MINNIE_Cl1_122.txt	9	0,00663	3	0,33686	6	2,02116
123	IDOL_MINNIE_Cl1_123.txt	9	0,00378	3	0,4314	6	2,58837
124	IDOL_MINNIE_Cl1_124.txt	3	0,0035	3	0,5137	0	0
125	IDOL_MINNIE_Cl1_125.txt	3	0,00953	3	0,59716	0	0
126	IDOL_MINNIE_Cl1_126.txt	3	0,00422	3	0,67562	0	0
127	IDOL_MINNIE_Cl1_127.txt	3	0,00593	3	0,67562	0	0
128	IDOL_MINNIE_Cl1_128.txt	3	0,00436	3	0,7451	0	0
129	IDOL_MINNIE_Cl1_129.txt	22	0,00647	3	0,81942	19	15,56897
130	IDOL_MINNIE_Cl1_130.txt	11	0,00577	3	0,90628	8	7,25025
131	IDOL_MINNIE_Cl1_131.txt	4	0,00579	3	1,06882	1	1,06882
132	IDOL_MINNIE_Cl1_132.txt	21	0,00675	3	1,16273	18	20,9291
133	IDOL_MINNIE_Cl1_133.txt	11	0,00802	3	1,2143	8	9,71442
134	IDOL_MINNIE_Cl1_134.txt	4	0,00649	27	1,1047	23	25,40813
135	IDOL_MINNIE_Cl1_135.txt	4	0,00428	27	1,01883	23	23,433
136	IDOL_MINNIE_Cl1_136.txt	11	0,00552	27	0,92349	16	14,7758
137	IDOL_MINNIE_Cl1_137.txt	4	0,00469	27	0,83767	23	19,26645
138	IDOL_MINNIE_Cl1_138.txt	11	0,004	27	0,71545	16	11,44714
139	IDOL_MINNIE_Cl1_139.txt	20	0,00588	27	0,59123	7	4,13862
140	IDOL_MINNIE_Cl1_140.txt	4	0,00589	27	0,52099	23	11,98272
141	IDOL_MINNIE_Cl1_141.txt	4	0,00234	27	0,46596	23	10,71698
142	IDOL_MINNIE_Cl1_142.txt	11	0,0055	27	0,4253	16	6,80472
143	IDOL_MINNIE_Cl1_143.txt	4	0,0038	27	0,4253	23	9,78179
144	IDOL_MINNIE_Cl1_144.txt	20	0,0065	27	0,43156	7	3,02091
145	IDOL_MINNIE_Cl1_145.txt	4	0,00431	27	0,45308	23	10,42085
146	IDOL_MINNIE_Cl1_146.txt	21	0,00542	27	0,51583	6	3,09499
147	IDOL_MINNIE_Cl1_147.txt	4	0,00652	27	0,57473	23	13,21876
148	IDOL_MINNIE_Cl1_148.txt	21	0,00641	27	0,61551	6	3,69303
149	IDOL_MINNIE_Cl1_149.txt	4	0,00322	27	0,68026	23	15,64607
150	IDOL_MINNIE_Cl1_150.txt	20	0,00633	27	0,77213	7	5,4049
151	IDOL_MINNIE_Cl1_151.txt	4	0,00474	27	0,85433	23	19,64963
152	IDOL_MINNIE_Cl1_152.txt	4	0,00478	27	0,93407	23	21,48357
153	IDOL_MINNIE_Cl1_153.txt	20	0,00561	27	1,0248	7	7,17362
154	IDOL_MINNIE_Cl1_154.txt	4	0,00419	27	1,10842	23	25,49357
155	IDOL_MINNIE_Cl1_155.txt	4	0,00271	27	1,19852	23	27,56588
156	IDOL_MINNIE_Cl1_156.txt	4	0,00417	4	1,12042	0	0
157	IDOL_MINNIE_Cl1_157.txt	4	0,00311	4	1,02194	0	0
158	IDOL_MINNIE_Cl1_158.txt	4	0,00327	4	0,92494	0	0
159	IDOL_MINNIE_Cl1_159.txt	4	0,00321	4	0,92494	0	0
160	IDOL_MINNIE_Cl1_160.txt	4	0,00338	4	0,60741	0	0
161	IDOL_MINNIE_Cl1_161.txt	12	0,00217	4	0,51501	8	4,12007
162	IDOL_MINNIE_Cl1_162.txt	4	0,00374	4	0,41411	0	0
163	IDOL_MINNIE_Cl1_163.txt	12	0,00253	4	0,31301	8	2,50412
164	IDOL_MINNIE_Cl1_164.txt	10	0,00144	4	0,19242	6	1,15449
165	IDOL_MINNIE_Cl1_165.txt	12	0,00192	4	0,09541	8	0,76326
166	IDOL_MINNIE_Cl1_166.txt	12	0,00279	4	0	8	0
167	IDOL_MINNIE_Cl1_167.txt	4	0,00339	4	0,14311	0	0
168	IDOL_MINNIE_Cl1_168.txt	12	0,00152	4	0,22749	8	1,81991
169	IDOL_MINNIE_Cl1_169.txt	12	0,00431	4	0,32886	8	2,63086
170	IDOL_MINNIE_Cl1_170.txt	12	0,00361	4	0,43437	8	3,47494
171	IDOL_MINNIE_Cl1_171.txt	12	0,00168	4	0,5315	8	4,252
172	IDOL_MINNIE_Cl1_172.txt	12	0,00408	4	0,63184	8	5,05471
173	IDOL_MINNIE_Cl1_173.txt	4	0,00412	4	0,73301	0	0
174	IDOL_MINNIE_Cl1_174.txt	20	0,0041	4	0,82986	16	13,27768
175	IDOL_MINNIE_Cl1_175.txt	4	0,00293	4	0,82986	0	0
176	IDOL_MINNIE_Cl1_176.txt	20	0,00456	4	0,9309	16	14,89444
177	IDOL_MINNIE_Cl1_177.txt	4	0,00247	4	1,02492	0	0
178	IDOL_MINNIE_Cl1_178.txt	4	0,00362	4	1,12058	0	0
179	IDOL_MINNIE_Cl1_179.txt	20	0,00375	4	1,21879	16	19,50064
180	IDOL_MINNIE_Cl1_180.txt	21	0,00327	26	1,44898	5	7,24492
181	IDOL_MINNIE_Cl1_181.txt	21	0,00198	26	1,53563	5	7,67816
182	IDOL_MINNIE_Cl1_182.txt	21	0,00279	26	1,66168	5	8,3084
183	IDOL_MINNIE_Cl1_183.txt	4	0,00297	9	1,68115	5	8,40577
184	IDOL_MINNIE_Cl1_184.txt	4	0,00276	9	1,58373	5	7,91863
185	IDOL_MINNIE_Cl1_185.txt	4	0,00465	9	1,49796	5	7,48978
186	IDOL_MINNIE_Cl1_186.txt	4	0,0036	9	1,4046	5	7,02302
187	IDOL_MINNIE_Cl1_187.txt	4	0,00278	9	1,31618	5	6,58088
188	IDOL_MINNIE_Cl1_188.txt	12	0,00189	9	1,23945	3	3,71835
189	IDOL_MINNIE_Cl1_189.txt	12	0,00451	9	1,16613	3	3,49839
190	IDOL_MINNIE_Cl1_190.txt	12	0,00231	9	1,09793	3	3,2938
191	IDOL_MINNIE_Cl1_191.txt	10	0,00118	9	1,09793	1	1,09793
192	IDOL_MINNIE_Cl1_192.txt	10	0,0019	9	1,0377	1	1,0377
193	IDOL_MINNIE_Cl1_193.txt	12	0,00379	9	0,99881	3	2,99643
194	IDOL_MINNIE_Cl1_194.txt	12	0,00121	9	0,92417	3	2,7725
195	IDOL_MINNIE_Cl1_195.txt	4	0,00445	9	0,90326	5	4,51629
196	IDOL_MINNIE_Cl1_196.txt	21	0,00444	9	0,85669	12	10,2803
197	IDOL_MINNIE_Cl1_197.txt	3	0,00474	9	0,74693	6	4,48156
198	IDOL_MINNIE_Cl1_198.txt	3	0,00718	9	0,64958	6	3,89745
199	IDOL_MINNIE_Cl1_199.txt	3	0,00508	9	0,59462	6	3,56775
200	IDOL_MINNIE_Cl1_200.txt	3	0,0055	9	0,56653	6	3,39919
201	IDOL_MINNIE_Cl1_201.txt	19	0,00671	9	0,5063	10	5,063
202	IDOL_MINNIE_Cl1_202.txt	2	0,00706	9	0,40606	7	2,84245
203	IDOL_MINNIE_Cl1_203.txt	8	0,00392	9	0,35034	1	0,35034
204	IDOL_MINNIE_Cl1_204.txt	14	0,00457	9	0,24732	5	1,23662
205	IDOL_MINNIE_Cl1_205.txt	5	0,00188	9	0,16792	4	0,67168
206	IDOL_MINNIE_Cl1_206.txt	5	0,00664	9	0,10504	4	0,42015
207	IDOL_MINNIE_Cl1_207.txt	5	0,00553	9	0,10504	4	0,42015
208	IDOL_MINNIE_Cl1_208.txt	5	0,00457	9	0,05325	4	0,21299
209	IDOL_MINNIE_Cl1_209.txt	5	0,00682	9	0,0724	4	0,28959
210	IDOL_MINNIE_Cl1_210.txt	5	0,0061	9	0,16312	4	0,65248
211	IDOL_MINNIE_Cl1_211.txt	5	0,00452	9	0,28059	4	1,12235
212	IDOL_MINNIE_Cl1_212.txt	5	0,00414	9	0,3897	4	1,5588
213	IDOL_MINNIE_Cl1_213.txt	5	0,00438	9	0,48361	4	1,93444
214	IDOL_MINNIE_Cl1_214.txt	14	0,00432	5	0,41956	9	3,77607
215	IDOL_MINNIE_Cl1_215.txt	5	0,00608	5	0,30516	0	0
216	IDOL_MINNIE_Cl1_216.txt	5	0,00683	5	0,20629	0	0
217	IDOL_MINNIE_Cl1_217.txt	5	0,00846	5	0,1105	0	0
218	IDOL_MINNIE_Cl1_218.txt	5	0,00457	5	0	0	0
219	IDOL_MINNIE_Cl1_219.txt	5	0,00214	5	0,10604	0	0
220	IDOL_MINNIE_Cl1_220.txt	5	0,00332	5	0,22345	0	0
221	IDOL_MINNIE_Cl1_221.txt	5	0,00778	5	0,33712	0	0
222	IDOL_MINNIE_Cl1_222.txt	5	0,00695	5	0,42276	0	0
223	IDOL_MINNIE_Cl1_223.txt	5	0,00526	5	0,42276	0	0
224	IDOL_MINNIE_Cl1_224.txt	5	0,00617	5	0,54418	0	0
225	IDOL_MINNIE_Cl1_225.txt	5	0,00765	5	0,65391	0	0
226	IDOL_MINNIE_Cl1_226.txt	23	0,00767	5	0,68137	18	12,2646
227	IDOL_MINNIE_Cl1_227.txt	23	0,0094	5	0,87586	18	15,76556
228	IDOL_MINNIE_Cl1_228.txt	5	0,00846	5	1,02244	0	0
229	IDOL_MINNIE_Cl1_229.txt	5	0,00464	6	1,05726	1	1,05726
230	IDOL_MINNIE_Cl1_230.txt	5	0,00552	6	0,97257	1	0,97257
231	IDOL_MINNIE_Cl1_231.txt	5	0,00398	6	0,87065	1	0,87065
232	IDOL_MINNIE_Cl1_232.txt	5	0,00412	6	0,78777	1	0,78777
233	IDOL_MINNIE_Cl1_233.txt	5	0,00629	6	0,74021	1	0,74021
234	IDOL_MINNIE_Cl1_234.txt	5	0,0072	6	0,63845	1	0,63845
235	IDOL_MINNIE_Cl1_235.txt	6	0,01069	6	0,55911	0	0
236	IDOL_MINNIE_Cl1_236.txt	6	0,01119	6	0,45996	0	0
237	IDOL_MINNIE_Cl1_237.txt	6	0,00955	6	0,32951	0	0
238	IDOL_MINNIE_Cl1_238.txt	6	0,00424	6	0,24987	0	0
239	IDOL_MINNIE_Cl1_239.txt	6	0,00549	6	0,24987	0	0
240	IDOL_MINNIE_Cl1_240.txt	6	0,00417	6	0,14308	0	0
241	IDOL_MINNIE_Cl1_241.txt	6	0,00646	6	0	0	0
242	IDOL_MINNIE_Cl1_242.txt	6	0,00698	6	0,09662	0	0
243	IDOL_MINNIE_Cl1_243.txt	6	0,00555	6	0,20247	0	0
244	IDOL_MINNIE_Cl1_244.txt	6	0,00361	6	0,32434	0	0
245	IDOL_MINNIE_Cl1_245.txt	6	0,00415	6	0,43235	0	0
246	IDOL_MINNIE_Cl1_246.txt	7	0,00555	8	0,47127	1	0,47127
247	IDOL_MINNIE_Cl1_247.txt	7	0,00423	8	0,36307	1	0,36307
248	IDOL_MINNIE_Cl1_248.txt	7	0,00463	8	0,26496	1	0,26496
249	IDOL_MINNIE_Cl1_249.txt	7	0,00566	8	0,18463	1	0,18463
250	IDOL_MINNIE_Cl1_250.txt	7	0,0083	8	0,13307	1	0,13307
251	IDOL_MINNIE_Cl1_251.txt	7	0,00808	8	0,16214	1	0,16214
252	IDOL_MINNIE_Cl1_252.txt	7	0,00682	8	0,23384	1	0,23384
253	IDOL_MINNIE_Cl1_253.txt	7	0,00839	8	0,32409	1	0,32409
254	IDOL_MINNIE_Cl1_254.txt	7	0,00364	8	0,42605	1	0,42605
255	IDOL_MINNIE_Cl1_255.txt	7	0,00783	8	0,42605	1	0,42605
256	IDOL_MINNIE_Cl1_256.txt	7	0,00535	7	0,45462	0	0
257	IDOL_MINNIE_Cl1_257.txt	7	0,00394	7	0,35725	0	0
258	IDOL_MINNIE_Cl1_258.txt	7	0,0051	7	0,27861	0	0
259	IDOL_MINNIE_Cl1_259.txt	7	0,00594	7	0,22081	0	0
260	IDOL_MINNIE_Cl1_260.txt	7	0,00468	7	0,18263	0	0
261	IDOL_MINNIE_Cl1_261.txt	7	0,00347	7	0,16663	0	0
262	IDOL_MINNIE_Cl1_262.txt	7	0,00259	7	0,15752	0	0
263	IDOL_MINNIE_Cl1_263.txt	7	0,0036	7	0,15524	0	0
264	IDOL_MINNIE_Cl1_264.txt	7	0,00316	7	0,15483	0	0
265	IDOL_MINNIE_Cl1_265.txt	7	0,00477	7	0,14897	0	0
266	IDOL_MINNIE_Cl1_266.txt	7	0,00408	7	0,13236	0	0
267	IDOL_MINNIE_Cl1_267.txt	22	0,00429	7	0,11163	15	1,67452
268	IDOL_MINNIE_Cl1_268.txt	2	0,00423	7	0,09091	5	0,45454
269	IDOL_MINNIE_Cl1_269.txt	2	0,00644	7	0,07154	5	0,3577
270	IDOL_MINNIE_Cl1_270.txt	6	0,00782	7	0,04372	1	0,04372
271	IDOL_MINNIE_Cl1_271.txt	14	0,0063	7	0,02279	7	0,15952
272	IDOL_MINNIE_Cl1_272.txt	8	0,00494	7	0	1	0
273	IDOL_MINNIE_Cl1_273.txt	8	0,00612	7	0	1	0
274	IDOL_MINNIE_Cl1_274.txt	8	0,00578	7	0,02249	1	0,02249
275	IDOL_MINNIE_Cl1_275.txt	6	0,00731	7	0,04307	1	0,04307
276	IDOL_MINNIE_Cl1_276.txt	14	0,00792	7	0,06664	7	0,46647
277	IDOL_MINNIE_Cl1_277.txt	5	0,00574	7	0,08981	2	0,17962
278	IDOL_MINNIE_Cl1_278.txt	14	0,01028	7	0,10911	7	0,76378
279	IDOL_MINNIE_Cl1_279.txt	5	0,00647	7	0,13097	2	0,26194
280	IDOL_MINNIE_Cl1_280.txt	6	0,00967	7	0,15216	1	0,15216
281	IDOL_MINNIE_Cl1_281.txt	6	0,00583	7	0,17342	1	0,17342
282	IDOL_MINNIE_Cl1_282.txt	6	0,00491	7	0,19122	1	0,19122
283	IDOL_MINNIE_Cl1_283.txt	5	0,00554	7	0,20732	2	0,41464
284	IDOL_MINNIE_Cl1_284.txt	5	0,00462	7	0,22457	2	0,44913
285	IDOL_MINNIE_Cl1_285.txt	14	0,00369	7	0,24309	7	1,70161
286	IDOL_MINNIE_Cl1_286.txt	14	0,00415	7	0,25885	7	1,81196
287	IDOL_MINNIE_Cl1_287.txt	14	0,0036	7	0,27157	7	1,90098
288	IDOL_MINNIE_Cl1_288.txt	8	0,00378	7	0,29614	1	0,29614
289	IDOL_MINNIE_Cl1_289.txt	23	0,00453	7	0,29614	16	4,73825
290	IDOL_MINNIE_Cl1_290.txt	8	0,00504	7	0,33565	1	0,33565
291	IDOL_MINNIE_Cl1_291.txt	8	0,00506	7	0,37444	1	0,37444
292	IDOL_MINNIE_Cl1_292.txt	8	0,0046	7	0,45515	1	0,45515
293	IDOL_MINNIE_Cl1_293.txt	8	0,0039	8	0,39353	0	0
294	IDOL_MINNIE_Cl1_294.txt	13	0,00441	8	0,30774	5	1,53869
295	IDOL_MINNIE_Cl1_295.txt	14	0,00408	8	0,20389	6	1,22333
296	IDOL_MINNIE_Cl1_296.txt	14	0,00304	8	0,10598	6	0,63587
297	IDOL_MINNIE_Cl1_297.txt	14	0,00361	8	0	6	0
298	IDOL_MINNIE_Cl1_298.txt	8	0,00388	8	0,09941	0	0
299	IDOL_MINNIE_Cl1_299.txt	8	0,00325	8	0,19238	0	0
300	IDOL_MINNIE_Cl1_300.txt	8	0,00449	8	0,3122	0	0
301	IDOL_MINNIE_Cl1_301.txt	8	0,00883	8	0,42147	0	0
302	IDOL_MINNIE_Cl1_302.txt	8	0,0095	6	0,49246	2	0,98491
303	IDOL_MINNIE_Cl1_303.txt	8	0,007	6	0,39255	2	0,7851
304	IDOL_MINNIE_Cl1_304.txt	8	0,00656	6	0,33595	2	0,6719
305	IDOL_MINNIE_Cl1_305.txt	8	0,00594	6	0,27902	2	0,55805
306	IDOL_MINNIE_Cl1_306.txt	8	0,00492	6	0,27902	2	0,55805
307	IDOL_MINNIE_Cl1_307.txt	8	0,00615	6	0,24604	2	0,49207
308	IDOL_MINNIE_Cl1_308.txt	8	0,00632	6	0,27503	2	0,55006
309	IDOL_MINNIE_Cl1_309.txt	8	0,00601	6	0,32661	2	0,65323
310	IDOL_MINNIE_Cl1_310.txt	8	0,00732	6	0,40411	2	0,80822
311	IDOL_MINNIE_Cl1_311.txt	8	0,00736	6	0,5042	2	1,0084
312	IDOL_MINNIE_Cl1_312.txt	8	0,00941	6	0,61483	2	1,22965
313	IDOL_MINNIE_Cl1_313.txt	8	0,00881	6	0,7151	2	1,4302
314	IDOL_MINNIE_Cl1_314.txt	9	0,00773	6	0,81649	3	2,44948
315	IDOL_MINNIE_Cl1_315.txt	9	0,00871	6	0,94223	3	2,82669
316	IDOL_MINNIE_Cl1_316.txt	9	0,00887	6	1,05549	3	3,16648
317	IDOL_MINNIE_Cl1_317.txt	9	0,01913	5	1,00902	4	4,03609
318	IDOL_MINNIE_Cl1_318.txt	9	0,01325	5	0,90405	4	3,61622
319	IDOL_MINNIE_Cl1_319.txt	9	0,00723	5	0,80221	4	3,20882
320	IDOL_MINNIE_Cl1_320.txt	3	0,0119	5	0,69913	2	1,39825
321	IDOL_MINNIE_Cl1_321.txt	3	0,01299	5	0,59515	2	1,19029
322	IDOL_MINNIE_Cl1_322.txt	3	0,00677	5	0,4948	2	0,9896
323	IDOL_MINNIE_Cl1_323.txt	9	0,0055	5	0,4948	4	1,9792
324	IDOL_MINNIE_Cl1_324.txt	9	0,00362	5	0,37366	4	1,49466
325	IDOL_MINNIE_Cl1_325.txt	9	0,00451	5	0,25201	4	1,00805
326	IDOL_MINNIE_Cl1_326.txt	9	0,0029	5	0,16101	4	0,64403
327	IDOL_MINNIE_Cl1_327.txt	9	0,00434	5	0,04491	4	0,17964
328	IDOL_MINNIE_Cl1_328.txt	9	0,00361	5	0,07425	4	0,29702
329	IDOL_MINNIE_Cl1_329.txt	3	0,0038	5	0,17536	2	0,35072
330	IDOL_MINNIE_Cl1_330.txt	9	0,00329	5	0,28222	4	1,12888
331	IDOL_MINNIE_Cl1_331.txt	9	0,00394	5	0,3831	4	1,53242
332	IDOL_MINNIE_Cl1_332.txt	9	0,00474	5	0,49015	4	1,96061
333	IDOL_MINNIE_Cl1_333.txt	9	0,00588	9	0,43532	0	0
334	IDOL_MINNIE_Cl1_334.txt	9	0,0064	9	0,32891	0	0
335	IDOL_MINNIE_Cl1_335.txt	9	0,00548	9	0,22323	0	0
336	IDOL_MINNIE_Cl1_336.txt	9	0,00581	9	0,09705	0	0
337	IDOL_MINNIE_Cl1_337.txt	9	0,00652	9	0	0	0
338	IDOL_MINNIE_Cl1_338.txt	9	0,0051	9	0,1191	0	0
339	IDOL_MINNIE_Cl1_339.txt	9	0,00352	9	0,1191	0	0
340	IDOL_MINNIE_Cl1_340.txt	9	0,00333	9	0,22301	0	0
341	IDOL_MINNIE_Cl1_341.txt	9	0,00334	9	0,33158	0	0
342	IDOL_MINNIE_Cl1_342.txt	9	0,00779	9	0,43668	0	0
343	IDOL_MINNIE_Cl1_343.txt	9	0,00481	9	0,54139	0	0
344	IDOL_MINNIE_Cl1_344.txt	9	0,00497	9	0,65635	0	0
345	IDOL_MINNIE_Cl1_345.txt	19	0,00913	21	0,65829	2	1,31658
346	IDOL_MINNIE_Cl1_346.txt	9	0,0082	21	0,59502	12	7,1402
347	IDOL_MINNIE_Cl1_347.txt	9	0,00893	21	0,53279	12	6,3935
348	IDOL_MINNIE_Cl1_348.txt	9	0,00642	21	0,4742	12	5,69045
349	IDOL_MINNIE_Cl1_349.txt	9	0,0096	21	0,42793	12	5,1351
350	IDOL_MINNIE_Cl1_350.txt	9	0,00512	10	0,3841	1	0,3841
351	IDOL_MINNIE_Cl1_351.txt	3	0,00582	10	0,30887	7	2,16212
352	IDOL_MINNIE_Cl1_352.txt	3	0,00464	10	0,25051	7	1,75358
353	IDOL_MINNIE_Cl1_353.txt	9	0,00448	10	0,20216	1	0,20216
354	IDOL_MINNIE_Cl1_354.txt	3	0,00508	10	0,15433	7	1,08033
355	IDOL_MINNIE_Cl1_355.txt	20	0,00558	10	0,15433	10	1,54333
356	IDOL_MINNIE_Cl1_356.txt	4	0,00439	10	0,10412	6	0,62472
357	IDOL_MINNIE_Cl1_357.txt	10	0	10	0	0	0
358	IDOL_MINNIE_Cl1_358.txt	11	0,00725	10	0,03745	1	0,03745
359	IDOL_MINNIE_Cl1_359.txt	11	0,004	10	0,09535	1	0,09535
360	IDOL_MINNIE_Cl1_360.txt	11	0,00463	11	0,21747	0	0
361	IDOL_MINNIE_Cl1_361.txt	18	0,00382	11	0,10978	7	0,76847
362	IDOL_MINNIE_Cl1_362.txt	11	0,00477	11	0	0	0
363	IDOL_MINNIE_Cl1_363.txt	11	0,00184	11	0,1065	0	0
364	IDOL_MINNIE_Cl1_364.txt	11	0,00515	11	0,2148	0	0
365	IDOL_MINNIE_Cl1_365.txt	4	0,00591	11	0,33312	7	2,33187
366	IDOL_MINNIE_Cl1_366.txt	12	0,00184	11	0,44221	1	0,44221
367	IDOL_MINNIE_Cl1_367.txt	12	0,00073	11	0,53264	1	0,53264
368	IDOL_MINNIE_Cl1_368.txt	12	0,00383	11	0,66966	1	0,66966
369	IDOL_MINNIE_Cl1_369.txt	12	0,00123	11	0,79775	1	0,79775
370	IDOL_MINNIE_Cl1_370.txt	10	0,00257	11	0,89939	1	0,89939
371	IDOL_MINNIE_Cl1_371.txt	10	0,00165	11	1,00987	1	1,00987
372	IDOL_MINNIE_Cl1_372.txt	10	0,00148	11	1,15429	1	1,15429
373	IDOL_MINNIE_Cl1_373.txt	10	0,00236	11	1,15429	1	1,15429
374	IDOL_MINNIE_Cl1_374.txt	10	0,00226	11	1,26285	1	1,26285
375	IDOL_MINNIE_Cl1_375.txt	10	0,00263	12	1,1763	2	2,35259
376	IDOL_MINNIE_Cl1_376.txt	12	0,00288	12	1,05916	0	0
377	IDOL_MINNIE_Cl1_377.txt	10	0,00098	12	0,95373	2	1,90745
378	IDOL_MINNIE_Cl1_378.txt	10	0,00169	12	0,8503	2	1,70061
379	IDOL_MINNIE_Cl1_379.txt	12	0,00228	12	0,73454	0	0
380	IDOL_MINNIE_Cl1_380.txt	10	0,00274	12	0,64169	2	1,28338
381	IDOL_MINNIE_Cl1_381.txt	10	0,00274	12	0,52687	2	1,05374
382	IDOL_MINNIE_Cl1_382.txt	10	0,00267	12	0,42338	2	0,84676
383	IDOL_MINNIE_Cl1_383.txt	10	0,00385	12	0,33381	2	0,66763
384	IDOL_MINNIE_Cl1_384.txt	10	0,00391	12	0,20702	2	0,41403
385	IDOL_MINNIE_Cl1_385.txt	10	0,00351	12	0,10337	2	0,20674
386	IDOL_MINNIE_Cl1_386.txt	12	0,00178	12	0	0	0
387	IDOL_MINNIE_Cl1_387.txt	12	0,00117	12	0,10279	0	0
388	IDOL_MINNIE_Cl1_388.txt	12	0,00059	12	0,2094	0	0
389	IDOL_MINNIE_Cl1_389.txt	4	0,00421	12	0,2094	8	1,6752
390	IDOL_MINNIE_Cl1_390.txt	4	0,00487	12	0,32456	8	2,59651
391	IDOL_MINNIE_Cl1_391.txt	12	0,00164	12	0,41616	0	0
392	IDOL_MINNIE_Cl1_392.txt	12	0,00184	12	0,51933	0	0
393	IDOL_MINNIE_Cl1_393.txt	12	0,00125	12	0,60726	0	0
394	IDOL_MINNIE_Cl1_394.txt	4	0,00452	12	0,75977	8	6,07812
395	IDOL_MINNIE_Cl1_395.txt	4	0,00348	12	0,87298	8	6,98383
396	IDOL_MINNIE_Cl1_396.txt	4	0,00507	12	0,98626	8	7,89005
397	IDOL_MINNIE_Cl1_397.txt	4	0,00434	12	1,09912	8	8,79297
398	IDOL_MINNIE_Cl1_398.txt	4	0,0049	12	1,2132	8	9,70557
399	IDOL_MINNIE_Cl1_399.txt	21	0,0056	12	1,32528	9	11,92752
400	IDOL_MINNIE_Cl1_400.txt	4	0,00483	19	1,36833	15	20,52489
401	IDOL_MINNIE_Cl1_401.txt	21	0,00475	19	1,25532	2	2,51064
402	IDOL_MINNIE_Cl1_402.txt	4	0,00462	19	1,15511	15	17,32665
403	IDOL_MINNIE_Cl1_403.txt	4	0,00462	19	1,0575	15	15,86251
404	IDOL_MINNIE_Cl1_404.txt	27	0,00198	19	0,97453	8	7,79625
405	IDOL_MINNIE_Cl1_405.txt	21	0,00506	19	0,93588	2	1,87177
406	IDOL_MINNIE_Cl1_406.txt	11	0,00347	19	0,87021	8	6,96168
407	IDOL_MINNIE_Cl1_407.txt	21	0,0044	19	0,86482	2	1,72964
408	IDOL_MINNIE_Cl1_408.txt	18	0,00661	19	0,84682	1	0,84682
409	IDOL_MINNIE_Cl1_409.txt	27	0,00549	19	0,84682	8	6,77458
410	IDOL_MINNIE_Cl1_410.txt	18	0,00502	19	0,78446	1	0,78446
411	IDOL_MINNIE_Cl1_411.txt	19	0,00513	19	0,76924	0	0
412	IDOL_MINNIE_Cl1_412.txt	26	0,00492	19	0,75147	7	5,26028
413	IDOL_MINNIE_Cl1_413.txt	26	0,00329	19	0,74484	7	5,2139
414	IDOL_MINNIE_Cl1_414.txt	2	0,00887	13	0,71559	11	7,87153
415	IDOL_MINNIE_Cl1_415.txt	2	0,00902	13	0,59183	11	6,51012
416	IDOL_MINNIE_Cl1_416.txt	2	0,00592	13	0,53041	11	5,8345
417	IDOL_MINNIE_Cl1_417.txt	2	0,00575	13	0,47947	11	5,27414
418	IDOL_MINNIE_Cl1_418.txt	23	0,00699	13	0,42313	10	4,23129
419	IDOL_MINNIE_Cl1_419.txt	13	0,00466	13	0,35857	0	0
420	IDOL_MINNIE_Cl1_420.txt	13	0,00443	13	0,27563	0	0
421	IDOL_MINNIE_Cl1_421.txt	13	0,00684	13	0,21227	0	0
422	IDOL_MINNIE_Cl1_422.txt	13	0,00511	13	0,12442	0	0
423	IDOL_MINNIE_Cl1_423.txt	13	0,0047	13	0,10672	0	0
424	IDOL_MINNIE_Cl1_424.txt	13	0,00512	13	0,03657	0	0
425	IDOL_MINNIE_Cl1_425.txt	13	0,00452	13	0	0	0
426	IDOL_MINNIE_Cl1_426.txt	13	0,00526	13	0	0	0
427	IDOL_MINNIE_Cl1_427.txt	13	0,00648	13	0,09247	0	0
428	IDOL_MINNIE_Cl1_428.txt	13	0,00555	13	0,17069	0	0
429	IDOL_MINNIE_Cl1_429.txt	13	0,00471	13	0,24209	0	0
430	IDOL_MINNIE_Cl1_430.txt	13	0,00747	13	0,29496	0	0
431	IDOL_MINNIE_Cl1_431.txt	13	0,00861	13	0,35831	0	0
432	IDOL_MINNIE_Cl1_432.txt	13	0,00629	13	0,43464	0	0
433	IDOL_MINNIE_Cl1_433.txt	15	0,00522	13	0,48622	2	0,97245
434	IDOL_MINNIE_Cl1_434.txt	13	0,00926	18	0,49633	5	2,48164
435	IDOL_MINNIE_Cl1_435.txt	13	0,00558	18	0,38469	5	1,92347
436	IDOL_MINNIE_Cl1_436.txt	14	0,00359	18	0,32762	4	1,3105
437	IDOL_MINNIE_Cl1_437.txt	14	0,00622	18	0,26649	4	1,06595
438	IDOL_MINNIE_Cl1_438.txt	14	0,00601	18	0,23628	4	0,94512
439	IDOL_MINNIE_Cl1_439.txt	8	0,00563	18	0,24225	10	2,42249
440	IDOL_MINNIE_Cl1_440.txt	5	0,00389	18	0,2768	13	3,59837
441	IDOL_MINNIE_Cl1_441.txt	14	0,0038	14	0,21264	0	0
442	IDOL_MINNIE_Cl1_442.txt	5	0,00579	14	0,21264	9	1,91373
443	IDOL_MINNIE_Cl1_443.txt	14	0,00411	14	0,10729	0	0
444	IDOL_MINNIE_Cl1_444.txt	14	0,00416	14	0	0	0
445	IDOL_MINNIE_Cl1_445.txt	14	0,00277	14	0,0691	0	0
446	IDOL_MINNIE_Cl1_446.txt	13	0,00343	14	0,14923	1	0,14923
447	IDOL_MINNIE_Cl1_447.txt	13	0,00591	14	0,29949	1	0,29949
448	IDOL_MINNIE_Cl1_448.txt	15	0,00222	14	0,43369	1	0,43369
449	IDOL_MINNIE_Cl1_449.txt	15	0,00247	15	0,52247	0	0
450	IDOL_MINNIE_Cl1_450.txt	15	0,00331	15	0,43827	0	0
451	IDOL_MINNIE_Cl1_451.txt	15	0,00393	15	0,32171	0	0
452	IDOL_MINNIE_Cl1_452.txt	15	0,00555	15	0,22035	0	0
453	IDOL_MINNIE_Cl1_453.txt	15	0,00544	15	0,11401	0	0
454	IDOL_MINNIE_Cl1_454.txt	15	0,00621	15	0	0	0
455	IDOL_MINNIE_Cl1_455.txt	15	0,00238	15	0,09848	0	0
456	IDOL_MINNIE_Cl1_456.txt	15	0,00577	15	0,23899	0	0
457	IDOL_MINNIE_Cl1_457.txt	15	0,00431	15	0,3411	0	0
458	IDOL_MINNIE_Cl1_458.txt	15	0,00257	15	0,3411	0	0
459	IDOL_MINNIE_Cl1_459.txt	15	0,00404	17	0,36685	2	0,7337
460	IDOL_MINNIE_Cl1_460.txt	13	0,00667	17	0,22241	4	0,88964
461	IDOL_MINNIE_Cl1_461.txt	6	0,00468	17	0,13753	11	1,51283
462	IDOL_MINNIE_Cl1_462.txt	6	0,00341	17	0,04154	11	0,45691
463	IDOL_MINNIE_Cl1_463.txt	23	0,00346	17	0,09334	6	0,56005
464	IDOL_MINNIE_Cl1_464.txt	23	0,00571	17	0,19718	6	1,18308
465	IDOL_MINNIE_Cl1_465.txt	23	0,00433	17	0,26623	6	1,59738
466	IDOL_MINNIE_Cl1_466.txt	23	0,00378	16	0,29593	7	2,07152
467	IDOL_MINNIE_Cl1_467.txt	6	0,00422	16	0,23246	10	2,32457
468	IDOL_MINNIE_Cl1_468.txt	7	0,00524	16	0,17578	9	1,58202
469	IDOL_MINNIE_Cl1_469.txt	8	0,00435	16	0,1835	8	1,46803
470	IDOL_MINNIE_Cl1_470.txt	23	0,00751	16	0,20844	7	1,45908
471	IDOL_MINNIE_Cl1_471.txt	16	0,00306	16	0,23643	0	0
472	IDOL_MINNIE_Cl1_472.txt	16	0,00373	16	0,25986	0	0
473	IDOL_MINNIE_Cl1_473.txt	16	0,00431	16	0,27775	0	0
474	IDOL_MINNIE_Cl1_474.txt	16	0,00431	16	0,27775	0	0
475	IDOL_MINNIE_Cl1_475.txt	16	0,0051	16	0,30933	0	0
476	IDOL_MINNIE_Cl1_476.txt	16	0,00766	16	0,32015	0	0
477	IDOL_MINNIE_Cl1_477.txt	16	0,00739	16	0,31804	0	0
478	IDOL_MINNIE_Cl1_478.txt	16	0,00771	16	0,31738	0	0
479	IDOL_MINNIE_Cl1_479.txt	16	0,00515	16	0,30749	0	0
480	IDOL_MINNIE_Cl1_480.txt	16	0,00513	16	0,27848	0	0
481	IDOL_MINNIE_Cl1_481.txt	16	0,00492	16	0,26262	0	0
482	IDOL_MINNIE_Cl1_482.txt	16	0,00507	16	0,24665	0	0
483	IDOL_MINNIE_Cl1_483.txt	16	0,00751	16	0,24665	0	0
484	IDOL_MINNIE_Cl1_484.txt	16	0,00513	16	0,23023	0	0
485	IDOL_MINNIE_Cl1_485.txt	16	0,00519	16	0,21043	0	0
486	IDOL_MINNIE_Cl1_486.txt	16	0,00491	16	0,19398	0	0
487	IDOL_MINNIE_Cl1_487.txt	16	0,00434	16	0,17321	0	0
488	IDOL_MINNIE_Cl1_488.txt	16	0,00445	16	0,15654	0	0
489	IDOL_MINNIE_Cl1_489.txt	16	0,00441	16	0,13819	0	0
490	IDOL_MINNIE_Cl1_490.txt	16	0,00753	16	0,11928	0	0
491	IDOL_MINNIE_Cl1_491.txt	16	0,00623	16	0,09833	0	0
492	IDOL_MINNIE_Cl1_492.txt	16	0,00755	16	0,07541	0	0
493	IDOL_MINNIE_Cl1_493.txt	16	0,00891	16	0,05684	0	0
494	IDOL_MINNIE_Cl1_494.txt	16	0,00859	16	0,0379	0	0
495	IDOL_MINNIE_Cl1_495.txt	16	0,00495	16	0,01868	0	0
496	IDOL_MINNIE_Cl1_496.txt	8	0,004	16	0	8	0
497	IDOL_MINNIE_Cl1_497.txt	13	0,00574	16	0,02844	3	0,08533
498	IDOL_MINNIE_Cl1_498.txt	2	0,00721	16	0,04758	14	0,66612
499	IDOL_MINNIE_Cl1_499.txt	2	0,00522	16	0,0728	14	1,01915
500	IDOL_MINNIE_Cl1_500.txt	26	0,0066	16	0,0728	10	0,72797
501	IDOL_MINNIE_Cl1_501.txt	11	0,00689	16	0,09227	5	0,46133
502	IDOL_MINNIE_Cl1_502.txt	11	0,00617	16	0,11034	5	0,5517
503	IDOL_MINNIE_Cl1_503.txt	11	0,00458	16	0,12568	5	0,62839
504	IDOL_MINNIE_Cl1_504.txt	18	0,00459	16	0,14425	2	0,28849
505	IDOL_MINNIE_Cl1_505.txt	0	0,00536	16	0,17275	16	2,76405
506	IDOL_MINNIE_Cl1_506.txt	18	0,00494	17	0,24922	1	0,24922
507	IDOL_MINNIE_Cl1_507.txt	17	0,00264	17	0,25569	0	0
508	IDOL_MINNIE_Cl1_508.txt	17	0,00185	17	0,19169	0	0
509	IDOL_MINNIE_Cl1_509.txt	17	0,00131	17	0,09056	0	0
510	IDOL_MINNIE_Cl1_510.txt	17	0,00357	17	0	0	0
511	IDOL_MINNIE_Cl1_511.txt	17	0,00216	17	0	0	0
512	IDOL_MINNIE_Cl1_512.txt	17	0,0026	17	0,09341	0	0
513	IDOL_MINNIE_Cl1_513.txt	17	0,00114	17	0,1913	0	0
514	IDOL_MINNIE_Cl1_514.txt	11	0,00772	17	0,29188	6	1,75129
515	IDOL_MINNIE_Cl1_515.txt	11	0,00978	15	0,38316	4	1,53264
516	IDOL_MINNIE_Cl1_516.txt	11	0,00632	15	0,28172	4	1,12687
517	IDOL_MINNIE_Cl1_517.txt	11	0,00735	15	0,17226	4	0,68902
518	IDOL_MINNIE_Cl1_518.txt	26	0,00609	15	0,08963	11	0,98588
519	IDOL_MINNIE_Cl1_519.txt	26	0,00516	15	0,0178	11	0,19585
520	IDOL_MINNIE_Cl1_520.txt	3	0,00522	15	0,13417	12	1,60999
521	IDOL_MINNIE_Cl1_521.txt	3	0,00431	15	0,24538	12	2,94452
522	IDOL_MINNIE_Cl1_522.txt	18	0,00166	15	0,35573	3	1,06718
523	IDOL_MINNIE_Cl1_523.txt	17	0,00148	15	0,46352	2	0,92705
524	IDOL_MINNIE_Cl1_524.txt	18	0,00182	14	0,53838	4	2,15353
525	IDOL_MINNIE_Cl1_525.txt	17	0,00162	14	0,43192	3	1,29576
526	IDOL_MINNIE_Cl1_526.txt	18	0,002	14	0,36781	4	1,47125
527	IDOL_MINNIE_Cl1_527.txt	0	0,00448	14	0,36781	14	5,14939
528	IDOL_MINNIE_Cl1_528.txt	17	0,00207	14	0,32257	3	0,9677
529	IDOL_MINNIE_Cl1_529.txt	17	0,00152	14	0,30077	3	0,9023
530	IDOL_MINNIE_Cl1_530.txt	18	0,00194	18	0,30665	0	0
531	IDOL_MINNIE_Cl1_531.txt	18	0,00137	18	0,1979	0	0
532	IDOL_MINNIE_Cl1_532.txt	18	0,00256	18	0,11413	0	0
533	IDOL_MINNIE_Cl1_533.txt	18	0,00198	18	0	0	0
534	IDOL_MINNIE_Cl1_534.txt	18	0,00082	18	0,12496	0	0
535	IDOL_MINNIE_Cl1_535.txt	18	0,00157	18	0,25513	0	0
536	IDOL_MINNIE_Cl1_536.txt	18	0,0009	18	0,3563	0	0
537	IDOL_MINNIE_Cl1_537.txt	17	0,00191	18	0,47592	1	0,47592
538	IDOL_MINNIE_Cl1_538.txt	17	0,00218	13	0,43407	4	1,73627
539	IDOL_MINNIE_Cl1_539.txt	17	0,00215	13	0,33661	4	1,34645
540	IDOL_MINNIE_Cl1_540.txt	25	0,00188	13	0,22311	12	2,67731
541	IDOL_MINNIE_Cl1_541.txt	25	0,0016	13	0,12209	12	1,46513
542	IDOL_MINNIE_Cl1_542.txt	25	0,00105	13	0,06411	12	0,7693
543	IDOL_MINNIE_Cl1_543.txt	25	0,00135	13	0,13753	12	1,65036
544	IDOL_MINNIE_Cl1_544.txt	18	0,00355	13	0,13753	5	0,68765
545	IDOL_MINNIE_Cl1_545.txt	25	0,00437	13	0,24302	12	2,9162
546	IDOL_MINNIE_Cl1_546.txt	25	0,00139	13	0,34517	12	4,14203
547	IDOL_MINNIE_Cl1_547.txt	0	0,00465	13	0,45632	13	5,93218
548	IDOL_MINNIE_Cl1_548.txt	18	0,0026	13	0,56677	5	2,83386
549	IDOL_MINNIE_Cl1_549.txt	3	0,00375	13	0,64823	10	6,48235
550	IDOL_MINNIE_Cl1_550.txt	26	0,00417	19	0,66207	7	4,63452
551	IDOL_MINNIE_Cl1_551.txt	2	0,00587	19	0,56477	17	9,60115
552	IDOL_MINNIE_Cl1_552.txt	2	0,00737	19	0,43262	17	7,35456
553	IDOL_MINNIE_Cl1_553.txt	19	0,00648	19	0,33486	0	0
554	IDOL_MINNIE_Cl1_554.txt	19	0,00465	19	0,21298	0	0
555	IDOL_MINNIE_Cl1_555.txt	7	0,00536	19	0,09581	12	1,14974
556	IDOL_MINNIE_Cl1_556.txt	19	0,00316	19	0	0	0
557	IDOL_MINNIE_Cl1_557.txt	19	0,00513	19	0,054	0	0
558	IDOL_MINNIE_Cl1_558.txt	19	0,0043	19	0,18105	0	0
559	IDOL_MINNIE_Cl1_559.txt	19	0,00924	20	0,11537	1	0,11537
560	IDOL_MINNIE_Cl1_560.txt	3	0,0053	20	0,11537	17	1,9613
561	IDOL_MINNIE_Cl1_561.txt	11	0,00486	20	0,07458	9	0,67121
562	IDOL_MINNIE_Cl1_562.txt	4	0,00552	20	0,13321	16	2,13134
563	IDOL_MINNIE_Cl1_563.txt	10	0,00134	20	0,19104	10	1,91037
564	IDOL_MINNIE_Cl1_564.txt	21	0,00535	20	0,26027	1	0,26027
565	IDOL_MINNIE_Cl1_565.txt	11	0,00672	20	0,28191	9	2,5372
566	IDOL_MINNIE_Cl1_566.txt	11	0,0031	20	0,35386	9	3,18473
567	IDOL_MINNIE_Cl1_567.txt	20	0,00379	20	0,37622	0	0
568	IDOL_MINNIE_Cl1_568.txt	3	0,00402	20	0,39627	17	6,73657
569	IDOL_MINNIE_Cl1_569.txt	26	0,00362	20	0,38352	6	2,30113
570	IDOL_MINNIE_Cl1_570.txt	3	0,00387	20	0,37448	17	6,36615
571	IDOL_MINNIE_Cl1_571.txt	19	0,00379	20	0,37283	1	0,37283
572	IDOL_MINNIE_Cl1_572.txt	19	0,00624	20	0,36317	1	0,36317
573	IDOL_MINNIE_Cl1_573.txt	2	0,00885	20	0,35281	18	6,35065
574	IDOL_MINNIE_Cl1_574.txt	19	0,00645	20	0,34004	1	0,34004
575	IDOL_MINNIE_Cl1_575.txt	2	0,01064	20	0,32616	18	5,87089
576	IDOL_MINNIE_Cl1_576.txt	7	0,00589	20	0,3106	13	4,03777
577	IDOL_MINNIE_Cl1_577.txt	3	0,00489	20	0,29578	17	5,02832
578	IDOL_MINNIE_Cl1_578.txt	3	0,00469	20	0,28012	17	4,76206
579	IDOL_MINNIE_Cl1_579.txt	7	0,00546	20	0,28012	13	3,64158
580	IDOL_MINNIE_Cl1_580.txt	7	0,00576	20	0,26429	13	3,43579
581	IDOL_MINNIE_Cl1_581.txt	19	0,00711	20	0,24598	1	0,24598
582	IDOL_MINNIE_Cl1_582.txt	19	0,0067	20	0,22944	1	0,22944
583	IDOL_MINNIE_Cl1_583.txt	19	0,00598	20	0,21136	1	0,21136
584	IDOL_MINNIE_Cl1_584.txt	19	0,00616	20	0,19363	1	0,19363
585	IDOL_MINNIE_Cl1_585.txt	3	0,00371	20	0,17668	17	3,00359
586	IDOL_MINNIE_Cl1_586.txt	3	0,00461	20	0,15385	17	2,61544
587	IDOL_MINNIE_Cl1_587.txt	26	0,00625	20	0,13513	6	0,81076
588	IDOL_MINNIE_Cl1_588.txt	26	0,00626	20	0,11582	6	0,69493
589	IDOL_MINNIE_Cl1_589.txt	20	0,0058	20	0,09642	0	0
590	IDOL_MINNIE_Cl1_590.txt	20	0,0057	20	0,07622	0	0
591	IDOL_MINNIE_Cl1_591.txt	20	0,00382	20	0,05515	0	0
592	IDOL_MINNIE_Cl1_592.txt	21	0,00315	20	0,03912	1	0,03912
593	IDOL_MINNIE_Cl1_593.txt	11	0,00475	20	0,03094	9	0,2785
594	IDOL_MINNIE_Cl1_594.txt	4	0,00258	20	0,02048	16	0,32773
595	IDOL_MINNIE_Cl1_595.txt	4	0,00233	20	0,02048	16	0,32773
596	IDOL_MINNIE_Cl1_596.txt	4	0,00324	20	0	16	0
597	IDOL_MINNIE_Cl1_597.txt	27	0,00386	20	0,06429	7	0,45004
598	IDOL_MINNIE_Cl1_598.txt	18	0,00609	20	0,17394	2	0,34789
599	IDOL_MINNIE_Cl1_599.txt	27	0,00552	19	0,15218	8	1,21741
600	IDOL_MINNIE_Cl1_600.txt	21	0,00271	19	0,03378	2	0,06756
601	IDOL_MINNIE_Cl1_601.txt	3	0,00595	19	0,09012	16	1,44198
602	IDOL_MINNIE_Cl1_602.txt	18	0,005	19	0,19129	1	0,19129
603	IDOL_MINNIE_Cl1_603.txt	11	0,00478	19	0,18118	8	1,44942
604	IDOL_MINNIE_Cl1_604.txt	11	0,00496	19	0,21523	8	1,72187
605	IDOL_MINNIE_Cl1_605.txt	21	0,00642	19	0,31674	2	0,63348
606	IDOL_MINNIE_Cl1_606.txt	20	0,00649	19	0,41098	1	0,41098
607	IDOL_MINNIE_Cl1_607.txt	20	0,00726	19	0,5278	1	0,5278
608	IDOL_MINNIE_Cl1_608.txt	20	0,00732	19	0,62747	1	0,62747
609	IDOL_MINNIE_Cl1_609.txt	20	0,00657	19	0,71961	1	0,71961
610	IDOL_MINNIE_Cl1_610.txt	20	0,00756	19	0,81483	1	0,81483
611	IDOL_MINNIE_Cl1_611.txt	20	0,00798	19	0,81483	1	0,81483
612	IDOL_MINNIE_Cl1_612.txt	4	0,0067	19	0,89425	15	13,41375
613	IDOL_MINNIE_Cl1_613.txt	12	0,00585	19	0,97328	7	6,81297
614	IDOL_MINNIE_Cl1_614.txt	4	0,00644	19	1,06495	15	15,97424
615	IDOL_MINNIE_Cl1_615.txt	20	0,0103	19	1,25983	1	1,25983
616	IDOL_MINNIE_Cl1_616.txt	4	0,00637	13	1,35006	9	12,15058
617	IDOL_MINNIE_Cl1_617.txt	4	0,00575	12	1,35493	8	10,83947
618	IDOL_MINNIE_Cl1_618.txt	4	0,00554	12	1,19948	8	9,59585
619	IDOL_MINNIE_Cl1_619.txt	12	0,00517	12	1,10468	0	0
620	IDOL_MINNIE_Cl1_620.txt	12	0,00302	12	1,0076	0	0
621	IDOL_MINNIE_Cl1_621.txt	12	0,00544	12	0,90737	0	0
622	IDOL_MINNIE_Cl1_622.txt	4	0,00668	12	0,74343	8	5,94746
623	IDOL_MINNIE_Cl1_623.txt	20	0,00759	12	0,61599	8	4,92792
624	IDOL_MINNIE_Cl1_624.txt	21	0,00665	12	0,51178	9	4,60599
625	IDOL_MINNIE_Cl1_625.txt	20	0,00952	12	0,41085	8	3,28681
626	IDOL_MINNIE_Cl1_626.txt	20	0,01008	12	0,32114	8	2,56914
627	IDOL_MINNIE_Cl1_627.txt	20	0,00808	12	0,32114	8	2,56914
628	IDOL_MINNIE_Cl1_628.txt	20	0,00988	12	0,07858	8	0,62868
629	IDOL_MINNIE_Cl1_629.txt	21	0,00888	12	0,13944	9	1,25499
630	IDOL_MINNIE_Cl1_630.txt	20	0,00953	12	0,26394	8	2,11151
631	IDOL_MINNIE_Cl1_631.txt	20	0,01533	12	0,37077	8	2,96615
632	IDOL_MINNIE_Cl1_632.txt	20	0,00816	12	0,4905	8	3,92401
633	IDOL_MINNIE_Cl1_633.txt	20	0,01471	12	0,58531	8	4,68251
634	IDOL_MINNIE_Cl1_634.txt	20	0,01178	12	0,52055	8	4,16439
635	IDOL_MINNIE_Cl1_635.txt	21	0,00487	12	0,61714	9	5,55428
636	IDOL_MINNIE_Cl1_636.txt	21	0,00701	12	0,73179	9	6,58615
637	IDOL_MINNIE_Cl1_637.txt	20	0,00842	12	0,84624	8	6,76989
638	IDOL_MINNIE_Cl1_638.txt	11	0,00543	12	0,9561	1	0,9561
639	IDOL_MINNIE_Cl1_639.txt	21	0,00688	12	1,07211	9	9,649
640	IDOL_MINNIE_Cl1_640.txt	21	0,0048	12	1,18189	9	10,637
641	IDOL_MINNIE_Cl1_641.txt	21	0,00545	11	1,2591	10	12,591
642	IDOL_MINNIE_Cl1_642.txt	20	0,00486	11	1,15396	9	10,38563
643	IDOL_MINNIE_Cl1_643.txt	20	0,00619	11	1,15396	9	10,38563
644	IDOL_MINNIE_Cl1_644.txt	20	0,00563	11	1,06284	9	9,56553
645	IDOL_MINNIE_Cl1_645.txt	20	0,00609	11	1,02836	9	9,25524
646	IDOL_MINNIE_Cl1_646.txt	20	0,00485	11	0,92377	9	8,31391
647	IDOL_MINNIE_Cl1_647.txt	21	0,00507	11	0,82661	10	8,26611
648	IDOL_MINNIE_Cl1_648.txt	21	0,00496	11	0,73542	10	7,35418
649	IDOL_MINNIE_Cl1_649.txt	4	0,0038	11	0,63746	7	4,46222
650	IDOL_MINNIE_Cl1_650.txt	21	0,00319	11	0,43693	10	4,36933
651	IDOL_MINNIE_Cl1_651.txt	4	0,00362	11	0,3496	7	2,44723
652	IDOL_MINNIE_Cl1_652.txt	4	0,00258	11	0,25934	7	1,81536
653	IDOL_MINNIE_Cl1_653.txt	20	0,00315	11	0,15934	9	1,43409
654	IDOL_MINNIE_Cl1_654.txt	20	0,00284	11	0,14434	9	1,29909
655	IDOL_MINNIE_Cl1_655.txt	4	0,0031	11	0,18767	7	1,31367
656	IDOL_MINNIE_Cl1_656.txt	4	0,00344	11	0,26355	7	1,84485
657	IDOL_MINNIE_Cl1_657.txt	21	0,00369	21	0,21129	0	0
658	IDOL_MINNIE_Cl1_658.txt	4	0,00401	21	0,11631	17	1,9773
659	IDOL_MINNIE_Cl1_659.txt	21	0,00337	21	0,11631	0	0
660	IDOL_MINNIE_Cl1_660.txt	21	0,00305	21	0	0	0
661	IDOL_MINNIE_Cl1_661.txt	11	0,00322	21	0,12043	10	1,20427
662	IDOL_MINNIE_Cl1_662.txt	27	0,00303	21	0,23756	6	1,42533
663	IDOL_MINNIE_Cl1_663.txt	21	0,0034	21	0,35396	0	0
664	IDOL_MINNIE_Cl1_664.txt	27	0,00335	21	0,4494	6	2,69639
665	IDOL_MINNIE_Cl1_665.txt	21	0,00341	21	0,576	0	0
666	IDOL_MINNIE_Cl1_666.txt	11	0,00383	21	0,67778	10	6,77778
667	IDOL_MINNIE_Cl1_667.txt	11	0,00411	9	0,70219	2	1,40438
668	IDOL_MINNIE_Cl1_668.txt	11	0,00493	9	0,70113	2	1,40225
669	IDOL_MINNIE_Cl1_669.txt	27	0,0037	9	0,7109	18	12,79618
670	IDOL_MINNIE_Cl1_670.txt	11	0,00324	9	0,73379	2	1,46757
671	IDOL_MINNIE_Cl1_671.txt	11	0,00402	9	0,77175	2	1,54351
672	IDOL_MINNIE_Cl1_672.txt	27	0,00518	9	0,81663	18	14,69935
673	IDOL_MINNIE_Cl1_673.txt	18	0,00755	9	0,87065	9	7,83585
674	IDOL_MINNIE_Cl1_674.txt	11	0,00426	9	0,93362	2	1,86723
675	IDOL_MINNIE_Cl1_675.txt	11	0,00463	9	0,93362	2	1,86723
676	IDOL_MINNIE_Cl1_676.txt	11	0,00583	9	0,9983	2	1,99661
677	IDOL_MINNIE_Cl1_677.txt	11	0,00478	9	1,07084	2	2,14169
678	IDOL_MINNIE_Cl1_678.txt	11	0,00465	9	1,14599	2	2,29198
679	IDOL_MINNIE_Cl1_679.txt	11	0,00261	9	1,22614	2	2,45228
680	IDOL_MINNIE_Cl1_680.txt	11	0,00323	9	1,4441	2	2,8882
681	IDOL_MINNIE_Cl1_681.txt	27	0,00289	9	1,53325	18	27,59844
682	IDOL_MINNIE_Cl1_682.txt	21	0,00394	9	1,62038	12	19,44458
683	IDOL_MINNIE_Cl1_683.txt	11	0,00389	4	1,64896	7	11,54271
684	IDOL_MINNIE_Cl1_684.txt	11	0,00488	4	1,55429	7	10,88003
685	IDOL_MINNIE_Cl1_685.txt	11	0,00537	4	1,42778	7	9,99446
686	IDOL_MINNIE_Cl1_686.txt	21	0,00612	4	1,31926	17	22,42745
687	IDOL_MINNIE_Cl1_687.txt	11	0,01122	4	1,24023	7	8,6816
688	IDOL_MINNIE_Cl1_688.txt	11	0,00816	4	1,11773	7	7,82412
689	IDOL_MINNIE_Cl1_689.txt	11	0,00937	4	1,03234	7	7,22635
690	IDOL_MINNIE_Cl1_690.txt	11	0,0024	4	1,03234	7	7,22635
691	IDOL_MINNIE_Cl1_691.txt	3	0,01231	4	0,93857	1	0,93857
692	IDOL_MINNIE_Cl1_692.txt	26	0,00464	4	0,86854	22	19,10792
693	IDOL_MINNIE_Cl1_693.txt	26	0,00464	26	0,80997	0	0
694	IDOL_MINNIE_Cl1_694.txt	3	0,00653	26	0,69847	23	16,06482
695	IDOL_MINNIE_Cl1_695.txt	3	0,01147	26	0,59405	23	13,66319
696	IDOL_MINNIE_Cl1_696.txt	26	0,003	26	0,50769	0	0
697	IDOL_MINNIE_Cl1_697.txt	22	0,0038	26	0,44686	4	1,78744
698	IDOL_MINNIE_Cl1_698.txt	22	0,00338	26	0,39747	4	1,58989
699	IDOL_MINNIE_Cl1_699.txt	22	0,00437	26	0,39673	4	1,58693
700	IDOL_MINNIE_Cl1_700.txt	22	0,00388	26	0,43095	4	1,7238
701	IDOL_MINNIE_Cl1_701.txt	22	0,0041	26	0,5212	4	2,0848
702	IDOL_MINNIE_Cl1_702.txt	22	0,0027	22	0,57365	0	0
703	IDOL_MINNIE_Cl1_703.txt	22	0,00344	22	0,4848	0	0
704	IDOL_MINNIE_Cl1_704.txt	22	0,00404	22	0,43498	0	0
705	IDOL_MINNIE_Cl1_705.txt	22	0,00486	22	0,42042	0	0
706	IDOL_MINNIE_Cl1_706.txt	22	0,00249	22	0,42042	0	0
707	IDOL_MINNIE_Cl1_707.txt	22	0,003	22	0,31544	0	0
708	IDOL_MINNIE_Cl1_708.txt	22	0,00214	22	0,22081	0	0
709	IDOL_MINNIE_Cl1_709.txt	22	0,00238	22	0,09363	0	0
710	IDOL_MINNIE_Cl1_710.txt	22	0,00315	22	0	0	0
711	IDOL_MINNIE_Cl1_711.txt	22	0,00291	22	0,09677	0	0
712	IDOL_MINNIE_Cl1_712.txt	22	0,00323	22	0,1925	0	0
713	IDOL_MINNIE_Cl1_713.txt	22	0,00247	22	0,35874	0	0
714	IDOL_MINNIE_Cl1_714.txt	22	0,00313	22	0,47745	0	0
715	IDOL_MINNIE_Cl1_715.txt	22	0,00288	22	0,57787	0	0
716	IDOL_MINNIE_Cl1_716.txt	22	0,00217	25	0,40609	3	1,21826
717	IDOL_MINNIE_Cl1_717.txt	22	0,00311	25	0,37178	3	1,11533
718	IDOL_MINNIE_Cl1_718.txt	22	0,00178	25	0,27214	3	0,81643
719	IDOL_MINNIE_Cl1_719.txt	22	0,0023	25	0,15628	3	0,46883
720	IDOL_MINNIE_Cl1_720.txt	22	0,00268	25	0,04696	3	0,14087
721	IDOL_MINNIE_Cl1_721.txt	2	0,00376	25	0,06511	23	1,4976
722	IDOL_MINNIE_Cl1_722.txt	22	0,00266	25	0,1505	3	0,4515
723	IDOL_MINNIE_Cl1_723.txt	22	0,00365	25	0,25708	3	0,77124
724	IDOL_MINNIE_Cl1_724.txt	22	0,00516	25	0,39926	3	1,19778
725	IDOL_MINNIE_Cl1_725.txt	23	0,00307	25	0,39926	2	0,79852
726	IDOL_MINNIE_Cl1_726.txt	23	0,0046	25	0,46215	2	0,9243
727	IDOL_MINNIE_Cl1_727.txt	23	0,00384	25	0,58772	2	1,17544
728	IDOL_MINNIE_Cl1_728.txt	23	0,00396	25	0,68538	2	1,37076
729	IDOL_MINNIE_Cl1_729.txt	23	0,00682	25	0,77532	2	1,55063
730	IDOL_MINNIE_Cl1_730.txt	23	0,01715	25	0,86402	2	1,72804
731	IDOL_MINNIE_Cl1_731.txt	23	0,0096	25	0,95198	2	1,90396
732	IDOL_MINNIE_Cl1_732.txt	23	0,01541	25	1,03408	2	2,06817
733	IDOL_MINNIE_Cl1_733.txt	23	0,00738	25	1,11213	2	2,22426
734	IDOL_MINNIE_Cl1_734.txt	23	0,00556	25	1,19626	2	2,39252
735	IDOL_MINNIE_Cl1_735.txt	23	0,00467	25	1,2694	2	2,5388
736	IDOL_MINNIE_Cl1_736.txt	23	0,00542	23	1,25417	0	0
737	IDOL_MINNIE_Cl1_737.txt	23	0,01363	23	1,19165	0	0
738	IDOL_MINNIE_Cl1_738.txt	23	0,01171	23	1,12486	0	0
739	IDOL_MINNIE_Cl1_739.txt	23	0,00912	23	1,05661	0	0
740	IDOL_MINNIE_Cl1_740.txt	23	0,00487	23	0,98725	0	0
741	IDOL_MINNIE_Cl1_741.txt	23	0,0045	23	0,98725	0	0
742	IDOL_MINNIE_Cl1_742.txt	23	0,00519	23	0,9263	0	0
743	IDOL_MINNIE_Cl1_743.txt	23	0,00951	23	0,87087	0	0
744	IDOL_MINNIE_Cl1_744.txt	23	0,00839	23	0,82178	0	0
745	IDOL_MINNIE_Cl1_745.txt	23	0,00461	23	0,78208	0	0
746	IDOL_MINNIE_Cl1_746.txt	23	0,00747	23	0,75313	0	0
747	IDOL_MINNIE_Cl1_747.txt	16	0,00423	23	0,72509	7	5,07565
748	IDOL_MINNIE_Cl1_748.txt	23	0,00478	23	0,7042	0	0
749	IDOL_MINNIE_Cl1_749.txt	16	0,00415	23	0,68208	7	4,77455
750	IDOL_MINNIE_Cl1_750.txt	23	0,00465	23	0,65216	0	0
751	IDOL_MINNIE_Cl1_751.txt	23	0,00365	23	0,61669	0	0
752	IDOL_MINNIE_Cl1_752.txt	23	0,00422	23	0,58296	0	0
753	IDOL_MINNIE_Cl1_753.txt	23	0,00703	23	0,55814	0	0
754	IDOL_MINNIE_Cl1_754.txt	23	0,00599	23	0,53189	0	0
755	IDOL_MINNIE_Cl1_755.txt	23	0,00498	23	0,34776	0	0
756	IDOL_MINNIE_Cl1_756.txt	23	0,00487	23	0,2931	0	0
757	IDOL_MINNIE_Cl1_757.txt	23	0,0046	23	0,20561	0	0
758	IDOL_MINNIE_Cl1_758.txt	23	0,00413	23	0,20561	0	0
759	IDOL_MINNIE_Cl1_759.txt	23	0,0039	23	0,17268	0	0
760	IDOL_MINNIE_Cl1_760.txt	23	0,0054	23	0,16077	0	0
761	IDOL_MINNIE_Cl1_761.txt	23	0,00342	23	0,11214	0	0
762	IDOL_MINNIE_Cl1_762.txt	23	0,00428	23	0,11214	0	0
763	IDOL_MINNIE_Cl1_763.txt	23	0,00547	23	0,05472	0	0
764	IDOL_MINNIE_Cl1_764.txt	23	0,00434	23	0	0	0
765	IDOL_MINNIE_Cl1_765.txt	23	0,00323	23	0,04331	0	0
766	IDOL_MINNIE_Cl1_766.txt	23	0,00267	23	0,07261	0	0
767	IDOL_MINNIE_Cl1_767.txt	23	0,00182	23	0,12931	0	0
768	IDOL_MINNIE_Cl1_768.txt	23	0,0019	23	0,18168	0	0
769	IDOL_MINNIE_Cl1_769.txt	23	0,00257	23	0,23967	0	0
770	IDOL_MINNIE_Cl1_770.txt	23	0,00343	23	0,31276	0	0
771	IDOL_MINNIE_Cl1_771.txt	3	0,00425	23	0,3967	20	7,93409
772	IDOL_MINNIE_Cl1_772.txt	3	0,00455	23	0,47254	20	9,45074
773	IDOL_MINNIE_Cl1_773.txt	23	0,0035	23	0,54446	0	0
774	IDOL_MINNIE_Cl1_774.txt	23	0,00355	23	0,58381	0	0
775	IDOL_MINNIE_Cl1_775.txt	23	0,0035	23	0,59547	0	0
776	IDOL_MINNIE_Cl1_776.txt	23	0,00376	23	0,62702	0	0
777	IDOL_MINNIE_Cl1_777.txt	23	0,00591	23	0,61422	0	0
778	IDOL_MINNIE_Cl1_778.txt	23	0,00528	23	0,61014	0	0
779	IDOL_MINNIE_Cl1_779.txt	23	0,00695	23	0,61483	0	0
780	IDOL_MINNIE_Cl1_780.txt	23	0,00521	23	0,68507	0	0
781	IDOL_MINNIE_Cl1_781.txt	23	0,00499	23	0,7105	0	0
782	IDOL_MINNIE_Cl1_782.txt	23	0,00556	23	0,74705	0	0
783	IDOL_MINNIE_Cl1_783.txt	23	0,00536	23	0,79702	0	0
784	IDOL_MINNIE_Cl1_784.txt	23	0,00441	23	0,86046	0	0
785	IDOL_MINNIE_Cl1_785.txt	23	0,00443	23	0,92018	0	0
786	IDOL_MINNIE_Cl1_786.txt	23	0,00444	23	0,97423	0	0
787	IDOL_MINNIE_Cl1_787.txt	16	0,00436	23	1,01578	7	7,11048
788	IDOL_MINNIE_Cl1_788.txt	23	0,00438	23	1,04095	0	0
789	IDOL_MINNIE_Cl1_789.txt	23	0,00425	23	1,05747	0	0
790	IDOL_MINNIE_Cl1_790.txt	2	0,00406	23	1,14051	21	23,95062
791	IDOL_MINNIE_Cl1_791.txt	2	0,00389	23	1,1365	21	23,86648
792	IDOL_MINNIE_Cl1_792.txt	2	0,00403	23	1,13945	21	23,92839
793	IDOL_MINNIE_Cl1_793.txt	2	0,00419	23	1,13108	21	23,75264
794	IDOL_MINNIE_Cl1_794.txt	1	0,00563	23	1,13108	22	24,88372
795	IDOL_MINNIE_Cl1_795.txt	1	0,00447	23	1,12856	22	24,82824
796	IDOL_MINNIE_Cl1_796.txt	1	0,00403	24	1,12115	23	25,78647
797	IDOL_MINNIE_Cl1_797.txt	2	0,00607	24	1,07968	22	23,75297
798	IDOL_MINNIE_Cl1_798.txt	2	0,0055	24	1,04131	22	22,90889
799	IDOL_MINNIE_Cl1_799.txt	24	0,00891	24	0,99792	0	0
800	IDOL_MINNIE_Cl1_800.txt	24	0,01029	24	0,96643	0	0
801	IDOL_MINNIE_Cl1_801.txt	24	0,01209	24	0,91	0	0
802	IDOL_MINNIE_Cl1_802.txt	24	0,01278	24	0,86865	0	0
803	IDOL_MINNIE_Cl1_803.txt	24	0,00856	24	0,81547	0	0
804	IDOL_MINNIE_Cl1_804.txt	24	0,00795	24	0,75949	0	0
805	IDOL_MINNIE_Cl1_805.txt	24	0,00801	24	0,70902	0	0
806	IDOL_MINNIE_Cl1_806.txt	24	0,00614	24	0,67382	0	0
807	IDOL_MINNIE_Cl1_807.txt	24	0,00621	24	0,65247	0	0
808	IDOL_MINNIE_Cl1_808.txt	24	0,00652	24	0,64095	0	0
809	IDOL_MINNIE_Cl1_809.txt	24	0,00563	24	0,63726	0	0
810	IDOL_MINNIE_Cl1_810.txt	24	0,0056	24	0,62853	0	0
811	IDOL_MINNIE_Cl1_811.txt	24	0,00394	24	0,57501	0	0
812	IDOL_MINNIE_Cl1_812.txt	24	0,00534	24	0,53818	0	0
813	IDOL_MINNIE_Cl1_813.txt	24	0,00763	24	0,49787	0	0
814	IDOL_MINNIE_Cl1_814.txt	24	0,005	24	0,45109	0	0
815	IDOL_MINNIE_Cl1_815.txt	24	0,0087	24	0,36276	0	0
816	IDOL_MINNIE_Cl1_816.txt	24	0,00414	24	0,29804	0	0
817	IDOL_MINNIE_Cl1_817.txt	24	0,0047	24	0,19522	0	0
818	IDOL_MINNIE_Cl1_818.txt	24	0,00626	24	0,09618	0	0
819	IDOL_MINNIE_Cl1_819.txt	24	0,00484	24	0	0	0
820	IDOL_MINNIE_Cl1_820.txt	24	0,00446	24	0,13882	0	0
821	IDOL_MINNIE_Cl1_821.txt	24	0,00343	24	0,13882	0	0
822	IDOL_MINNIE_Cl1_822.txt	24	0,00437	24	0,22365	0	0
823	IDOL_MINNIE_Cl1_823.txt	2	0,00473	24	0,30888	22	6,79536
824	IDOL_MINNIE_Cl1_824.txt	2	0,00538	24	0,41655	22	9,1641
825	IDOL_MINNIE_Cl1_825.txt	2	0,00446	24	0,47797	22	10,5154
826	IDOL_MINNIE_Cl1_826.txt	24	0,00901	24	0,53696	0	0
827	IDOL_MINNIE_Cl1_827.txt	2	0,00836	24	0,60942	22	13,40724
828	IDOL_MINNIE_Cl1_828.txt	2	0,01216	24	0,69983	22	15,39627
829	IDOL_MINNIE_Cl1_829.txt	2	0,01283	24	0,78913	22	17,36091
830	IDOL_MINNIE_Cl1_830.txt	24	0,01088	24	0,91228	0	0
831	IDOL_MINNIE_Cl1_831.txt	22	0,00477	24	0,9844	2	1,9688
832	IDOL_MINNIE_Cl1_832.txt	2	0,00592	24	1,09639	22	24,12051
833	IDOL_MINNIE_Cl1_833.txt	26	0,0051	24	1,2014	2	2,4028
834	IDOL_MINNIE_Cl1_834.txt	0	0,00484	24	1,27981	24	30,71549
835	IDOL_MINNIE_Cl1_835.txt	0	0,00579	25	1,31772	25	32,94295
836	IDOL_MINNIE_Cl1_836.txt	18	0,00423	25	1,24377	7	8,70638
837	IDOL_MINNIE_Cl1_837.txt	18	0,00333	25	1,21171	7	8,48199
838	IDOL_MINNIE_Cl1_838.txt	26	0,006	25	1,11844	1	1,11844
839	IDOL_MINNIE_Cl1_839.txt	0	0,00653	25	1,0194	25	25,48507
840	IDOL_MINNIE_Cl1_840.txt	0	0,0048	25	0,9292	25	23,22996
841	IDOL_MINNIE_Cl1_841.txt	0	0,0042	25	0,86668	25	21,66693
842	IDOL_MINNIE_Cl1_842.txt	25	0,00507	25	0,73951	0	0
843	IDOL_MINNIE_Cl1_843.txt	25	0,00271	25	0,64385	0	0
844	IDOL_MINNIE_Cl1_844.txt	17	0,00288	25	0,54251	8	4,34009
845	IDOL_MINNIE_Cl1_845.txt	17	0,00281	25	0,51971	8	4,15765
846	IDOL_MINNIE_Cl1_846.txt	17	0,00303	25	0,51971	8	4,15765
847	IDOL_MINNIE_Cl1_847.txt	17	0,00276	25	0,40834	8	3,2667
848	IDOL_MINNIE_Cl1_848.txt	17	0,0028	25	0,31659	8	2,5327
849	IDOL_MINNIE_Cl1_849.txt	25	0,00221	25	0,21753	0	0
850	IDOL_MINNIE_Cl1_850.txt	25	0,00182	25	0,09303	0	0
851	IDOL_MINNIE_Cl1_851.txt	25	0,00077	25	0	0	0
852	IDOL_MINNIE_Cl1_852.txt	25	0,00178	25	0,10041	0	0
853	IDOL_MINNIE_Cl1_853.txt	25	0,00339	25	0,19662	0	0
854	IDOL_MINNIE_Cl1_854.txt	25	0,00173	25	0,29472	0	0
855	IDOL_MINNIE_Cl1_855.txt	25	0,00103	25	0,39074	0	0
856	IDOL_MINNIE_Cl1_856.txt	25	0,00138	25	0,48609	0	0
857	IDOL_MINNIE_Cl1_857.txt	18	0,0015	22	0,55266	4	2,21066
858	IDOL_MINNIE_Cl1_858.txt	25	0,00468	22	0,46143	3	1,3843
859	IDOL_MINNIE_Cl1_859.txt	25	0,00445	22	0,36774	3	1,10323
860	IDOL_MINNIE_Cl1_860.txt	25	0,00549	22	0,27264	3	0,81792
861	IDOL_MINNIE_Cl1_861.txt	25	0,0036	22	0,19083	3	0,57249
862	IDOL_MINNIE_Cl1_862.txt	25	0,00271	22	0,12365	3	0,37095
863	IDOL_MINNIE_Cl1_863.txt	18	0,00465	22	0,10418	4	0,41673
864	IDOL_MINNIE_Cl1_864.txt	25	0,00288	22	0,14928	3	0,44784
865	IDOL_MINNIE_Cl1_865.txt	20	0,00525	22	0,21876	2	0,43752
866	IDOL_MINNIE_Cl1_866.txt	20	0,0043	22	0,30386	2	0,60772
867	IDOL_MINNIE_Cl1_867.txt	20	0,00355	22	0,38296	2	0,76592
868	IDOL_MINNIE_Cl1_868.txt	26	0,0044	22	0,4684	4	1,87359
869	IDOL_MINNIE_Cl1_869.txt	2	0,00563	26	0,49598	24	11,90364
870	IDOL_MINNIE_Cl1_870.txt	2	0,00623	26	0,49598	24	11,90364
871	IDOL_MINNIE_Cl1_871.txt	3	0,00471	26	0,41422	23	9,5271
872	IDOL_MINNIE_Cl1_872.txt	26	0,00591	26	0	0	0
873	IDOL_MINNIE_Cl1_873.txt	26	0,00477	26	0,09623	0	0
874	IDOL_MINNIE_Cl1_874.txt	26	0,00333	26	0,19154	0	0
875	IDOL_MINNIE_Cl1_875.txt	18	0,0042	26	0,28608	8	2,28863
876	IDOL_MINNIE_Cl1_876.txt	3	0,00229	26	0,46585	23	10,7145
877	IDOL_MINNIE_Cl1_877.txt	18	0,00273	26	0,55031	8	4,40249
878	IDOL_MINNIE_Cl1_878.txt	18	0,00476	4	0,61849	14	8,65881
879	IDOL_MINNIE_Cl1_879.txt	11	0,00634	4	0,69593	7	4,87151
880	IDOL_MINNIE_Cl1_880.txt	11	0,00612	4	0,77143	7	5,39998
881	IDOL_MINNIE_Cl1_881.txt	21	0,00367	4	0,84012	17	14,28206
882	IDOL_MINNIE_Cl1_882.txt	4	0,00405	4	0,92341	0	0
883	IDOL_MINNIE_Cl1_883.txt	21	0,00379	4	1,00025	17	17,00427
884	IDOL_MINNIE_Cl1_884.txt	27	0,00301	4	1,0876	23	25,01479
885	IDOL_MINNIE_Cl1_885.txt	27	0,00368	4	1,1777	23	27,0871
886	IDOL_MINNIE_Cl1_886.txt	4	0,00403	27	1,07949	23	24,82816
887	IDOL_MINNIE_Cl1_887.txt	4	0,00401	27	0,98408	23	22,6338
888	IDOL_MINNIE_Cl1_888.txt	27	0,00327	27	0,88705	0	0
889	IDOL_MINNIE_Cl1_889.txt	27	0,00184	27	0,61956	0	0
890	IDOL_MINNIE_Cl1_890.txt	12	0,00407	27	0,52514	15	7,87707
891	IDOL_MINNIE_Cl1_891.txt	27	0,00316	27	0,4752	0	0
892	IDOL_MINNIE_Cl1_892.txt	27	0,00356	27	0,4752	0	0
893	IDOL_MINNIE_Cl1_893.txt	27	0,00336	27	0,413	0	0
894	IDOL_MINNIE_Cl1_894.txt	27	0,0035	27	0,31373	0	0
895	IDOL_MINNIE_Cl1_895.txt	27	0,00189	27	0,22271	0	0
896	IDOL_MINNIE_Cl1_896.txt	27	0,00185	27	0,1108	0	0
897	IDOL_MINNIE_Cl1_897.txt	27	0,00234	27	0	0	0
898	IDOL_MINNIE_Cl1_898.txt	27	0,00223	27	0,11398	0	0
899	IDOL_MINNIE_Cl1_899.txt	27	0,00365	27	0,22727	0	0
900	IDOL_MINNIE_Cl1_900.txt	27	0,00198	27	0,30785	0	0
901	IDOL_MINNIE_Cl1_901.txt	27	0,00442	27	0,44509	0	0
902	IDOL_MINNIE_Cl1_902.txt	21	0,00433	27	0,55752	6	3,34513
903	IDOL_MINNIE_Cl1_903.txt	27	0,00201	27	0,6647	0	0
904	IDOL_MINNIE_Cl1_904.txt	21	0,00291	27	0,7557	6	4,5342
905	IDOL_MINNIE_Cl1_905.txt	27	0,00497	27	0,87948	0	0
906	IDOL_MINNIE_Cl1_906.txt	27	0,00302	27	0,99377	0	0
907	IDOL_MINNIE_Cl1_907.txt	27	0,00349	27	1,10194	0	0
908	IDOL_MINNIE_Cl1_908.txt	27	0,00395	27	1,20711	0	0
909	IDOL_MINNIE_Cl1_909.txt	18	0,00429	3	1,12603	15	16,8904
910	IDOL_MINNIE_Cl1_910.txt	27	0,00592	3	1,02188	24	24,52506
911	IDOL_MINNIE_Cl1_911.txt	27	0,00651	3	0,90499	24	21,71976
912	IDOL_MINNIE_Cl1_912.txt	18	0,00513	3	0,79956	15	11,99333
913	IDOL_MINNIE_Cl1_913.txt	18	0,00487	3	0,69074	15	10,36114
914	IDOL_MINNIE_Cl1_914.txt	18	0,00473	3	0,58068	15	8,71023
915	IDOL_MINNIE_Cl1_915.txt	17	0,003	3	0,48303	14	6,76238
