#	ImageName	Similar Node	Distance	Near Node	Distance	Transitions	Evaluation
1	IDOL_MINNIE_Cl3_1.txt	27	0,00318	3	1,02283	24	24,54791
2	IDOL_MINNIE_Cl3_2.txt	27	0,00329	3	1,02283	24	24,54791
3	IDOL_MINNIE_Cl3_3.txt	27	0,00248	3	1,02283	24	24,54791
4	IDOL_MINNIE_Cl3_4.txt	27	0,00239	3	1,02283	24	24,54791
5	IDOL_MINNIE_Cl3_5.txt	27	0,00236	3	1,02222	24	24,53318
6	IDOL_MINNIE_Cl3_6.txt	27	0,00271	3	1,01459	24	24,35025
7	IDOL_MINNIE_Cl3_7.txt	27	0,00265	3	0,9949	24	23,87765
8	IDOL_MINNIE_Cl3_8.txt	27	0,00243	3	0,96168	24	23,08034
9	IDOL_MINNIE_Cl3_9.txt	27	0,00213	3	0,89892	24	21,57409
10	IDOL_MINNIE_Cl3_10.txt	27	0,00365	3	0,83573	24	20,05749
11	IDOL_MINNIE_Cl3_11.txt	27	0,00498	3	0,76874	24	18,44982
12	IDOL_MINNIE_Cl3_12.txt	18	0,00509	3	0,66882	15	10,03227
13	IDOL_MINNIE_Cl3_13.txt	27	0,00542	3	0,58048	24	13,93144
14	IDOL_MINNIE_Cl3_14.txt	27	0,00585	3	0,58048	24	13,93144
15	IDOL_MINNIE_Cl3_15.txt	27	0,00635	3	0,4935	24	11,84407
16	IDOL_MINNIE_Cl3_16.txt	25	0,0034	3	0,37863	22	8,32979
17	IDOL_MINNIE_Cl3_17.txt	27	0,00591	3	0,32604	24	7,82497
18	IDOL_MINNIE_Cl3_18.txt	27	0,00775	3	0,28104	24	6,74496
19	IDOL_MINNIE_Cl3_19.txt	27	0,00667	3	0,32364	24	7,7673
20	IDOL_MINNIE_Cl3_20.txt	0	0,00644	3	0,39451	3	1,18354
21	IDOL_MINNIE_Cl3_21.txt	27	0,00545	3	0,47711	24	11,45058
22	IDOL_MINNIE_Cl3_22.txt	27	0,00439	0	0,43435	27	11,72735
23	IDOL_MINNIE_Cl3_23.txt	12	0,00512	0	0,3263	12	3,91559
24	IDOL_MINNIE_Cl3_24.txt	27	0,00405	0	0,21708	27	5,86106
25	IDOL_MINNIE_Cl3_25.txt	27	0,00544	0	0,10901	27	2,94335
26	IDOL_MINNIE_Cl3_26.txt	27	0,00491	0	0,07003	27	1,8909
27	IDOL_MINNIE_Cl3_27.txt	27	0,00607	0	0,13535	27	3,65444
28	IDOL_MINNIE_Cl3_28.txt	27	0,0054	0	0,23272	27	6,28357
29	IDOL_MINNIE_Cl3_29.txt	27	0,00744	0	0,34887	27	9,41962
30	IDOL_MINNIE_Cl3_30.txt	27	0,00525	0	0,34887	27	9,41962
31	IDOL_MINNIE_Cl3_31.txt	27	0,00524	0	0,46149	27	12,46018
32	IDOL_MINNIE_Cl3_32.txt	0	0,00325	0	0,57218	0	0
33	IDOL_MINNIE_Cl3_33.txt	27	0,00517	0	0,68216	27	18,41819
34	IDOL_MINNIE_Cl3_34.txt	0	0,00364	0	0,79389	0	0
35	IDOL_MINNIE_Cl3_35.txt	0	0,0057	0	0,89501	0	0
36	IDOL_MINNIE_Cl3_36.txt	26	0,00544	0	0,99933	26	25,98252
37	IDOL_MINNIE_Cl3_37.txt	0	0,00544	0	1,11558	0	0
38	IDOL_MINNIE_Cl3_38.txt	0	0,00387	0	1,2202	0	0
39	IDOL_MINNIE_Cl3_39.txt	0	0,00392	1	1,28539	1	1,28539
40	IDOL_MINNIE_Cl3_40.txt	0	0,00214	1	1,16561	1	1,16561
41	IDOL_MINNIE_Cl3_41.txt	0	0,00337	1	1,04646	1	1,04646
42	IDOL_MINNIE_Cl3_42.txt	0	0,00396	1	0,94087	1	0,94087
43	IDOL_MINNIE_Cl3_43.txt	0	0,0055	1	0,83799	1	0,83799
44	IDOL_MINNIE_Cl3_44.txt	0	0,00455	1	0,72183	1	0,72183
45	IDOL_MINNIE_Cl3_45.txt	0	0,00413	1	0,61347	1	0,61347
46	IDOL_MINNIE_Cl3_46.txt	0	0,00511	1	0,61347	1	0,61347
47	IDOL_MINNIE_Cl3_47.txt	0	0,0062	1	0,51312	1	0,51312
48	IDOL_MINNIE_Cl3_48.txt	1	0,00374	1	0,41272	0	0
49	IDOL_MINNIE_Cl3_49.txt	25	0,00309	1	0,3024	24	7,2575
50	IDOL_MINNIE_Cl3_50.txt	25	0,0038	1	0,21858	24	5,2459
51	IDOL_MINNIE_Cl3_51.txt	18	0,00338	1	0,16047	17	2,72805
52	IDOL_MINNIE_Cl3_52.txt	26	0,00574	1	0,17749	25	4,43721
53	IDOL_MINNIE_Cl3_53.txt	26	0,00409	1	0,2459	25	6,14754
54	IDOL_MINNIE_Cl3_54.txt	3	0,00339	1	0,34615	2	0,69229
55	IDOL_MINNIE_Cl3_55.txt	9	0,00742	1	0,4793	8	3,83444
56	IDOL_MINNIE_Cl3_56.txt	3	0,00545	1	0,57	2	1,14001
57	IDOL_MINNIE_Cl3_57.txt	3	0,0051	1	0,68375	2	1,36751
58	IDOL_MINNIE_Cl3_58.txt	9	0,00637	1	0,78941	8	6,31529
59	IDOL_MINNIE_Cl3_59.txt	2	0,00607	1	0,87943	1	0,87943
60	IDOL_MINNIE_Cl3_60.txt	2	0,00455	1	1,00393	1	1,00393
61	IDOL_MINNIE_Cl3_61.txt	2	0,00398	1	1,08809	1	1,08809
62	IDOL_MINNIE_Cl3_62.txt	2	0,00501	1	1,08809	1	1,08809
63	IDOL_MINNIE_Cl3_63.txt	2	0,00552	2	1,10065	0	0
64	IDOL_MINNIE_Cl3_64.txt	2	0,00637	2	1,05955	0	0
65	IDOL_MINNIE_Cl3_65.txt	2	0,00743	2	1,01886	0	0
66	IDOL_MINNIE_Cl3_66.txt	2	0,00597	2	0,98373	0	0
67	IDOL_MINNIE_Cl3_67.txt	9	0,00491	2	0,9426	7	6,5982
68	IDOL_MINNIE_Cl3_68.txt	2	0,00638	2	0,90783	0	0
69	IDOL_MINNIE_Cl3_69.txt	2	0,00461	2	0,87923	0	0
70	IDOL_MINNIE_Cl3_70.txt	2	0,00378	2	0,84048	0	0
71	IDOL_MINNIE_Cl3_71.txt	2	0,00627	2	0,82277	0	0
72	IDOL_MINNIE_Cl3_72.txt	2	0,00339	2	0,81209	0	0
73	IDOL_MINNIE_Cl3_73.txt	2	0,00503	2	0,787	0	0
74	IDOL_MINNIE_Cl3_74.txt	2	0,00556	2	0,74712	0	0
75	IDOL_MINNIE_Cl3_75.txt	2	0,00544	2	0,69925	0	0
76	IDOL_MINNIE_Cl3_76.txt	2	0,0044	2	0,63915	0	0
77	IDOL_MINNIE_Cl3_77.txt	2	0,0043	2	0,56694	0	0
78	IDOL_MINNIE_Cl3_78.txt	2	0,00416	2	0,56694	0	0
79	IDOL_MINNIE_Cl3_79.txt	2	0,00587	2	0,46329	0	0
80	IDOL_MINNIE_Cl3_80.txt	26	0,0055	2	0,37277	24	8,94647
81	IDOL_MINNIE_Cl3_81.txt	2	0,00876	2	0,26437	0	0
82	IDOL_MINNIE_Cl3_82.txt	3	0,01097	2	0,1823	1	0,1823
83	IDOL_MINNIE_Cl3_83.txt	2	0,00671	2	0,13695	0	0
84	IDOL_MINNIE_Cl3_84.txt	2	0,0076	2	0,16646	0	0
85	IDOL_MINNIE_Cl3_85.txt	2	0,01167	2	0,24785	0	0
86	IDOL_MINNIE_Cl3_86.txt	2	0,00861	2	0,33705	0	0
87	IDOL_MINNIE_Cl3_87.txt	2	0,00866	2	0,43155	0	0
88	IDOL_MINNIE_Cl3_88.txt	2	0,00471	2	0,52885	0	0
89	IDOL_MINNIE_Cl3_89.txt	2	0,00722	2	0,63104	0	0
90	IDOL_MINNIE_Cl3_90.txt	2	0,00833	2	0,72636	0	0
91	IDOL_MINNIE_Cl3_91.txt	2	0,00514	2	0,82979	0	0
92	IDOL_MINNIE_Cl3_92.txt	2	0,00744	2	0,96799	0	0
93	IDOL_MINNIE_Cl3_93.txt	2	0,00629	2	1,07371	0	0
94	IDOL_MINNIE_Cl3_94.txt	2	0,00589	2	1,07371	0	0
95	IDOL_MINNIE_Cl3_95.txt	2	0,00999	2	1,18212	0	0
96	IDOL_MINNIE_Cl3_96.txt	2	0,00495	2	1,27889	0	0
97	IDOL_MINNIE_Cl3_97.txt	2	0,00524	2	1,38526	0	0
98	IDOL_MINNIE_Cl3_98.txt	2	0,00755	2	1,51577	0	0
99	IDOL_MINNIE_Cl3_99.txt	2	0,00721	2	1,6183	0	0
100	IDOL_MINNIE_Cl3_100.txt	2	0,00911	0	1,60671	2	3,21343
101	IDOL_MINNIE_Cl3_101.txt	24	0,00726	0	1,57974	24	37,91372
102	IDOL_MINNIE_Cl3_102.txt	2	0,00591	0	1,54533	2	3,09066
103	IDOL_MINNIE_Cl3_103.txt	2	0,00419	0	1,50368	2	3,00736
104	IDOL_MINNIE_Cl3_104.txt	24	0,01104	0	1,45314	24	34,87534
105	IDOL_MINNIE_Cl3_105.txt	24	0,00643	0	1,41082	24	33,8597
106	IDOL_MINNIE_Cl3_106.txt	2	0,00337	0	1,36226	2	2,72452
107	IDOL_MINNIE_Cl3_107.txt	2	0,00444	0	1,32359	2	2,64717
108	IDOL_MINNIE_Cl3_108.txt	26	0,00445	0	1,28718	26	33,46668
109	IDOL_MINNIE_Cl3_109.txt	3	0,00447	0	1,2573	3	3,77189
110	IDOL_MINNIE_Cl3_110.txt	3	0,01087	0	1,23238	3	3,69714
111	IDOL_MINNIE_Cl3_111.txt	3	0,01456	0	1,20215	3	3,60644
112	IDOL_MINNIE_Cl3_112.txt	3	0,01586	0	1,16408	3	3,49223
113	IDOL_MINNIE_Cl3_113.txt	3	0,01355	0	1,10954	3	3,32863
114	IDOL_MINNIE_Cl3_114.txt	3	0,01341	0	1,10954	3	3,32863
115	IDOL_MINNIE_Cl3_115.txt	3	0,01336	0	1,04693	3	3,14079
116	IDOL_MINNIE_Cl3_116.txt	25	0,00626	0	0,97067	25	24,26667
117	IDOL_MINNIE_Cl3_117.txt	17	0,00298	0	0,89261	17	15,1744
118	IDOL_MINNIE_Cl3_118.txt	25	0,00201	0	0,81734	25	20,43344
119	IDOL_MINNIE_Cl3_119.txt	25	0,00134	0	0,74347	25	18,58685
120	IDOL_MINNIE_Cl3_120.txt	25	0,00337	0	0,68143	25	17,03585
121	IDOL_MINNIE_Cl3_121.txt	0	0,00539	0	0,63775	0	0
122	IDOL_MINNIE_Cl3_122.txt	3	0,0063	0	0,62029	3	1,86087
123	IDOL_MINNIE_Cl3_123.txt	7	0,0067	0	0,63074	7	4,41519
124	IDOL_MINNIE_Cl3_124.txt	3	0,01382	3	0,54082	0	0
125	IDOL_MINNIE_Cl3_125.txt	3	0,00944	3	0,43819	0	0
126	IDOL_MINNIE_Cl3_126.txt	3	0,0118	3	0,33669	0	0
127	IDOL_MINNIE_Cl3_127.txt	3	0,01114	3	0,26743	0	0
128	IDOL_MINNIE_Cl3_128.txt	9	0,0069	3	0,22104	6	1,32624
129	IDOL_MINNIE_Cl3_129.txt	9	0,00738	3	0,25228	6	1,51366
130	IDOL_MINNIE_Cl3_130.txt	9	0,00315	3	0,25228	6	1,51366
131	IDOL_MINNIE_Cl3_131.txt	20	0,0076	3	0,32586	17	5,53965
132	IDOL_MINNIE_Cl3_132.txt	20	0,00344	3	0,40102	17	6,81731
133	IDOL_MINNIE_Cl3_133.txt	20	0,00292	3	0,49161	17	8,35736
134	IDOL_MINNIE_Cl3_134.txt	20	0,00292	3	0,58074	17	9,87254
135	IDOL_MINNIE_Cl3_135.txt	27	0,00443	3	0,68545	24	16,45074
136	IDOL_MINNIE_Cl3_136.txt	20	0,0038	3	0,80482	17	13,68197
137	IDOL_MINNIE_Cl3_137.txt	20	0,00475	3	0,91019	17	15,47317
138	IDOL_MINNIE_Cl3_138.txt	20	0,00368	3	0,9623	17	16,35909
139	IDOL_MINNIE_Cl3_139.txt	20	0,00317	3	1,0635	17	18,0795
140	IDOL_MINNIE_Cl3_140.txt	4	0,0023	3	1,18891	1	1,18891
141	IDOL_MINNIE_Cl3_141.txt	4	0,003	27	1,15581	23	26,5836
142	IDOL_MINNIE_Cl3_142.txt	20	0,00386	27	1,06497	7	7,4548
143	IDOL_MINNIE_Cl3_143.txt	4	0,00378	27	0,95991	23	22,07787
144	IDOL_MINNIE_Cl3_144.txt	4	0,00413	27	0,8601	23	19,78224
145	IDOL_MINNIE_Cl3_145.txt	20	0,00333	27	0,74435	7	5,21048
146	IDOL_MINNIE_Cl3_146.txt	4	0,00257	27	0,74435	23	17,12015
147	IDOL_MINNIE_Cl3_147.txt	4	0,00379	27	0,64726	23	14,88695
148	IDOL_MINNIE_Cl3_148.txt	10	0,0013	27	0,55761	17	9,47934
149	IDOL_MINNIE_Cl3_149.txt	10	0,00111	27	0,46697	17	7,93841
150	IDOL_MINNIE_Cl3_150.txt	12	0,00184	27	0,38475	15	5,77119
151	IDOL_MINNIE_Cl3_151.txt	4	0,00379	27	0,30602	23	7,03857
152	IDOL_MINNIE_Cl3_152.txt	12	0,00417	27	0,26094	15	3,91415
153	IDOL_MINNIE_Cl3_153.txt	12	0,00414	27	0,25854	15	3,87811
154	IDOL_MINNIE_Cl3_154.txt	21	0,00539	27	0,29689	6	1,78137
155	IDOL_MINNIE_Cl3_155.txt	10	0,00185	27	0,35864	17	6,09685
156	IDOL_MINNIE_Cl3_156.txt	4	0,0027	27	0,43604	23	10,02886
157	IDOL_MINNIE_Cl3_157.txt	4	0,00372	27	0,532	23	12,2359
158	IDOL_MINNIE_Cl3_158.txt	20	0,00438	27	0,68024	7	4,76167
159	IDOL_MINNIE_Cl3_159.txt	4	0,00309	27	0,79642	23	18,31755
160	IDOL_MINNIE_Cl3_160.txt	12	0,00246	27	0,9015	15	13,52253
161	IDOL_MINNIE_Cl3_161.txt	4	0,00217	27	1,014	23	23,32198
162	IDOL_MINNIE_Cl3_162.txt	4	0,00357	27	1,014	23	23,32198
163	IDOL_MINNIE_Cl3_163.txt	4	0,00309	27	1,11902	23	25,73742
164	IDOL_MINNIE_Cl3_164.txt	20	0,00342	4	1,15474	16	18,47585
165	IDOL_MINNIE_Cl3_165.txt	20	0,0051	4	1,04377	16	16,70037
166	IDOL_MINNIE_Cl3_166.txt	20	0,00335	4	0,94563	16	15,13
167	IDOL_MINNIE_Cl3_167.txt	20	0,00456	4	0,82181	16	13,14895
168	IDOL_MINNIE_Cl3_168.txt	20	0,00423	4	0,71606	16	11,45696
169	IDOL_MINNIE_Cl3_169.txt	4	0,00354	4	0,61452	0	0
170	IDOL_MINNIE_Cl3_170.txt	4	0,0033	4	0,50372	0	0
171	IDOL_MINNIE_Cl3_171.txt	4	0,00319	4	0,38272	0	0
172	IDOL_MINNIE_Cl3_172.txt	4	0,00159	4	0,28452	0	0
173	IDOL_MINNIE_Cl3_173.txt	4	0,0032	4	0,17672	0	0
174	IDOL_MINNIE_Cl3_174.txt	27	0,0047	4	0,04559	23	1,04853
175	IDOL_MINNIE_Cl3_175.txt	4	0,00286	4	0,07159	0	0
176	IDOL_MINNIE_Cl3_176.txt	22	0,00603	4	0,17471	18	3,14484
177	IDOL_MINNIE_Cl3_177.txt	4	0,0033	4	0,27467	0	0
178	IDOL_MINNIE_Cl3_178.txt	4	0,00273	4	0,27467	0	0
179	IDOL_MINNIE_Cl3_179.txt	4	0,00319	4	0,37764	0	0
180	IDOL_MINNIE_Cl3_180.txt	21	0,00376	4	0,48707	17	8,28012
181	IDOL_MINNIE_Cl3_181.txt	22	0,00587	4	0,58922	18	10,60593
182	IDOL_MINNIE_Cl3_182.txt	11	0,00659	4	0,6922	7	4,8454
183	IDOL_MINNIE_Cl3_183.txt	4	0,0026	4	0,8006	0	0
184	IDOL_MINNIE_Cl3_184.txt	21	0,00702	4	0,9098	17	15,46662
185	IDOL_MINNIE_Cl3_185.txt	4	0,00506	4	1,02554	0	0
186	IDOL_MINNIE_Cl3_186.txt	4	0,00307	4	1,12608	0	0
187	IDOL_MINNIE_Cl3_187.txt	11	0,00467	4	1,23112	7	8,61786
188	IDOL_MINNIE_Cl3_188.txt	11	0,00597	4	1,33645	7	9,35512
189	IDOL_MINNIE_Cl3_189.txt	11	0,00931	4	1,44289	7	10,10022
190	IDOL_MINNIE_Cl3_190.txt	11	0,00555	4	1,54673	7	10,82713
191	IDOL_MINNIE_Cl3_191.txt	11	0,00558	26	1,66922	15	25,03826
192	IDOL_MINNIE_Cl3_192.txt	11	0,00568	9	1,65696	2	3,31392
193	IDOL_MINNIE_Cl3_193.txt	11	0,00396	9	1,57101	2	3,14203
194	IDOL_MINNIE_Cl3_194.txt	11	0,00589	9	1,57101	2	3,14203
195	IDOL_MINNIE_Cl3_195.txt	12	0,00298	9	1,48364	3	4,45091
196	IDOL_MINNIE_Cl3_196.txt	10	0,00155	9	1,39865	1	1,39865
197	IDOL_MINNIE_Cl3_197.txt	10	0,00203	9	1,31678	1	1,31678
198	IDOL_MINNIE_Cl3_198.txt	10	0,00402	9	1,23332	1	1,23332
199	IDOL_MINNIE_Cl3_199.txt	10	0,00358	9	1,17144	1	1,17144
200	IDOL_MINNIE_Cl3_200.txt	10	0,00453	9	1,09099	1	1,09099
201	IDOL_MINNIE_Cl3_201.txt	10	0,00528	9	1,00792	1	1,00792
202	IDOL_MINNIE_Cl3_202.txt	10	0,00172	9	0,92365	1	0,92365
203	IDOL_MINNIE_Cl3_203.txt	4	0,00262	9	0,84524	5	4,22618
204	IDOL_MINNIE_Cl3_204.txt	11	0,00284	9	0,76759	2	1,53519
205	IDOL_MINNIE_Cl3_205.txt	18	0,0055	9	0,69382	9	6,24439
206	IDOL_MINNIE_Cl3_206.txt	3	0,00376	9	0,62915	6	3,77488
207	IDOL_MINNIE_Cl3_207.txt	3	0,00403	9	0,57846	6	3,47074
208	IDOL_MINNIE_Cl3_208.txt	3	0,0069	9	0,53616	6	3,21696
209	IDOL_MINNIE_Cl3_209.txt	3	0,00506	9	0,48563	6	2,91377
210	IDOL_MINNIE_Cl3_210.txt	9	0,00551	9	0,48563	0	0
211	IDOL_MINNIE_Cl3_211.txt	22	0,00453	9	0,42895	13	5,57636
212	IDOL_MINNIE_Cl3_212.txt	8	0,00399	9	0,36765	1	0,36765
213	IDOL_MINNIE_Cl3_213.txt	8	0,00459	9	0,28367	1	0,28367
214	IDOL_MINNIE_Cl3_214.txt	5	0,00361	9	0,19623	4	0,78492
215	IDOL_MINNIE_Cl3_215.txt	5	0,00432	9	0,0968	4	0,3872
216	IDOL_MINNIE_Cl3_216.txt	5	0,00817	9	0,04046	4	0,16183
217	IDOL_MINNIE_Cl3_217.txt	14	0,0109	9	0,09927	5	0,49637
218	IDOL_MINNIE_Cl3_218.txt	5	0,00442	9	0,20211	4	0,80844
219	IDOL_MINNIE_Cl3_219.txt	5	0,00336	9	0,31534	4	1,26137
220	IDOL_MINNIE_Cl3_220.txt	14	0,00923	9	0,42396	5	2,11982
221	IDOL_MINNIE_Cl3_221.txt	14	0,00807	5	0,5024	9	4,5216
222	IDOL_MINNIE_Cl3_222.txt	14	0,00498	5	0,39446	9	3,55014
223	IDOL_MINNIE_Cl3_223.txt	14	0,00631	5	0,27673	9	2,49057
224	IDOL_MINNIE_Cl3_224.txt	8	0,00417	5	0,18969	3	0,56907
225	IDOL_MINNIE_Cl3_225.txt	5	0,00569	5	0,08351	0	0
226	IDOL_MINNIE_Cl3_226.txt	5	0,00451	5	0,08351	0	0
227	IDOL_MINNIE_Cl3_227.txt	5	0,00328	5	0,08604	0	0
228	IDOL_MINNIE_Cl3_228.txt	5	0,00407	5	0,18569	0	0
229	IDOL_MINNIE_Cl3_229.txt	23	0,00624	5	0,2976	18	5,35683
230	IDOL_MINNIE_Cl3_230.txt	5	0,00242	5	0,40392	0	0
231	IDOL_MINNIE_Cl3_231.txt	5	0,00267	5	0,52422	0	0
232	IDOL_MINNIE_Cl3_232.txt	5	0,00488	5	0,60343	0	0
233	IDOL_MINNIE_Cl3_233.txt	5	0,00784	5	0,70086	0	0
234	IDOL_MINNIE_Cl3_234.txt	5	0,00971	5	0,80601	0	0
235	IDOL_MINNIE_Cl3_235.txt	5	0,00477	5	0,91086	0	0
236	IDOL_MINNIE_Cl3_236.txt	13	0,00507	5	1,02785	8	8,22279
237	IDOL_MINNIE_Cl3_237.txt	5	0,00703	6	1,04038	1	1,04038
238	IDOL_MINNIE_Cl3_238.txt	5	0,00704	6	0,94292	1	0,94292
239	IDOL_MINNIE_Cl3_239.txt	5	0,00265	6	0,84202	1	0,84202
240	IDOL_MINNIE_Cl3_240.txt	5	0,0035	6	0,73926	1	0,73926
241	IDOL_MINNIE_Cl3_241.txt	14	0,00669	6	0,63394	8	5,07154
242	IDOL_MINNIE_Cl3_242.txt	6	0,0059	6	0,63394	0	0
243	IDOL_MINNIE_Cl3_243.txt	16	0,0052	6	0,54058	10	5,40582
244	IDOL_MINNIE_Cl3_244.txt	6	0,00526	6	0,42954	0	0
245	IDOL_MINNIE_Cl3_245.txt	8	0,00576	6	0,31815	2	0,6363
246	IDOL_MINNIE_Cl3_246.txt	8	0,00482	6	0,20768	2	0,41537
247	IDOL_MINNIE_Cl3_247.txt	23	0,00487	6	0,10905	17	1,85378
248	IDOL_MINNIE_Cl3_248.txt	6	0,00498	6	0,05435	0	0
249	IDOL_MINNIE_Cl3_249.txt	6	0,00488	6	0,13203	0	0
250	IDOL_MINNIE_Cl3_250.txt	6	0,00483	6	0,23061	0	0
251	IDOL_MINNIE_Cl3_251.txt	23	0,00482	6	0,3452	17	5,86838
252	IDOL_MINNIE_Cl3_252.txt	6	0,00702	6	0,43621	0	0
253	IDOL_MINNIE_Cl3_253.txt	23	0,00507	8	0,47413	15	7,11195
254	IDOL_MINNIE_Cl3_254.txt	6	0,00601	8	0,39361	2	0,78723
255	IDOL_MINNIE_Cl3_255.txt	6	0,00625	8	0,31941	2	0,63882
256	IDOL_MINNIE_Cl3_256.txt	6	0,00663	8	0,26135	2	0,52269
257	IDOL_MINNIE_Cl3_257.txt	23	0,00482	8	0,24539	15	3,68084
258	IDOL_MINNIE_Cl3_258.txt	6	0,00534	8	0,24539	2	0,49078
259	IDOL_MINNIE_Cl3_259.txt	23	0,00517	8	0,26229	15	3,9344
260	IDOL_MINNIE_Cl3_260.txt	7	0,00614	8	0,30542	1	0,30542
261	IDOL_MINNIE_Cl3_261.txt	7	0,00675	8	0,3736	1	0,3736
262	IDOL_MINNIE_Cl3_262.txt	6	0,00695	8	0,45122	2	0,90244
263	IDOL_MINNIE_Cl3_263.txt	23	0,00728	7	0,52262	16	8,36189
264	IDOL_MINNIE_Cl3_264.txt	23	0,00712	7	0,42889	16	6,86223
265	IDOL_MINNIE_Cl3_265.txt	23	0,0089	7	0,33933	16	5,42924
266	IDOL_MINNIE_Cl3_266.txt	23	0,00593	7	0,26732	16	4,27709
267	IDOL_MINNIE_Cl3_267.txt	23	0,00622	7	0,2123	16	3,39674
268	IDOL_MINNIE_Cl3_268.txt	23	0,00583	7	0,17391	16	2,78256
269	IDOL_MINNIE_Cl3_269.txt	23	0,00441	7	0,13633	16	2,18132
270	IDOL_MINNIE_Cl3_270.txt	8	0,00455	7	0,11135	1	0,11135
271	IDOL_MINNIE_Cl3_271.txt	8	0,0046	7	0,11203	1	0,11203
272	IDOL_MINNIE_Cl3_272.txt	8	0,00406	7	0,11182	1	0,11182
273	IDOL_MINNIE_Cl3_273.txt	23	0,00352	7	0,12093	16	1,93494
274	IDOL_MINNIE_Cl3_274.txt	22	0,00357	7	0,12093	15	1,81401
275	IDOL_MINNIE_Cl3_275.txt	22	0,00343	7	0,13111	15	1,96663
276	IDOL_MINNIE_Cl3_276.txt	23	0,00381	7	0,14611	16	2,33782
277	IDOL_MINNIE_Cl3_277.txt	23	0,00304	7	0,16468	16	2,63485
278	IDOL_MINNIE_Cl3_278.txt	6	0,00437	7	0,18021	1	0,18021
279	IDOL_MINNIE_Cl3_279.txt	6	0,00536	7	0,20234	1	0,20234
280	IDOL_MINNIE_Cl3_280.txt	6	0,00579	7	0,22843	1	0,22843
281	IDOL_MINNIE_Cl3_281.txt	6	0,00428	7	0,27031	1	0,27031
282	IDOL_MINNIE_Cl3_282.txt	6	0,00378	7	0,31499	1	0,31499
283	IDOL_MINNIE_Cl3_283.txt	23	0,0034	7	0,36817	16	5,89071
284	IDOL_MINNIE_Cl3_284.txt	23	0,00378	7	0,39835	16	6,37356
285	IDOL_MINNIE_Cl3_285.txt	9	0,00458	7	0,41055	2	0,8211
286	IDOL_MINNIE_Cl3_286.txt	9	0,00421	7	0,42036	2	0,84071
287	IDOL_MINNIE_Cl3_287.txt	9	0,00413	7	0,42873	2	0,85746
288	IDOL_MINNIE_Cl3_288.txt	9	0,00424	7	0,43601	2	0,87201
289	IDOL_MINNIE_Cl3_289.txt	9	0,0042	7	0,44383	2	0,88766
290	IDOL_MINNIE_Cl3_290.txt	9	0,00468	7	0,44383	2	0,88766
291	IDOL_MINNIE_Cl3_291.txt	9	0,00441	7	0,44903	2	0,89806
292	IDOL_MINNIE_Cl3_292.txt	9	0,00368	7	0,45323	2	0,90646
293	IDOL_MINNIE_Cl3_293.txt	9	0,00404	7	0,45694	2	0,91389
294	IDOL_MINNIE_Cl3_294.txt	3	0,00603	7	0,45902	4	1,83606
295	IDOL_MINNIE_Cl3_295.txt	8	0,00611	8	0,44477	0	0
296	IDOL_MINNIE_Cl3_296.txt	8	0,00569	8	0,42747	0	0
297	IDOL_MINNIE_Cl3_297.txt	2	0,00506	8	0,38982	6	2,33891
298	IDOL_MINNIE_Cl3_298.txt	23	0,00369	8	0,34268	15	5,14014
299	IDOL_MINNIE_Cl3_299.txt	23	0,00364	8	0,29839	15	4,47581
300	IDOL_MINNIE_Cl3_300.txt	23	0,00336	8	0,24728	15	3,70916
301	IDOL_MINNIE_Cl3_301.txt	23	0,0039	8	0,22375	15	3,35623
302	IDOL_MINNIE_Cl3_302.txt	23	0,00412	8	0,22009	15	3,30138
303	IDOL_MINNIE_Cl3_303.txt	23	0,00479	8	0,23421	15	3,51309
304	IDOL_MINNIE_Cl3_304.txt	23	0,00385	8	0,27342	15	4,10131
305	IDOL_MINNIE_Cl3_305.txt	16	0,00301	8	0,3189	8	2,55123
306	IDOL_MINNIE_Cl3_306.txt	23	0,00293	8	0,3189	15	4,78356
307	IDOL_MINNIE_Cl3_307.txt	23	0,00368	8	0,36451	15	5,46759
308	IDOL_MINNIE_Cl3_308.txt	23	0,00373	8	0,38928	15	5,83925
309	IDOL_MINNIE_Cl3_309.txt	23	0,00367	8	0,41174	15	6,17616
310	IDOL_MINNIE_Cl3_310.txt	23	0,00459	8	0,41882	15	6,28226
311	IDOL_MINNIE_Cl3_311.txt	23	0,00482	8	0,42527	15	6,37903
312	IDOL_MINNIE_Cl3_312.txt	8	0,00612	8	0,44122	0	0
313	IDOL_MINNIE_Cl3_313.txt	23	0,00774	8	0,46809	15	7,02128
314	IDOL_MINNIE_Cl3_314.txt	23	0,00779	8	0,51221	15	7,68308
315	IDOL_MINNIE_Cl3_315.txt	23	0,00528	6	0,57266	17	9,73529
316	IDOL_MINNIE_Cl3_316.txt	23	0,00336	6	0,48463	17	8,23875
317	IDOL_MINNIE_Cl3_317.txt	9	0,00401	6	0,3872	3	1,1616
318	IDOL_MINNIE_Cl3_318.txt	8	0,00511	6	0,28633	2	0,57265
319	IDOL_MINNIE_Cl3_319.txt	8	0,00549	6	0,18203	2	0,36405
320	IDOL_MINNIE_Cl3_320.txt	8	0,00693	6	0,0911	2	0,1822
321	IDOL_MINNIE_Cl3_321.txt	9	0,00921	6	0,0911	3	0,2733
322	IDOL_MINNIE_Cl3_322.txt	3	0,00508	6	0,06571	3	0,19713
323	IDOL_MINNIE_Cl3_323.txt	3	0,00487	6	0,12657	3	0,37971
324	IDOL_MINNIE_Cl3_324.txt	7	0,00542	6	0,24291	1	0,24291
325	IDOL_MINNIE_Cl3_325.txt	22	0,00816	6	0,36786	16	5,8858
326	IDOL_MINNIE_Cl3_326.txt	3	0,00456	6	0,47957	3	1,43871
327	IDOL_MINNIE_Cl3_327.txt	9	0,01215	6	0,59229	3	1,77688
328	IDOL_MINNIE_Cl3_328.txt	3	0,00595	6	0,69427	3	2,08281
329	IDOL_MINNIE_Cl3_329.txt	3	0,01047	6	0,80218	3	2,40653
330	IDOL_MINNIE_Cl3_330.txt	9	0,00989	6	0,92205	3	2,76615
331	IDOL_MINNIE_Cl3_331.txt	9	0,01011	6	1,02801	3	3,08404
332	IDOL_MINNIE_Cl3_332.txt	9	0,01124	5	1,11133	4	4,44531
333	IDOL_MINNIE_Cl3_333.txt	9	0,00785	5	1,02477	4	4,09909
334	IDOL_MINNIE_Cl3_334.txt	9	0,01351	5	0,9262	4	3,70481
335	IDOL_MINNIE_Cl3_335.txt	9	0,00505	5	0,82449	4	3,29794
336	IDOL_MINNIE_Cl3_336.txt	22	0,00706	5	0,72279	17	12,28748
337	IDOL_MINNIE_Cl3_337.txt	9	0,00639	5	0,72279	4	2,89117
338	IDOL_MINNIE_Cl3_338.txt	3	0,00355	5	0,6362	2	1,2724
339	IDOL_MINNIE_Cl3_339.txt	3	0,00507	5	0,52026	2	1,04051
340	IDOL_MINNIE_Cl3_340.txt	9	0,0046	5	0,41156	4	1,64626
341	IDOL_MINNIE_Cl3_341.txt	9	0,00258	5	0,31702	4	1,26809
342	IDOL_MINNIE_Cl3_342.txt	9	0,00341	5	0,20196	4	0,80786
343	IDOL_MINNIE_Cl3_343.txt	9	0,00344	5	0,10762	4	0,43046
344	IDOL_MINNIE_Cl3_344.txt	9	0,00553	5	0,0796	4	0,31841
345	IDOL_MINNIE_Cl3_345.txt	9	0,00325	5	0,15853	4	0,63412
346	IDOL_MINNIE_Cl3_346.txt	9	0,0036	5	0,26311	4	1,05243
347	IDOL_MINNIE_Cl3_347.txt	9	0,00408	5	0,37401	4	1,49605
348	IDOL_MINNIE_Cl3_348.txt	9	0,00548	5	0,48642	4	1,94566
349	IDOL_MINNIE_Cl3_349.txt	9	0,00479	9	0,42675	0	0
350	IDOL_MINNIE_Cl3_350.txt	9	0,00547	9	0,32187	0	0
351	IDOL_MINNIE_Cl3_351.txt	9	0,00522	9	0,22606	0	0
352	IDOL_MINNIE_Cl3_352.txt	9	0,00713	9	0,15302	0	0
353	IDOL_MINNIE_Cl3_353.txt	9	0,00552	9	0,15302	0	0
354	IDOL_MINNIE_Cl3_354.txt	9	0,00415	9	0,14838	0	0
355	IDOL_MINNIE_Cl3_355.txt	9	0,00473	9	0,20858	0	0
356	IDOL_MINNIE_Cl3_356.txt	9	0,00398	9	0,31612	0	0
357	IDOL_MINNIE_Cl3_357.txt	9	0,00448	9	0,42288	0	0
358	IDOL_MINNIE_Cl3_358.txt	9	0,00408	9	0,53647	0	0
359	IDOL_MINNIE_Cl3_359.txt	19	0,0102	21	0,55821	2	1,11643
360	IDOL_MINNIE_Cl3_360.txt	19	0,01049	21	0,47492	2	0,94985
361	IDOL_MINNIE_Cl3_361.txt	19	0,00803	21	0,3944	2	0,7888
362	IDOL_MINNIE_Cl3_362.txt	19	0,00642	21	0,324	2	0,648
363	IDOL_MINNIE_Cl3_363.txt	19	0,00781	21	0,27405	2	0,5481
364	IDOL_MINNIE_Cl3_364.txt	13	0,00742	21	0,24082	8	1,92659
365	IDOL_MINNIE_Cl3_365.txt	26	0,00707	10	0,22539	16	3,60628
366	IDOL_MINNIE_Cl3_366.txt	3	0,00577	10	0,11101	7	0,77708
367	IDOL_MINNIE_Cl3_367.txt	13	0,00585	10	0,01064	3	0,03193
368	IDOL_MINNIE_Cl3_368.txt	19	0,00469	10	0,11083	9	0,99751
369	IDOL_MINNIE_Cl3_369.txt	20	0,00598	10	0,11083	10	1,10834
370	IDOL_MINNIE_Cl3_370.txt	20	0,00431	10	0,19183	10	1,91827
371	IDOL_MINNIE_Cl3_371.txt	21	0,00521	11	0,17583	10	1,75831
372	IDOL_MINNIE_Cl3_372.txt	4	0,00441	11	0,10583	7	0,74082
373	IDOL_MINNIE_Cl3_373.txt	4	0,00348	11	0,10912	7	0,76386
374	IDOL_MINNIE_Cl3_374.txt	4	0,00331	11	0,20447	7	1,43126
375	IDOL_MINNIE_Cl3_375.txt	27	0,00393	11	0,31221	16	4,99542
376	IDOL_MINNIE_Cl3_376.txt	4	0,0046	11	0,41247	7	2,88731
377	IDOL_MINNIE_Cl3_377.txt	20	0,00443	11	0,53132	9	4,78185
378	IDOL_MINNIE_Cl3_378.txt	12	0,00288	11	0,63322	1	0,63322
379	IDOL_MINNIE_Cl3_379.txt	10	0,00159	11	0,74461	1	0,74461
380	IDOL_MINNIE_Cl3_380.txt	12	0,00166	11	0,85314	1	0,85314
381	IDOL_MINNIE_Cl3_381.txt	10	0,00352	11	0,95725	1	0,95725
382	IDOL_MINNIE_Cl3_382.txt	4	0,0039	11	1,08942	7	7,62594
383	IDOL_MINNIE_Cl3_383.txt	12	0,0018	11	1,23025	1	1,23025
384	IDOL_MINNIE_Cl3_384.txt	4	0,00413	12	1,19686	8	9,57488
385	IDOL_MINNIE_Cl3_385.txt	4	0,00357	12	1,19686	8	9,57488
386	IDOL_MINNIE_Cl3_386.txt	4	0,00449	12	1,08768	8	8,70142
387	IDOL_MINNIE_Cl3_387.txt	12	0,00156	12	0,96578	0	0
388	IDOL_MINNIE_Cl3_388.txt	12	0,00156	12	0,87577	0	0
389	IDOL_MINNIE_Cl3_389.txt	12	0,00282	12	0,76906	0	0
390	IDOL_MINNIE_Cl3_390.txt	12	0,00155	12	0,65923	0	0
391	IDOL_MINNIE_Cl3_391.txt	12	0,00128	12	0,56591	0	0
392	IDOL_MINNIE_Cl3_392.txt	12	0,00126	12	0,47577	0	0
393	IDOL_MINNIE_Cl3_393.txt	4	0,00462	12	0,38179	8	3,0543
394	IDOL_MINNIE_Cl3_394.txt	12	0,0013	12	0,30633	0	0
395	IDOL_MINNIE_Cl3_395.txt	12	0,00464	12	0,24045	0	0
396	IDOL_MINNIE_Cl3_396.txt	12	0,00128	12	0,21436	0	0
397	IDOL_MINNIE_Cl3_397.txt	4	0,00534	12	0,2312	8	1,84963
398	IDOL_MINNIE_Cl3_398.txt	11	0,0055	12	0,27517	1	0,27517
399	IDOL_MINNIE_Cl3_399.txt	4	0,00502	12	0,34976	8	2,79812
400	IDOL_MINNIE_Cl3_400.txt	11	0,00724	12	0,43634	1	0,43634
401	IDOL_MINNIE_Cl3_401.txt	11	0,00826	12	0,43634	1	0,43634
402	IDOL_MINNIE_Cl3_402.txt	12	0,00381	12	0,53086	0	0
403	IDOL_MINNIE_Cl3_403.txt	12	0,00295	12	0,64274	0	0
404	IDOL_MINNIE_Cl3_404.txt	12	0,00226	12	0,7399	0	0
405	IDOL_MINNIE_Cl3_405.txt	10	0,00165	12	0,85176	2	1,70351
406	IDOL_MINNIE_Cl3_406.txt	12	0,00184	12	0,95726	0	0
407	IDOL_MINNIE_Cl3_407.txt	10	0,00284	12	1,06182	2	2,12363
408	IDOL_MINNIE_Cl3_408.txt	10	0,00354	12	1,16605	2	2,33209
409	IDOL_MINNIE_Cl3_409.txt	10	0,00207	12	1,27093	2	2,54186
410	IDOL_MINNIE_Cl3_410.txt	10	0,00187	13	1,24053	3	3,72158
411	IDOL_MINNIE_Cl3_411.txt	12	0,004	13	1,15935	1	1,15935
412	IDOL_MINNIE_Cl3_412.txt	10	0,00147	13	1,07006	3	3,21018
413	IDOL_MINNIE_Cl3_413.txt	11	0,0076	13	0,97126	2	1,94253
414	IDOL_MINNIE_Cl3_414.txt	3	0,00458	13	0,87184	10	8,71843
415	IDOL_MINNIE_Cl3_415.txt	9	0,00438	13	0,76708	4	3,06834
416	IDOL_MINNIE_Cl3_416.txt	9	0,00863	13	0,66254	4	2,65015
417	IDOL_MINNIE_Cl3_417.txt	9	0,00468	13	0,54083	4	2,16332
418	IDOL_MINNIE_Cl3_418.txt	9	0,00462	13	0,54083	4	2,16332
419	IDOL_MINNIE_Cl3_419.txt	22	0,00525	13	0,42415	9	3,81736
420	IDOL_MINNIE_Cl3_420.txt	2	0,00468	13	0,30761	11	3,38373
421	IDOL_MINNIE_Cl3_421.txt	8	0,00562	13	0,19775	5	0,98874
422	IDOL_MINNIE_Cl3_422.txt	23	0,00488	13	0,10483	10	1,04831
423	IDOL_MINNIE_Cl3_423.txt	23	0,00326	13	0,05336	10	0,53362
424	IDOL_MINNIE_Cl3_424.txt	22	0,00483	13	0,14995	9	1,34958
425	IDOL_MINNIE_Cl3_425.txt	22	0,00417	13	0,23843	9	2,14591
426	IDOL_MINNIE_Cl3_426.txt	22	0,00433	13	0,3428	9	3,0852
427	IDOL_MINNIE_Cl3_427.txt	13	0,00421	13	0,44232	0	0
428	IDOL_MINNIE_Cl3_428.txt	22	0,00377	18	0,4916	4	1,96639
429	IDOL_MINNIE_Cl3_429.txt	13	0,00452	18	0,40923	5	2,04617
430	IDOL_MINNIE_Cl3_430.txt	13	0,00399	18	0,3154	5	1,57699
431	IDOL_MINNIE_Cl3_431.txt	13	0,00367	18	0,21113	5	1,05563
432	IDOL_MINNIE_Cl3_432.txt	13	0,00418	18	0,11174	5	0,55869
433	IDOL_MINNIE_Cl3_433.txt	22	0,00385	18	0,01104	4	0,04415
434	IDOL_MINNIE_Cl3_434.txt	13	0,005	18	0,01104	5	0,05518
435	IDOL_MINNIE_Cl3_435.txt	13	0,00464	18	0,13854	5	0,6927
436	IDOL_MINNIE_Cl3_436.txt	13	0,00441	18	0,21062	5	1,05311
437	IDOL_MINNIE_Cl3_437.txt	13	0,00346	18	0,31677	5	1,58384
438	IDOL_MINNIE_Cl3_438.txt	13	0,00606	18	0,42104	5	2,10521
439	IDOL_MINNIE_Cl3_439.txt	13	0,00524	14	0,50396	1	0,50396
440	IDOL_MINNIE_Cl3_440.txt	13	0,00482	14	0,56284	1	0,56284
441	IDOL_MINNIE_Cl3_441.txt	13	0,00368	14	0,62989	1	0,62989
442	IDOL_MINNIE_Cl3_442.txt	13	0,00294	15	0,62991	2	1,25982
443	IDOL_MINNIE_Cl3_443.txt	23	0,00452	15	0,52926	8	4,23408
444	IDOL_MINNIE_Cl3_444.txt	22	0,00352	15	0,42676	7	2,98734
445	IDOL_MINNIE_Cl3_445.txt	23	0,00407	15	0,34832	8	2,78653
446	IDOL_MINNIE_Cl3_446.txt	6	0,00399	15	0,24371	9	2,19336
447	IDOL_MINNIE_Cl3_447.txt	23	0,00412	15	0,12206	8	0,97649
448	IDOL_MINNIE_Cl3_448.txt	6	0,00577	15	0,05869	9	0,52823
449	IDOL_MINNIE_Cl3_449.txt	6	0,00528	15	0,12923	9	1,16303
450	IDOL_MINNIE_Cl3_450.txt	6	0,00447	15	0,12923	9	1,16303
451	IDOL_MINNIE_Cl3_451.txt	6	0,00465	15	0,22722	9	2,04496
452	IDOL_MINNIE_Cl3_452.txt	6	0,00481	15	0,33158	9	2,98424
453	IDOL_MINNIE_Cl3_453.txt	23	0,00417	17	0,33143	6	1,9886
454	IDOL_MINNIE_Cl3_454.txt	6	0,00383	17	0,24716	11	2,71876
455	IDOL_MINNIE_Cl3_455.txt	6	0,00368	17	0,16533	11	1,81866
456	IDOL_MINNIE_Cl3_456.txt	6	0,00409	17	0,14491	11	1,59396
457	IDOL_MINNIE_Cl3_457.txt	23	0,00329	17	0,19957	6	1,1974
458	IDOL_MINNIE_Cl3_458.txt	23	0,00411	16	0,29036	7	2,03254
459	IDOL_MINNIE_Cl3_459.txt	23	0,00478	16	0,2043	7	1,43008
460	IDOL_MINNIE_Cl3_460.txt	23	0,00512	16	0,09641	7	0,67489
461	IDOL_MINNIE_Cl3_461.txt	23	0,00411	16	0,00797	7	0,05581
462	IDOL_MINNIE_Cl3_462.txt	16	0,00713	16	0,08513	0	0
463	IDOL_MINNIE_Cl3_463.txt	23	0,00403	16	0,15849	7	1,10942
464	IDOL_MINNIE_Cl3_464.txt	23	0,00415	16	0,21246	7	1,48724
465	IDOL_MINNIE_Cl3_465.txt	6	0,00434	16	0,26084	10	2,60838
466	IDOL_MINNIE_Cl3_466.txt	6	0,00387	16	0,26084	10	2,60838
467	IDOL_MINNIE_Cl3_467.txt	16	0,00495	16	0,29108	0	0
468	IDOL_MINNIE_Cl3_468.txt	6	0,00526	16	0,30983	10	3,09829
469	IDOL_MINNIE_Cl3_469.txt	6	0,00579	16	0,315	10	3,15002
470	IDOL_MINNIE_Cl3_470.txt	6	0,00741	16	0,31198	10	3,11982
471	IDOL_MINNIE_Cl3_471.txt	6	0,00951	16	0,31266	10	3,12657
472	IDOL_MINNIE_Cl3_472.txt	6	0,0149	16	0,30864	10	3,08637
473	IDOL_MINNIE_Cl3_473.txt	6	0,01758	16	0,30535	10	3,05353
474	IDOL_MINNIE_Cl3_474.txt	6	0,0196	16	0,30142	10	3,01417
475	IDOL_MINNIE_Cl3_475.txt	6	0,01824	16	0,31193	10	3,11927
476	IDOL_MINNIE_Cl3_476.txt	6	0,0078	16	0,34559	10	3,4559
477	IDOL_MINNIE_Cl3_477.txt	8	0,00601	16	0,3808	8	3,04641
478	IDOL_MINNIE_Cl3_478.txt	23	0,00836	16	0,42006	7	2,94043
479	IDOL_MINNIE_Cl3_479.txt	23	0,00615	16	0,45978	7	3,21845
480	IDOL_MINNIE_Cl3_480.txt	23	0,00538	16	0,48629	7	3,40403
481	IDOL_MINNIE_Cl3_481.txt	23	0,00437	16	0,48878	7	3,42146
482	IDOL_MINNIE_Cl3_482.txt	23	0,00442	16	0,48878	7	3,42146
483	IDOL_MINNIE_Cl3_483.txt	23	0,00436	16	0,48897	7	3,42277
484	IDOL_MINNIE_Cl3_484.txt	23	0,0037	16	0,48368	7	3,38577
485	IDOL_MINNIE_Cl3_485.txt	23	0,00424	16	0,47415	7	3,31904
486	IDOL_MINNIE_Cl3_486.txt	23	0,00361	16	0,46284	7	3,23989
487	IDOL_MINNIE_Cl3_487.txt	23	0,00631	16	0,45114	7	3,15801
488	IDOL_MINNIE_Cl3_488.txt	3	0,01035	16	0,43833	13	5,6983
489	IDOL_MINNIE_Cl3_489.txt	3	0,01532	16	0,42508	13	5,52607
490	IDOL_MINNIE_Cl3_490.txt	3	0,01685	16	0,40931	13	5,32109
491	IDOL_MINNIE_Cl3_491.txt	3	0,01509	16	0,39435	13	5,12656
492	IDOL_MINNIE_Cl3_492.txt	3	0,01528	16	0,37876	13	4,92386
493	IDOL_MINNIE_Cl3_493.txt	20	0,00742	16	0,36606	4	1,46424
494	IDOL_MINNIE_Cl3_494.txt	26	0,00837	16	0,35989	10	3,59889
495	IDOL_MINNIE_Cl3_495.txt	18	0,00622	16	0,35815	2	0,7163
496	IDOL_MINNIE_Cl3_496.txt	23	0,01399	16	0,36205	7	2,53434
497	IDOL_MINNIE_Cl3_497.txt	23	0,01295	16	0,36205	7	2,53434
498	IDOL_MINNIE_Cl3_498.txt	23	0,01417	16	0,37605	7	2,63234
499	IDOL_MINNIE_Cl3_499.txt	23	0,01446	16	0,40113	7	2,80791
500	IDOL_MINNIE_Cl3_500.txt	23	0,01581	17	0,4348	6	2,6088
501	IDOL_MINNIE_Cl3_501.txt	23	0,01634	17	0,38043	6	2,28259
502	IDOL_MINNIE_Cl3_502.txt	23	0,01596	17	0,3393	6	2,03578
503	IDOL_MINNIE_Cl3_503.txt	23	0,01277	17	0,32601	6	1,95608
504	IDOL_MINNIE_Cl3_504.txt	23	0,01055	17	0,28678	6	1,7207
505	IDOL_MINNIE_Cl3_505.txt	20	0,0092	17	0,35573	3	1,06719
506	IDOL_MINNIE_Cl3_506.txt	23	0,01099	15	0,31947	8	2,55573
507	IDOL_MINNIE_Cl3_507.txt	7	0,00711	15	0,21706	8	1,73647
508	IDOL_MINNIE_Cl3_508.txt	11	0,00458	15	0,13271	4	0,53085
509	IDOL_MINNIE_Cl3_509.txt	3	0,00796	15	0,10615	12	1,27375
510	IDOL_MINNIE_Cl3_510.txt	18	0,0033	15	0,17018	3	0,51054
511	IDOL_MINNIE_Cl3_511.txt	18	0,00269	15	0,25813	3	0,77438
512	IDOL_MINNIE_Cl3_512.txt	25	0,00346	15	0,36202	10	3,62016
513	IDOL_MINNIE_Cl3_513.txt	18	0,00431	15	0,36202	3	1,08605
514	IDOL_MINNIE_Cl3_514.txt	20	0,00858	15	0,33872	5	1,69359
515	IDOL_MINNIE_Cl3_515.txt	20	0,00652	15	0,44163	5	2,20814
516	IDOL_MINNIE_Cl3_516.txt	3	0,01132	15	0,53848	12	6,4617
517	IDOL_MINNIE_Cl3_517.txt	25	0,00904	14	0,4958	11	5,45383
518	IDOL_MINNIE_Cl3_518.txt	3	0,00953	14	0,3961	11	4,35705
519	IDOL_MINNIE_Cl3_519.txt	3	0,01306	14	0,3157	11	3,47266
520	IDOL_MINNIE_Cl3_520.txt	3	0,01428	14	0,27937	11	3,07305
521	IDOL_MINNIE_Cl3_521.txt	3	0,00978	14	0,29559	11	3,25146
522	IDOL_MINNIE_Cl3_522.txt	3	0,01366	18	0,23132	15	3,4698
523	IDOL_MINNIE_Cl3_523.txt	3	0,01105	18	0,11893	15	1,784
524	IDOL_MINNIE_Cl3_524.txt	25	0,01014	18	0,0221	7	0,15468
525	IDOL_MINNIE_Cl3_525.txt	25	0,01172	18	0,09937	7	0,69562
526	IDOL_MINNIE_Cl3_526.txt	25	0,00627	18	0,20675	7	1,44727
527	IDOL_MINNIE_Cl3_527.txt	25	0,00264	18	0,32075	7	2,24527
528	IDOL_MINNIE_Cl3_528.txt	25	0,0024	18	0,4157	7	2,9099
529	IDOL_MINNIE_Cl3_529.txt	25	0,00277	18	0,4157	7	2,9099
530	IDOL_MINNIE_Cl3_530.txt	25	0,00244	13	0,48854	12	5,86243
531	IDOL_MINNIE_Cl3_531.txt	25	0,00756	13	0,39051	12	4,68607
532	IDOL_MINNIE_Cl3_532.txt	25	0,00342	13	0,2744	12	3,29282
533	IDOL_MINNIE_Cl3_533.txt	25	0,00685	13	0,17908	12	2,14896
534	IDOL_MINNIE_Cl3_534.txt	25	0,00136	13	0,0874	12	1,04875
535	IDOL_MINNIE_Cl3_535.txt	25	0,00839	13	0,10077	12	1,20922
536	IDOL_MINNIE_Cl3_536.txt	25	0,002	13	0,19543	12	2,34512
537	IDOL_MINNIE_Cl3_537.txt	25	0,00255	13	0,30515	12	3,66179
538	IDOL_MINNIE_Cl3_538.txt	25	0,00331	13	0,40769	12	4,89225
539	IDOL_MINNIE_Cl3_539.txt	25	0,0039	13	0,50352	12	6,04221
540	IDOL_MINNIE_Cl3_540.txt	3	0,0064	13	0,57376	10	5,73764
541	IDOL_MINNIE_Cl3_541.txt	3	0,00614	13	0,65321	10	6,53209
542	IDOL_MINNIE_Cl3_542.txt	3	0,00849	19	0,58004	16	9,28068
543	IDOL_MINNIE_Cl3_543.txt	7	0,0066	19	0,4814	12	5,77676
544	IDOL_MINNIE_Cl3_544.txt	9	0,00668	19	0,37735	10	3,77348
545	IDOL_MINNIE_Cl3_545.txt	9	0,00376	19	0,37735	10	3,77348
546	IDOL_MINNIE_Cl3_546.txt	3	0,00944	19	0,26053	16	4,16849
547	IDOL_MINNIE_Cl3_547.txt	3	0,01161	19	0,18294	16	2,92701
548	IDOL_MINNIE_Cl3_548.txt	3	0,01292	19	0,18056	16	2,8889
549	IDOL_MINNIE_Cl3_549.txt	9	0,00482	19	0,21758	10	2,17584
550	IDOL_MINNIE_Cl3_550.txt	3	0,00479	20	0,15732	17	2,67447
551	IDOL_MINNIE_Cl3_551.txt	4	0,00428	20	0,10443	16	1,67086
552	IDOL_MINNIE_Cl3_552.txt	4	0,00425	20	0,15586	16	2,49382
553	IDOL_MINNIE_Cl3_553.txt	21	0,00303	20	0,25495	1	0,25495
554	IDOL_MINNIE_Cl3_554.txt	11	0,00356	20	0,36123	9	3,25111
555	IDOL_MINNIE_Cl3_555.txt	21	0,00491	20	0,45671	1	0,45671
556	IDOL_MINNIE_Cl3_556.txt	27	0,00339	20	0,86819	7	6,0773
557	IDOL_MINNIE_Cl3_557.txt	10	0,00214	20	0,9582	10	9,58196
558	IDOL_MINNIE_Cl3_558.txt	10	0,00267	20	1,02313	10	10,23126
559	IDOL_MINNIE_Cl3_559.txt	12	0,0021	20	1,07161	8	8,5729
560	IDOL_MINNIE_Cl3_560.txt	12	0,00393	20	1,07161	8	8,5729
561	IDOL_MINNIE_Cl3_561.txt	27	0,00753	20	1,10708	7	7,74958
562	IDOL_MINNIE_Cl3_562.txt	25	0,00408	20	1,12697	5	5,63484
563	IDOL_MINNIE_Cl3_563.txt	3	0,00894	20	1,14151	17	19,40574
564	IDOL_MINNIE_Cl3_564.txt	3	0,00805	20	1,16356	17	19,78057
565	IDOL_MINNIE_Cl3_565.txt	3	0,00864	20	1,18409	17	20,12953
566	IDOL_MINNIE_Cl3_566.txt	3	0,00595	20	1,19517	17	20,31793
567	IDOL_MINNIE_Cl3_567.txt	3	0,00805	20	1,20776	17	20,53194
568	IDOL_MINNIE_Cl3_568.txt	3	0,01629	20	1,2057	17	20,4969
569	IDOL_MINNIE_Cl3_569.txt	3	0,00779	20	1,21485	17	20,65252
570	IDOL_MINNIE_Cl3_570.txt	3	0,00533	20	1,2212	17	20,76047
571	IDOL_MINNIE_Cl3_571.txt	27	0,00331	20	1,22566	7	8,5796
572	IDOL_MINNIE_Cl3_572.txt	11	0,00402	20	1,22836	9	11,05522
573	IDOL_MINNIE_Cl3_573.txt	4	0,00451	20	1,22894	16	19,66297
574	IDOL_MINNIE_Cl3_574.txt	12	0,00409	20	1,23071	8	9,84568
575	IDOL_MINNIE_Cl3_575.txt	4	0,00605	20	1,22729	16	19,63666
576	IDOL_MINNIE_Cl3_576.txt	21	0,00385	20	1,22729	1	1,22729
577	IDOL_MINNIE_Cl3_577.txt	11	0,00469	20	1,2227	9	11,00434
578	IDOL_MINNIE_Cl3_578.txt	20	0,00665	20	1,21124	0	0
579	IDOL_MINNIE_Cl3_579.txt	2	0,00557	20	1,20303	18	21,65452
580	IDOL_MINNIE_Cl3_580.txt	2	0,00749	20	1,19133	18	21,44395
581	IDOL_MINNIE_Cl3_581.txt	2	0,00434	20	1,18052	18	21,24938
582	IDOL_MINNIE_Cl3_582.txt	2	0,00628	20	1,16723	18	21,01022
583	IDOL_MINNIE_Cl3_583.txt	2	0,00625	20	1,14709	18	20,64765
584	IDOL_MINNIE_Cl3_584.txt	2	0,01159	20	1,13161	18	20,36904
585	IDOL_MINNIE_Cl3_585.txt	2	0,01026	20	1,11239	18	20,02297
586	IDOL_MINNIE_Cl3_586.txt	19	0,00677	20	1,09463	1	1,09463
587	IDOL_MINNIE_Cl3_587.txt	19	0,00604	20	1,07648	1	1,07648
588	IDOL_MINNIE_Cl3_588.txt	2	0,0098	20	1,0534	18	18,96124
589	IDOL_MINNIE_Cl3_589.txt	2	0,00925	20	1,03434	18	18,61812
590	IDOL_MINNIE_Cl3_590.txt	19	0,00637	20	1,01544	1	1,01544
591	IDOL_MINNIE_Cl3_591.txt	2	0,00715	20	0,99067	18	17,83203
592	IDOL_MINNIE_Cl3_592.txt	2	0,01122	20	0,99067	18	17,83203
593	IDOL_MINNIE_Cl3_593.txt	26	0,01201	20	0,97014	6	5,82082
594	IDOL_MINNIE_Cl3_594.txt	3	0,00739	20	0,9529	17	16,1993
595	IDOL_MINNIE_Cl3_595.txt	3	0,00438	20	0,93629	17	15,91688
596	IDOL_MINNIE_Cl3_596.txt	3	0,00495	20	0,91885	17	15,62047
597	IDOL_MINNIE_Cl3_597.txt	3	0,00503	20	0,9024	17	15,34082
598	IDOL_MINNIE_Cl3_598.txt	3	0,00602	20	0,88564	17	15,05587
599	IDOL_MINNIE_Cl3_599.txt	26	0,00656	20	0,86558	6	5,1935
600	IDOL_MINNIE_Cl3_600.txt	3	0,00756	20	0,83446	17	14,18588
601	IDOL_MINNIE_Cl3_601.txt	20	0,00673	20	0,7961	0	0
602	IDOL_MINNIE_Cl3_602.txt	20	0,00514	20	0,73471	0	0
603	IDOL_MINNIE_Cl3_603.txt	20	0,0036	20	0,67118	0	0
604	IDOL_MINNIE_Cl3_604.txt	4	0,00413	20	0,5767	16	9,22713
605	IDOL_MINNIE_Cl3_605.txt	4	0,00285	20	0,4992	16	7,98718
606	IDOL_MINNIE_Cl3_606.txt	20	0,00652	20	0,40231	0	0
607	IDOL_MINNIE_Cl3_607.txt	25	0,00529	20	0,31047	5	1,55234
608	IDOL_MINNIE_Cl3_608.txt	18	0,00281	20	0,31047	2	0,62093
609	IDOL_MINNIE_Cl3_609.txt	3	0,00324	20	0,21379	17	3,63441
610	IDOL_MINNIE_Cl3_610.txt	20	0,00438	20	0,09228	0	0
611	IDOL_MINNIE_Cl3_611.txt	20	0,00323	20	0,0271	0	0
612	IDOL_MINNIE_Cl3_612.txt	12	0,00242	20	0,12315	8	0,9852
613	IDOL_MINNIE_Cl3_613.txt	12	0,0016	19	0,15631	7	1,09419
614	IDOL_MINNIE_Cl3_614.txt	4	0,00365	19	0,06336	15	0,95041
615	IDOL_MINNIE_Cl3_615.txt	4	0,00579	19	0,04387	15	0,6581
616	IDOL_MINNIE_Cl3_616.txt	12	0,00192	19	0,14741	7	1,03184
617	IDOL_MINNIE_Cl3_617.txt	12	0,00416	19	0,25344	7	1,77409
618	IDOL_MINNIE_Cl3_618.txt	12	0,00491	19	0,37014	7	2,59095
619	IDOL_MINNIE_Cl3_619.txt	4	0,00253	19	0,48254	15	7,23815
620	IDOL_MINNIE_Cl3_620.txt	21	0,00608	19	0,57839	2	1,15677
621	IDOL_MINNIE_Cl3_621.txt	20	0,00384	19	0,68381	1	0,68381
622	IDOL_MINNIE_Cl3_622.txt	11	0,00694	19	0,79211	8	6,33691
623	IDOL_MINNIE_Cl3_623.txt	4	0,00505	19	0,90176	15	13,52635
624	IDOL_MINNIE_Cl3_624.txt	4	0,00436	19	0,90176	15	13,52635
625	IDOL_MINNIE_Cl3_625.txt	4	0,00455	19	1,00144	15	15,02162
626	IDOL_MINNIE_Cl3_626.txt	12	0,00349	19	1,10971	7	7,768
627	IDOL_MINNIE_Cl3_627.txt	12	0,00312	19	1,21442	7	8,50097
628	IDOL_MINNIE_Cl3_628.txt	12	0,00315	19	1,31582	7	9,21072
629	IDOL_MINNIE_Cl3_629.txt	12	0,00204	12	1,37616	0	0
630	IDOL_MINNIE_Cl3_630.txt	4	0,00483	12	1,27706	8	10,21646
631	IDOL_MINNIE_Cl3_631.txt	10	0,00199	12	1,17158	2	2,34315
632	IDOL_MINNIE_Cl3_632.txt	4	0,00468	12	1,06304	8	8,50433
633	IDOL_MINNIE_Cl3_633.txt	12	0,00296	12	0,959	0	0
634	IDOL_MINNIE_Cl3_634.txt	12	0,00446	12	0,85596	0	0
635	IDOL_MINNIE_Cl3_635.txt	4	0,00666	12	0,70288	8	5,62305
636	IDOL_MINNIE_Cl3_636.txt	12	0,00378	12	0,59521	0	0
637	IDOL_MINNIE_Cl3_637.txt	12	0,00347	12	0,48916	0	0
638	IDOL_MINNIE_Cl3_638.txt	12	0,00432	12	0,38305	0	0
639	IDOL_MINNIE_Cl3_639.txt	4	0,00621	12	0,25403	8	2,03221
640	IDOL_MINNIE_Cl3_640.txt	10	0,0022	12	0,25403	2	0,50805
641	IDOL_MINNIE_Cl3_641.txt	4	0,00688	12	0,17611	8	1,40885
642	IDOL_MINNIE_Cl3_642.txt	10	0,00178	12	0,13295	2	0,26591
643	IDOL_MINNIE_Cl3_643.txt	4	0,00756	12	0,1674	8	1,33921
644	IDOL_MINNIE_Cl3_644.txt	10	0,00303	12	0,26564	2	0,53129
645	IDOL_MINNIE_Cl3_645.txt	12	0,00577	12	0,38276	0	0
646	IDOL_MINNIE_Cl3_646.txt	10	0,00327	12	0,48831	2	0,97661
647	IDOL_MINNIE_Cl3_647.txt	12	0,00412	12	0,58634	0	0
648	IDOL_MINNIE_Cl3_648.txt	4	0,00562	12	0,69487	8	5,55899
649	IDOL_MINNIE_Cl3_649.txt	4	0,00307	12	0,78552	8	6,28417
650	IDOL_MINNIE_Cl3_650.txt	21	0,00646	12	0,89204	9	8,02832
651	IDOL_MINNIE_Cl3_651.txt	20	0,00936	12	1,00126	8	8,01005
652	IDOL_MINNIE_Cl3_652.txt	21	0,00747	12	1,1115	9	10,00354
653	IDOL_MINNIE_Cl3_653.txt	20	0,00843	12	1,21882	8	9,75056
654	IDOL_MINNIE_Cl3_654.txt	20	0,01031	11	1,23112	9	11,08012
655	IDOL_MINNIE_Cl3_655.txt	20	0,0087	11	1,12136	9	10,09224
656	IDOL_MINNIE_Cl3_656.txt	4	0,00559	11	1,02312	7	7,16184
657	IDOL_MINNIE_Cl3_657.txt	21	0,00631	11	0,91273	10	9,12734
658	IDOL_MINNIE_Cl3_658.txt	4	0,00457	11	0,91273	7	6,38914
659	IDOL_MINNIE_Cl3_659.txt	21	0,00555	11	0,8164	10	8,16397
660	IDOL_MINNIE_Cl3_660.txt	4	0,00447	11	0,71542	7	5,00793
661	IDOL_MINNIE_Cl3_661.txt	11	0,00402	11	0,61933	0	0
662	IDOL_MINNIE_Cl3_662.txt	11	0,00292	11	0,51327	0	0
663	IDOL_MINNIE_Cl3_663.txt	21	0,00357	11	0,42168	10	4,21682
664	IDOL_MINNIE_Cl3_664.txt	11	0,00553	11	0,34278	0	0
665	IDOL_MINNIE_Cl3_665.txt	11	0,00354	11	0,27956	0	0
666	IDOL_MINNIE_Cl3_666.txt	18	0,00417	11	0,24412	7	1,70882
667	IDOL_MINNIE_Cl3_667.txt	18	0,0055	11	0,26478	7	1,85349
668	IDOL_MINNIE_Cl3_668.txt	11	0,00363	11	0,31796	0	0
669	IDOL_MINNIE_Cl3_669.txt	27	0,00554	21	0,34866	6	2,09197
670	IDOL_MINNIE_Cl3_670.txt	18	0,0032	21	0,25536	3	0,76608
671	IDOL_MINNIE_Cl3_671.txt	0	0,00556	21	0,2076	21	4,35968
672	IDOL_MINNIE_Cl3_672.txt	26	0,00529	21	0,21501	5	1,07504
673	IDOL_MINNIE_Cl3_673.txt	26	0,00594	21	0,21501	5	1,07504
674	IDOL_MINNIE_Cl3_674.txt	0	0,00585	21	0,27514	21	5,77784
675	IDOL_MINNIE_Cl3_675.txt	18	0,00388	21	0,35603	3	1,06808
676	IDOL_MINNIE_Cl3_676.txt	18	0,00355	21	0,41503	3	1,2451
677	IDOL_MINNIE_Cl3_677.txt	11	0,00506	21	0,49759	10	4,97587
678	IDOL_MINNIE_Cl3_678.txt	11	0,00607	21	0,58062	10	5,80619
679	IDOL_MINNIE_Cl3_679.txt	11	0,00613	9	0,59425	2	1,1885
680	IDOL_MINNIE_Cl3_680.txt	11	0,00374	9	0,58282	2	1,16565
681	IDOL_MINNIE_Cl3_681.txt	11	0,00498	9	0,58376	2	1,16752
682	IDOL_MINNIE_Cl3_682.txt	11	0,0057	9	0,58756	2	1,17513
683	IDOL_MINNIE_Cl3_683.txt	4	0,00709	9	0,60662	5	3,03309
684	IDOL_MINNIE_Cl3_684.txt	11	0,01153	9	0,65007	2	1,30014
685	IDOL_MINNIE_Cl3_685.txt	11	0,00306	9	0,7148	2	1,42961
686	IDOL_MINNIE_Cl3_686.txt	11	0,00375	9	0,79313	2	1,58626
687	IDOL_MINNIE_Cl3_687.txt	12	0,0047	9	0,87862	3	2,63585
688	IDOL_MINNIE_Cl3_688.txt	12	0,00356	9	0,96712	3	2,90135
689	IDOL_MINNIE_Cl3_689.txt	4	0,00461	9	0,96712	5	4,83558
690	IDOL_MINNIE_Cl3_690.txt	4	0,00345	9	1,05099	5	5,25497
691	IDOL_MINNIE_Cl3_691.txt	11	0,00705	9	1,12828	2	2,25657
692	IDOL_MINNIE_Cl3_692.txt	21	0,00549	9	1,21206	12	14,54473
693	IDOL_MINNIE_Cl3_693.txt	4	0,00532	9	1,30549	5	6,52745
694	IDOL_MINNIE_Cl3_694.txt	4	0,00447	9	1,40536	5	7,02681
695	IDOL_MINNIE_Cl3_695.txt	12	0,00421	9	1,51195	3	4,53585
696	IDOL_MINNIE_Cl3_696.txt	4	0,00499	9	1,59722	5	7,98612
697	IDOL_MINNIE_Cl3_697.txt	4	0,00286	9	1,69733	5	8,48663
698	IDOL_MINNIE_Cl3_698.txt	12	0,00351	4	1,60382	8	12,8306
699	IDOL_MINNIE_Cl3_699.txt	27	0,00306	4	1,40388	23	32,28933
700	IDOL_MINNIE_Cl3_700.txt	27	0,00439	4	1,30223	23	29,95126
701	IDOL_MINNIE_Cl3_701.txt	27	0,00551	4	1,18894	23	27,34552
702	IDOL_MINNIE_Cl3_702.txt	11	0,00499	4	1,09608	7	7,67255
703	IDOL_MINNIE_Cl3_703.txt	18	0,00402	4	0,9914	14	13,87956
704	IDOL_MINNIE_Cl3_704.txt	0	0,00576	4	0,90991	4	3,63963
705	IDOL_MINNIE_Cl3_705.txt	25	0,00621	26	0,84032	1	0,84032
706	IDOL_MINNIE_Cl3_706.txt	18	0,00448	26	0,73434	8	5,87475
707	IDOL_MINNIE_Cl3_707.txt	3	0,00529	26	0,62062	23	14,27425
708	IDOL_MINNIE_Cl3_708.txt	3	0,00409	26	0,53465	23	12,29693
709	IDOL_MINNIE_Cl3_709.txt	3	0,00491	26	0,53465	23	12,29693
710	IDOL_MINNIE_Cl3_710.txt	22	0,00483	26	0,46399	4	1,85596
711	IDOL_MINNIE_Cl3_711.txt	9	0,00457	26	0,44062	17	7,49058
712	IDOL_MINNIE_Cl3_712.txt	22	0,01082	26	0,43264	4	1,73057
713	IDOL_MINNIE_Cl3_713.txt	22	0,00883	26	0,46271	4	1,85084
714	IDOL_MINNIE_Cl3_714.txt	22	0,00269	26	0,51607	4	2,0643
715	IDOL_MINNIE_Cl3_715.txt	22	0,00402	26	0,56539	4	2,26157
716	IDOL_MINNIE_Cl3_716.txt	22	0,0027	22	0,50836	0	0
717	IDOL_MINNIE_Cl3_717.txt	22	0,00297	22	0,40163	0	0
718	IDOL_MINNIE_Cl3_718.txt	26	0,00482	22	0,29679	4	1,18716
719	IDOL_MINNIE_Cl3_719.txt	22	0,00302	22	0,18649	0	0
720	IDOL_MINNIE_Cl3_720.txt	22	0,00344	22	0,08546	0	0
721	IDOL_MINNIE_Cl3_721.txt	22	0,00329	22	0,03018	0	0
722	IDOL_MINNIE_Cl3_722.txt	22	0,00308	22	0,14158	0	0
723	IDOL_MINNIE_Cl3_723.txt	22	0,00307	22	0,24186	0	0
724	IDOL_MINNIE_Cl3_724.txt	22	0,0034	22	0,3397	0	0
725	IDOL_MINNIE_Cl3_725.txt	22	0,00333	22	0,3397	0	0
726	IDOL_MINNIE_Cl3_726.txt	22	0,00516	22	0,44973	0	0
727	IDOL_MINNIE_Cl3_727.txt	23	0,00435	22	0,54957	1	0,54957
728	IDOL_MINNIE_Cl3_728.txt	23	0,00426	25	0,48352	2	0,96705
729	IDOL_MINNIE_Cl3_729.txt	22	0,0051	25	0,37636	3	1,12908
730	IDOL_MINNIE_Cl3_730.txt	23	0,00463	25	0,26987	2	0,53974
731	IDOL_MINNIE_Cl3_731.txt	23	0,00507	25	0,17782	2	0,35564
732	IDOL_MINNIE_Cl3_732.txt	22	0,00517	25	0,09005	3	0,27015
733	IDOL_MINNIE_Cl3_733.txt	8	0,00623	25	0,08476	17	1,4409
734	IDOL_MINNIE_Cl3_734.txt	23	0,00641	25	0,15899	2	0,31797
735	IDOL_MINNIE_Cl3_735.txt	23	0,00454	25	0,25941	2	0,51881
736	IDOL_MINNIE_Cl3_736.txt	23	0,00658	25	0,35639	2	0,71278
737	IDOL_MINNIE_Cl3_737.txt	23	0,00388	25	0,45993	2	0,91985
738	IDOL_MINNIE_Cl3_738.txt	23	0,00348	25	0,56869	2	1,13737
739	IDOL_MINNIE_Cl3_739.txt	23	0,00475	25	0,67073	2	1,34145
740	IDOL_MINNIE_Cl3_740.txt	23	0,00283	25	0,7723	2	1,5446
741	IDOL_MINNIE_Cl3_741.txt	23	0,01499	25	0,87439	2	1,74879
742	IDOL_MINNIE_Cl3_742.txt	5	0,01434	25	0,87439	20	17,48786
743	IDOL_MINNIE_Cl3_743.txt	23	0,01195	25	0,97783	2	1,95566
744	IDOL_MINNIE_Cl3_744.txt	5	0,02065	25	1,07829	20	21,56579
745	IDOL_MINNIE_Cl3_745.txt	5	0,01993	25	1,18426	20	23,68516
746	IDOL_MINNIE_Cl3_746.txt	23	0,01485	25	1,28307	2	2,56614
747	IDOL_MINNIE_Cl3_747.txt	23	0,01196	23	1,203	0	0
748	IDOL_MINNIE_Cl3_748.txt	23	0,0083	23	1,10893	0	0
749	IDOL_MINNIE_Cl3_749.txt	23	0,00617	23	1,02174	0	0
750	IDOL_MINNIE_Cl3_750.txt	23	0,00598	23	0,93483	0	0
751	IDOL_MINNIE_Cl3_751.txt	23	0,0069	23	0,84656	0	0
752	IDOL_MINNIE_Cl3_752.txt	23	0,00615	23	0,75295	0	0
753	IDOL_MINNIE_Cl3_753.txt	23	0,00581	23	0,66116	0	0
754	IDOL_MINNIE_Cl3_754.txt	23	0,00721	23	0,55952	0	0
755	IDOL_MINNIE_Cl3_755.txt	23	0,0056	23	0,46182	0	0
756	IDOL_MINNIE_Cl3_756.txt	23	0,00433	23	0,36436	0	0
757	IDOL_MINNIE_Cl3_757.txt	23	0,00387	23	0,27041	0	0
758	IDOL_MINNIE_Cl3_758.txt	23	0,0044	23	0,18853	0	0
759	IDOL_MINNIE_Cl3_759.txt	23	0,01205	23	0,1219	0	0
760	IDOL_MINNIE_Cl3_760.txt	23	0,02065	23	0,06301	0	0
761	IDOL_MINNIE_Cl3_761.txt	23	0,01383	23	0,06301	0	0
762	IDOL_MINNIE_Cl3_762.txt	23	0,01414	23	0,00927	0	0
763	IDOL_MINNIE_Cl3_763.txt	23	0,00839	23	0,05729	0	0
764	IDOL_MINNIE_Cl3_764.txt	8	0,00714	23	0,1826	15	2,73898
765	IDOL_MINNIE_Cl3_765.txt	8	0,00761	23	0,33354	15	5,00307
766	IDOL_MINNIE_Cl3_766.txt	8	0,00665	23	0,43996	15	6,59939
767	IDOL_MINNIE_Cl3_767.txt	8	0,00658	23	0,54223	15	8,13343
768	IDOL_MINNIE_Cl3_768.txt	8	0,00686	23	0,63849	15	9,57737
769	IDOL_MINNIE_Cl3_769.txt	23	0,00537	23	0,69776	0	0
770	IDOL_MINNIE_Cl3_770.txt	22	0,00343	23	0,77033	1	0,77033
771	IDOL_MINNIE_Cl3_771.txt	2	0,00562	23	0,82842	21	17,39686
772	IDOL_MINNIE_Cl3_772.txt	2	0,0047	23	0,86665	21	18,19961
773	IDOL_MINNIE_Cl3_773.txt	2	0,00439	23	0,91815	21	19,2811
774	IDOL_MINNIE_Cl3_774.txt	23	0,00509	23	0,9698	0	0
775	IDOL_MINNIE_Cl3_775.txt	22	0,00378	24	0,97033	2	1,94065
776	IDOL_MINNIE_Cl3_776.txt	22	0,00394	24	0,85367	2	1,70735
777	IDOL_MINNIE_Cl3_777.txt	20	0,00821	24	0,85367	4	3,41469
778	IDOL_MINNIE_Cl3_778.txt	22	0,00709	24	0,7676	2	1,5352
779	IDOL_MINNIE_Cl3_779.txt	22	0,00696	24	0,66662	2	1,33325
780	IDOL_MINNIE_Cl3_780.txt	22	0,01151	24	0,58904	2	1,17808
781	IDOL_MINNIE_Cl3_781.txt	22	0,00793	24	0,51952	2	1,03903
782	IDOL_MINNIE_Cl3_782.txt	22	0,00474	24	0,46249	2	0,92498
783	IDOL_MINNIE_Cl3_783.txt	22	0,00421	24	0,43072	2	0,86144
784	IDOL_MINNIE_Cl3_784.txt	22	0,00408	24	0,42197	2	0,84393
785	IDOL_MINNIE_Cl3_785.txt	22	0,00382	24	0,42092	2	0,84185
786	IDOL_MINNIE_Cl3_786.txt	22	0,00392	24	0,42482	2	0,84963
787	IDOL_MINNIE_Cl3_787.txt	22	0,00381	24	0,42692	2	0,85385
788	IDOL_MINNIE_Cl3_788.txt	22	0,00372	24	0,44096	2	0,88192
789	IDOL_MINNIE_Cl3_789.txt	22	0,00372	24	0,43467	2	0,86934
790	IDOL_MINNIE_Cl3_790.txt	22	0,00368	24	0,42408	2	0,84815
791	IDOL_MINNIE_Cl3_791.txt	22	0,0033	24	0,40632	2	0,81264
792	IDOL_MINNIE_Cl3_792.txt	22	0,0048	24	0,40632	2	0,81264
793	IDOL_MINNIE_Cl3_793.txt	23	0,00593	24	0,37862	1	0,37862
794	IDOL_MINNIE_Cl3_794.txt	22	0,00411	24	0,35878	2	0,71756
795	IDOL_MINNIE_Cl3_795.txt	22	0,0036	24	0,33274	2	0,66547
796	IDOL_MINNIE_Cl3_796.txt	2	0,00581	24	0,31533	22	6,93736
797	IDOL_MINNIE_Cl3_797.txt	22	0,00397	24	0,2962	2	0,59239
798	IDOL_MINNIE_Cl3_798.txt	1	0,00566	24	0,25307	23	5,82063
799	IDOL_MINNIE_Cl3_799.txt	1	0,00529	24	0,22109	23	5,08501
800	IDOL_MINNIE_Cl3_800.txt	1	0,00628	24	0,18057	23	4,15303
801	IDOL_MINNIE_Cl3_801.txt	22	0,01217	24	0,12252	2	0,24503
802	IDOL_MINNIE_Cl3_802.txt	22	0,00926	24	0,0593	2	0,11861
803	IDOL_MINNIE_Cl3_803.txt	22	0,00477	24	0,04091	2	0,08181
804	IDOL_MINNIE_Cl3_804.txt	22	0,00358	24	0,13506	2	0,27012
805	IDOL_MINNIE_Cl3_805.txt	2	0,00448	24	0,23639	22	5,20067
806	IDOL_MINNIE_Cl3_806.txt	22	0,00458	24	0,3197	2	0,6394
807	IDOL_MINNIE_Cl3_807.txt	22	0,00289	24	0,42769	2	0,85538
808	IDOL_MINNIE_Cl3_808.txt	22	0,00751	24	0,42769	2	0,85538
809	IDOL_MINNIE_Cl3_809.txt	22	0,00518	24	0,53354	2	1,06708
810	IDOL_MINNIE_Cl3_810.txt	22	0,00579	24	0,64659	2	1,29317
811	IDOL_MINNIE_Cl3_811.txt	22	0,00504	24	0,75701	2	1,51401
812	IDOL_MINNIE_Cl3_812.txt	22	0,00419	24	0,8703	2	1,74061
813	IDOL_MINNIE_Cl3_813.txt	22	0,00496	24	0,97497	2	1,94994
814	IDOL_MINNIE_Cl3_814.txt	22	0,01437	24	1,07671	2	2,15342
815	IDOL_MINNIE_Cl3_815.txt	22	0,0147	24	1,18162	2	2,36324
816	IDOL_MINNIE_Cl3_816.txt	22	0,00578	24	1,27371	2	2,54741
817	IDOL_MINNIE_Cl3_817.txt	2	0,00512	24	1,37671	22	30,28754
818	IDOL_MINNIE_Cl3_818.txt	2	0,00889	24	1,45211	22	31,94643
819	IDOL_MINNIE_Cl3_819.txt	24	0,01264	25	1,49358	1	1,49358
820	IDOL_MINNIE_Cl3_820.txt	2	0,00868	25	1,38621	23	31,88293
821	IDOL_MINNIE_Cl3_821.txt	23	0,00771	25	1,29018	2	2,58035
822	IDOL_MINNIE_Cl3_822.txt	16	0,01014	25	1,19	9	10,71001
823	IDOL_MINNIE_Cl3_823.txt	8	0,0089	25	1,08824	17	18,50011
824	IDOL_MINNIE_Cl3_824.txt	26	0,00686	25	1,08824	1	1,08824
825	IDOL_MINNIE_Cl3_825.txt	26	0,00517	25	1,00874	1	1,00874
826	IDOL_MINNIE_Cl3_826.txt	26	0,00545	25	0,91509	1	0,91509
827	IDOL_MINNIE_Cl3_827.txt	0	0,00577	25	0,82108	25	20,527
828	IDOL_MINNIE_Cl3_828.txt	18	0,00298	25	0,72785	7	5,09493
829	IDOL_MINNIE_Cl3_829.txt	18	0,00284	25	0,64631	7	4,52417
830	IDOL_MINNIE_Cl3_830.txt	25	0,00748	25	0,53841	0	0
831	IDOL_MINNIE_Cl3_831.txt	25	0,00326	25	0,44861	0	0
832	IDOL_MINNIE_Cl3_832.txt	18	0,00245	25	0,36839	7	2,57871
833	IDOL_MINNIE_Cl3_833.txt	25	0,00443	25	0,31005	0	0
834	IDOL_MINNIE_Cl3_834.txt	25	0,00326	25	0,28093	0	0
835	IDOL_MINNIE_Cl3_835.txt	3	0,00511	25	0,28616	22	6,29556
836	IDOL_MINNIE_Cl3_836.txt	18	0,00247	25	0,31949	7	2,23646
837	IDOL_MINNIE_Cl3_837.txt	18	0,00304	25	0,3729	7	2,61029
838	IDOL_MINNIE_Cl3_838.txt	18	0,00201	25	0,44313	7	3,10194
839	IDOL_MINNIE_Cl3_839.txt	17	0,00221	25	0,53344	8	4,26756
840	IDOL_MINNIE_Cl3_840.txt	25	0,0024	25	0,53344	0	0
841	IDOL_MINNIE_Cl3_841.txt	17	0,00362	22	0,51455	5	2,57276
842	IDOL_MINNIE_Cl3_842.txt	17	0,00337	22	0,41519	5	2,07596
843	IDOL_MINNIE_Cl3_843.txt	17	0,00305	22	0,31301	5	1,56506
844	IDOL_MINNIE_Cl3_844.txt	25	0,00259	22	0,21923	3	0,65769
845	IDOL_MINNIE_Cl3_845.txt	25	0,00269	22	0,13958	3	0,41875
846	IDOL_MINNIE_Cl3_846.txt	25	0,00341	22	0,12261	3	0,36782
847	IDOL_MINNIE_Cl3_847.txt	25	0,00348	22	0,18117	3	0,5435
848	IDOL_MINNIE_Cl3_848.txt	25	0,00432	22	0,26962	3	0,80886
849	IDOL_MINNIE_Cl3_849.txt	3	0,0051	22	0,36438	19	6,92319
850	IDOL_MINNIE_Cl3_850.txt	25	0,0087	22	0,45257	3	1,35771
851	IDOL_MINNIE_Cl3_851.txt	3	0,00977	22	0,54744	19	10,40136
852	IDOL_MINNIE_Cl3_852.txt	26	0,0067	26	0,63469	0	0
853	IDOL_MINNIE_Cl3_853.txt	3	0,00384	26	0,55674	23	12,80508
854	IDOL_MINNIE_Cl3_854.txt	11	0,00374	26	0,37198	15	5,5797
855	IDOL_MINNIE_Cl3_855.txt	26	0,00532	26	0,29885	0	0
856	IDOL_MINNIE_Cl3_856.txt	26	0,00308	26	0,29885	0	0
857	IDOL_MINNIE_Cl3_857.txt	26	0,00655	26	0,25369	0	0
858	IDOL_MINNIE_Cl3_858.txt	26	0,00571	26	0,21211	0	0
859	IDOL_MINNIE_Cl3_859.txt	26	0,00635	26	0,19507	0	0
860	IDOL_MINNIE_Cl3_860.txt	19	0,00512	26	0,23723	7	1,66059
861	IDOL_MINNIE_Cl3_861.txt	26	0,00466	26	0,25251	0	0
862	IDOL_MINNIE_Cl3_862.txt	3	0,00651	26	0,29453	23	6,77409
863	IDOL_MINNIE_Cl3_863.txt	3	0,00789	26	0,35112	23	8,07569
864	IDOL_MINNIE_Cl3_864.txt	3	0,0049	4	0,40662	1	0,40662
865	IDOL_MINNIE_Cl3_865.txt	19	0,00607	4	0,43389	15	6,50838
866	IDOL_MINNIE_Cl3_866.txt	11	0,00406	4	0,48907	7	3,42346
867	IDOL_MINNIE_Cl3_867.txt	21	0,00527	4	0,5706	17	9,70018
868	IDOL_MINNIE_Cl3_868.txt	4	0,00344	4	0,65059	0	0
869	IDOL_MINNIE_Cl3_869.txt	21	0,00414	4	0,7396	17	12,57322
870	IDOL_MINNIE_Cl3_870.txt	4	0,00411	4	0,9155	0	0
871	IDOL_MINNIE_Cl3_871.txt	27	0,00288	4	1,01123	23	23,25823
872	IDOL_MINNIE_Cl3_872.txt	27	0,00437	4	1,12871	23	25,96026
873	IDOL_MINNIE_Cl3_873.txt	11	0,00672	27	1,1636	16	18,6176
874	IDOL_MINNIE_Cl3_874.txt	18	0,00581	27	1,1636	9	10,4724
875	IDOL_MINNIE_Cl3_875.txt	11	0,00519	27	1,05601	16	16,89624
876	IDOL_MINNIE_Cl3_876.txt	11	0,00432	27	0,95381	16	15,26101
877	IDOL_MINNIE_Cl3_877.txt	27	0,0066	27	0,83152	0	0
878	IDOL_MINNIE_Cl3_878.txt	11	0,0025	27	0,73105	16	11,69673
879	IDOL_MINNIE_Cl3_879.txt	27	0,0053	27	0,61967	0	0
880	IDOL_MINNIE_Cl3_880.txt	27	0,00487	27	0,51132	0	0
881	IDOL_MINNIE_Cl3_881.txt	18	0,00478	27	0,42205	9	3,79841
882	IDOL_MINNIE_Cl3_882.txt	11	0,00375	27	0,31388	16	5,02215
883	IDOL_MINNIE_Cl3_883.txt	27	0,0045	27	0,20772	0	0
884	IDOL_MINNIE_Cl3_884.txt	11	0,00342	27	0,08774	16	1,40389
885	IDOL_MINNIE_Cl3_885.txt	11	0,00276	27	0,06192	16	0,99077
886	IDOL_MINNIE_Cl3_886.txt	27	0,00344	27	0,14097	0	0
887	IDOL_MINNIE_Cl3_887.txt	11	0,00412	27	0,24324	16	3,89176
888	IDOL_MINNIE_Cl3_888.txt	11	0,00158	27	0,35409	16	5,66537
889	IDOL_MINNIE_Cl3_889.txt	27	0,00293	27	0,4597	0	0
890	IDOL_MINNIE_Cl3_890.txt	27	0,00383	27	0,4597	0	0
891	IDOL_MINNIE_Cl3_891.txt	11	0,0026	27	0,57497	16	9,19944
892	IDOL_MINNIE_Cl3_892.txt	27	0,00406	27	0,68402	0	0
893	IDOL_MINNIE_Cl3_893.txt	27	0,00456	27	0,79315	0	0
894	IDOL_MINNIE_Cl3_894.txt	11	0,00468	27	0,89736	16	14,35775
