#	ImageName	Similar Node	Distance	Near Node	Distance	Transitions	Evaluation
1	IDOL_MINNIE_Su1_1.txt	27	0,00668	3	0,36987	24	8,87686
2	IDOL_MINNIE_Su1_2.txt	27	0,00437	3	0,31223	24	7,49356
3	IDOL_MINNIE_Su1_3.txt	27	0,00469	3	0,25157	24	6,0378
4	IDOL_MINNIE_Su1_4.txt	4	0,0062	3	0,21373	1	0,21373
5	IDOL_MINNIE_Su1_5.txt	27	0,00508	3	0,22111	24	5,30653
6	IDOL_MINNIE_Su1_6.txt	27	0,00648	3	0,28039	24	6,72934
7	IDOL_MINNIE_Su1_7.txt	27	0,00393	3	0,36278	24	8,70667
8	IDOL_MINNIE_Su1_8.txt	27	0,0039	3	0,45155	24	10,83725
9	IDOL_MINNIE_Su1_9.txt	27	0,00344	0	0,41253	27	11,13841
10	IDOL_MINNIE_Su1_10.txt	0	0,00559	0	0,30067	0	0
11	IDOL_MINNIE_Su1_11.txt	0	0,00498	0	0,19832	0	0
12	IDOL_MINNIE_Su1_12.txt	0	0,00459	0	0,09616	0	0
13	IDOL_MINNIE_Su1_13.txt	26	0,00577	0	0,03722	26	0,96764
14	IDOL_MINNIE_Su1_14.txt	0	0,00435	0	0,12302	0	0
15	IDOL_MINNIE_Su1_15.txt	0	0,00553	0	0,24745	0	0
16	IDOL_MINNIE_Su1_16.txt	0	0,00556	0	0,35148	0	0
17	IDOL_MINNIE_Su1_17.txt	0	0,0056	0	0,46613	0	0
18	IDOL_MINNIE_Su1_18.txt	1	0,00607	0	0,57391	1	0,57391
19	IDOL_MINNIE_Su1_19.txt	26	0,00614	0	0,67115	26	17,44999
20	IDOL_MINNIE_Su1_20.txt	0	0,00431	0	0,67115	0	0
21	IDOL_MINNIE_Su1_21.txt	0	0,00472	0	0,8043	0	0
22	IDOL_MINNIE_Su1_22.txt	0	0,00478	0	0,90494	0	0
23	IDOL_MINNIE_Su1_23.txt	3	0,00535	0	1,03387	3	3,1016
24	IDOL_MINNIE_Su1_24.txt	1	0,00575	0	1,12412	1	1,12412
25	IDOL_MINNIE_Su1_25.txt	0	0,00497	0	1,27513	0	0
26	IDOL_MINNIE_Su1_26.txt	3	0,00559	1	1,2306	2	2,46119
27	IDOL_MINNIE_Su1_27.txt	0	0,00472	1	1,11558	1	1,11558
28	IDOL_MINNIE_Su1_28.txt	0	0,00571	1	1,01745	1	1,01745
29	IDOL_MINNIE_Su1_29.txt	3	0,00601	1	0,92357	2	1,84713
30	IDOL_MINNIE_Su1_30.txt	3	0,0079	1	0,79505	2	1,5901
31	IDOL_MINNIE_Su1_31.txt	1	0,0061	1	0,69679	0	0
32	IDOL_MINNIE_Su1_32.txt	3	0,00647	1	0,60485	2	1,20969
33	IDOL_MINNIE_Su1_33.txt	0	0,00651	1	0,46279	1	0,46279
34	IDOL_MINNIE_Su1_34.txt	18	0,00419	1	0,35953	17	6,11201
35	IDOL_MINNIE_Su1_35.txt	0	0,00549	1	0,24888	1	0,24888
36	IDOL_MINNIE_Su1_36.txt	0	0,0058	1	0,12969	1	0,12969
37	IDOL_MINNIE_Su1_37.txt	0	0,00539	1	0,0333	1	0,0333
38	IDOL_MINNIE_Su1_38.txt	0	0,00612	1	0,09161	1	0,09161
39	IDOL_MINNIE_Su1_39.txt	0	0,00548	1	0,19893	1	0,19893
40	IDOL_MINNIE_Su1_40.txt	3	0,0053	1	0,30971	2	0,61943
41	IDOL_MINNIE_Su1_41.txt	1	0,00531	1	0,42412	0	0
42	IDOL_MINNIE_Su1_42.txt	3	0,00589	1	0,51869	2	1,03737
43	IDOL_MINNIE_Su1_43.txt	22	0,00715	1	0,62296	21	13,08214
44	IDOL_MINNIE_Su1_44.txt	9	0,00598	1	0,70947	8	5,67579
45	IDOL_MINNIE_Su1_45.txt	9	0,00581	1	0,81349	8	6,50794
46	IDOL_MINNIE_Su1_46.txt	9	0,00502	1	0,81349	8	6,50794
47	IDOL_MINNIE_Su1_47.txt	9	0,00469	1	0,90359	8	7,22868
48	IDOL_MINNIE_Su1_48.txt	7	0,00502	1	0,9951	6	5,97057
49	IDOL_MINNIE_Su1_49.txt	7	0,00475	1	1,05548	6	6,3329
50	IDOL_MINNIE_Su1_50.txt	19	0,00717	1	1,13647	18	20,45648
51	IDOL_MINNIE_Su1_51.txt	19	0,00618	1	1,16667	18	20,99999
52	IDOL_MINNIE_Su1_52.txt	9	0,00502	1	1,19267	8	9,54137
53	IDOL_MINNIE_Su1_53.txt	3	0,005	1	1,20901	2	2,41802
54	IDOL_MINNIE_Su1_54.txt	2	0,00377	1	1,21147	1	1,21147
55	IDOL_MINNIE_Su1_55.txt	2	0,00299	1	1,23568	1	1,23568
56	IDOL_MINNIE_Su1_56.txt	2	0,00328	1	1,25674	1	1,25674
57	IDOL_MINNIE_Su1_57.txt	2	0,00558	1	1,28472	1	1,28472
58	IDOL_MINNIE_Su1_58.txt	2	0,00573	1	1,30949	1	1,30949
59	IDOL_MINNIE_Su1_59.txt	2	0,00481	2	1,26919	0	0
60	IDOL_MINNIE_Su1_60.txt	2	0,00597	2	1,21125	0	0
61	IDOL_MINNIE_Su1_61.txt	2	0,00282	2	1,05293	0	0
62	IDOL_MINNIE_Su1_62.txt	2	0,00529	2	0,96745	0	0
63	IDOL_MINNIE_Su1_63.txt	2	0,01139	2	0,91698	0	0
64	IDOL_MINNIE_Su1_64.txt	23	0,00432	2	0,84211	21	17,68438
65	IDOL_MINNIE_Su1_65.txt	2	0,00381	2	0,75001	0	0
66	IDOL_MINNIE_Su1_66.txt	2	0,00658	2	0,62558	0	0
67	IDOL_MINNIE_Su1_67.txt	22	0,00405	2	0,49165	20	9,83308
68	IDOL_MINNIE_Su1_68.txt	3	0,0067	2	0,45692	1	0,45692
69	IDOL_MINNIE_Su1_69.txt	2	0,00462	2	0,3628	0	0
70	IDOL_MINNIE_Su1_70.txt	2	0,00808	2	0,24481	0	0
71	IDOL_MINNIE_Su1_71.txt	2	0,00477	2	0,1066	0	0
72	IDOL_MINNIE_Su1_72.txt	2	0,00477	2	0,1066	0	0
73	IDOL_MINNIE_Su1_73.txt	2	0,00426	2	0,05724	0	0
74	IDOL_MINNIE_Su1_74.txt	3	0,01341	2	0,10253	1	0,10253
75	IDOL_MINNIE_Su1_75.txt	26	0,01028	2	0,31038	24	7,44915
76	IDOL_MINNIE_Su1_76.txt	2	0,01194	2	0,31038	0	0
77	IDOL_MINNIE_Su1_77.txt	2	0,00495	2	0,40302	0	0
78	IDOL_MINNIE_Su1_78.txt	13	0,00631	2	0,49605	11	5,45655
79	IDOL_MINNIE_Su1_79.txt	2	0,00463	2	0,60404	0	0
80	IDOL_MINNIE_Su1_80.txt	2	0,0064	2	0,74346	0	0
81	IDOL_MINNIE_Su1_81.txt	2	0,01024	2	0,82915	0	0
82	IDOL_MINNIE_Su1_82.txt	2	0,01105	2	0,98179	0	0
83	IDOL_MINNIE_Su1_83.txt	2	0,00927	2	1,07604	0	0
84	IDOL_MINNIE_Su1_84.txt	2	0,0049	2	1,17383	0	0
85	IDOL_MINNIE_Su1_85.txt	2	0,00628	2	1,28444	0	0
86	IDOL_MINNIE_Su1_86.txt	2	0,0064	2	1,36893	0	0
87	IDOL_MINNIE_Su1_87.txt	2	0,00825	2	1,45668	0	0
88	IDOL_MINNIE_Su1_88.txt	2	0,00985	2	1,6267	0	0
89	IDOL_MINNIE_Su1_89.txt	2	0,01176	0	1,69176	2	3,38352
90	IDOL_MINNIE_Su1_90.txt	13	0,01197	0	1,6531	13	21,49035
91	IDOL_MINNIE_Su1_91.txt	23	0,0051	0	1,6178	23	37,20943
92	IDOL_MINNIE_Su1_92.txt	2	0,00679	0	1,55329	2	3,10659
93	IDOL_MINNIE_Su1_93.txt	2	0,00832	0	1,49744	2	2,99488
94	IDOL_MINNIE_Su1_94.txt	2	0,00988	0	1,44503	2	2,89005
95	IDOL_MINNIE_Su1_95.txt	2	0,00359	0	1,40496	2	2,80992
96	IDOL_MINNIE_Su1_96.txt	2	0,00627	0	1,36852	2	2,73703
97	IDOL_MINNIE_Su1_97.txt	3	0,00314	0	1,32788	3	3,98363
98	IDOL_MINNIE_Su1_98.txt	25	0,00612	0	1,28779	25	32,19465
99	IDOL_MINNIE_Su1_99.txt	25	0,00809	0	1,23434	25	30,85842
100	IDOL_MINNIE_Su1_100.txt	25	0,0088	0	1,16135	25	29,03387
101	IDOL_MINNIE_Su1_101.txt	17	0,00355	0	1,08245	17	18,40172
102	IDOL_MINNIE_Su1_102.txt	25	0,00225	0	1,08245	25	27,06135
103	IDOL_MINNIE_Su1_103.txt	25	0,0042	0	1,00018	25	25,00444
104	IDOL_MINNIE_Su1_104.txt	3	0,0051	0	0,90344	3	2,71033
105	IDOL_MINNIE_Su1_105.txt	0	0,00481	0	0,82583	0	0
106	IDOL_MINNIE_Su1_106.txt	25	0,00383	0	0,72849	25	18,21224
107	IDOL_MINNIE_Su1_107.txt	18	0,00292	0	0,64761	18	11,65704
108	IDOL_MINNIE_Su1_108.txt	26	0,00604	0	0,58638	26	15,2458
109	IDOL_MINNIE_Su1_109.txt	0	0,00508	0	0,4738	0	0
110	IDOL_MINNIE_Su1_110.txt	3	0,00483	0	0,44281	3	1,32842
111	IDOL_MINNIE_Su1_111.txt	7	0,00572	0	0,47334	7	3,31341
112	IDOL_MINNIE_Su1_112.txt	7	0,00565	3	0,44909	4	1,79636
113	IDOL_MINNIE_Su1_113.txt	7	0,00366	3	0,34547	4	1,38189
114	IDOL_MINNIE_Su1_114.txt	7	0,0049	3	0,24508	4	0,98033
115	IDOL_MINNIE_Su1_115.txt	3	0,00522	3	0,11273	0	0
116	IDOL_MINNIE_Su1_116.txt	3	0,00551	3	0,04511	0	0
117	IDOL_MINNIE_Su1_117.txt	3	0,00587	3	0,06708	0	0
118	IDOL_MINNIE_Su1_118.txt	9	0,00476	3	0,21488	6	1,2893
119	IDOL_MINNIE_Su1_119.txt	3	0,00312	3	0,33516	0	0
120	IDOL_MINNIE_Su1_120.txt	20	0,00405	3	0,39749	17	6,75733
121	IDOL_MINNIE_Su1_121.txt	21	0,00393	3	0,51565	18	9,28172
122	IDOL_MINNIE_Su1_122.txt	4	0,00247	3	0,59594	1	0,59594
123	IDOL_MINNIE_Su1_123.txt	4	0,00309	3	0,71067	1	0,71067
124	IDOL_MINNIE_Su1_124.txt	4	0,00366	3	0,79955	1	0,79955
125	IDOL_MINNIE_Su1_125.txt	4	0,00267	3	0,88522	1	0,88522
126	IDOL_MINNIE_Su1_126.txt	10	0,00107	3	1,04352	7	7,30462
127	IDOL_MINNIE_Su1_127.txt	10	0,00146	3	1,1556	7	8,08919
128	IDOL_MINNIE_Su1_128.txt	10	0,00166	3	1,23377	7	8,63641
129	IDOL_MINNIE_Su1_129.txt	10	0,00251	27	1,13942	17	19,37013
130	IDOL_MINNIE_Su1_130.txt	10	0,00141	27	1,0435	17	17,73945
131	IDOL_MINNIE_Su1_131.txt	10	0,00307	27	1,0435	17	17,73945
132	IDOL_MINNIE_Su1_132.txt	10	0,00179	27	0,94565	17	16,07597
133	IDOL_MINNIE_Su1_133.txt	10	0,00131	27	0,85183	17	14,48105
134	IDOL_MINNIE_Su1_134.txt	10	0,00111	27	0,73714	17	12,53141
135	IDOL_MINNIE_Su1_135.txt	12	0,0021	27	0,65147	15	9,77203
136	IDOL_MINNIE_Su1_136.txt	12	0,00265	27	0,5468	15	8,20201
137	IDOL_MINNIE_Su1_137.txt	12	0,00189	27	0,4407	15	6,61045
138	IDOL_MINNIE_Su1_138.txt	12	0,00432	27	0,38664	15	5,79956
139	IDOL_MINNIE_Su1_139.txt	12	0,00413	27	0,33786	15	5,06786
140	IDOL_MINNIE_Su1_140.txt	12	0,00359	27	0,31594	15	4,73912
141	IDOL_MINNIE_Su1_141.txt	4	0,00454	27	0,32401	23	7,45223
142	IDOL_MINNIE_Su1_142.txt	12	0,00305	27	0,35676	15	5,35135
143	IDOL_MINNIE_Su1_143.txt	4	0,00383	27	0,41638	23	9,57685
144	IDOL_MINNIE_Su1_144.txt	10	0,00161	27	0,48155	17	8,1864
145	IDOL_MINNIE_Su1_145.txt	4	0,00476	27	0,54995	23	12,64885
146	IDOL_MINNIE_Su1_146.txt	12	0,00278	27	0,63581	15	9,53717
147	IDOL_MINNIE_Su1_147.txt	4	0,00405	27	0,72835	23	16,75216
148	IDOL_MINNIE_Su1_148.txt	12	0,00434	27	0,80814	15	12,12217
149	IDOL_MINNIE_Su1_149.txt	4	0,00289	27	0,90994	23	20,92868
150	IDOL_MINNIE_Su1_150.txt	12	0,0046	27	0,99807	15	14,9711
151	IDOL_MINNIE_Su1_151.txt	4	0,0061	27	1,09232	23	25,1234
152	IDOL_MINNIE_Su1_152.txt	12	0,00356	4	1,16662	8	9,33297
153	IDOL_MINNIE_Su1_153.txt	12	0,00417	4	1,07389	8	8,59108
154	IDOL_MINNIE_Su1_154.txt	10	0,00265	4	0,9843	6	5,9058
155	IDOL_MINNIE_Su1_155.txt	12	0,00391	4	0,88184	8	7,05475
156	IDOL_MINNIE_Su1_156.txt	12	0,00323	4	0,77838	8	6,22708
157	IDOL_MINNIE_Su1_157.txt	10	0,00338	4	0,68706	6	4,12235
158	IDOL_MINNIE_Su1_158.txt	10	0,00474	4	0,56872	6	3,41233
159	IDOL_MINNIE_Su1_159.txt	12	0,00328	4	0,27636	8	2,21088
160	IDOL_MINNIE_Su1_160.txt	20	0,00465	4	0,16664	16	2,66622
161	IDOL_MINNIE_Su1_161.txt	4	0,00625	4	0,16664	0	0
162	IDOL_MINNIE_Su1_162.txt	20	0,00631	4	0,10964	16	1,75417
163	IDOL_MINNIE_Su1_163.txt	20	0,00577	4	0,12653	16	2,02442
164	IDOL_MINNIE_Su1_164.txt	22	0,00478	4	0,18101	18	3,25814
165	IDOL_MINNIE_Su1_165.txt	9	0,00457	4	0,2765	5	1,3825
166	IDOL_MINNIE_Su1_166.txt	19	0,00458	4	0,34974	15	5,24603
167	IDOL_MINNIE_Su1_167.txt	19	0,00448	4	0,46374	15	6,95615
168	IDOL_MINNIE_Su1_168.txt	19	0,01272	4	0,55389	15	8,30829
169	IDOL_MINNIE_Su1_169.txt	19	0,00452	4	0,66312	15	9,94686
170	IDOL_MINNIE_Su1_170.txt	3	0,00466	4	0,79459	1	0,79459
171	IDOL_MINNIE_Su1_171.txt	20	0,00207	4	0,88539	16	14,16631
172	IDOL_MINNIE_Su1_172.txt	21	0,00414	4	0,97278	17	16,53729
173	IDOL_MINNIE_Su1_173.txt	4	0,00398	4	1,0887	0	0
174	IDOL_MINNIE_Su1_174.txt	12	0,00276	4	1,19471	8	9,55769
175	IDOL_MINNIE_Su1_175.txt	4	0,00518	4	1,28789	0	0
176	IDOL_MINNIE_Su1_176.txt	4	0,00476	4	1,38065	0	0
177	IDOL_MINNIE_Su1_177.txt	4	0,00244	4	1,47026	0	0
178	IDOL_MINNIE_Su1_178.txt	4	0,00347	4	1,56738	0	0
179	IDOL_MINNIE_Su1_179.txt	11	0,00477	4	1,66868	7	11,68079
180	IDOL_MINNIE_Su1_180.txt	4	0,00408	9	1,52618	5	7,63089
181	IDOL_MINNIE_Su1_181.txt	4	0,00428	9	1,41937	5	7,09687
182	IDOL_MINNIE_Su1_182.txt	12	0,00439	9	1,32555	3	3,97664
183	IDOL_MINNIE_Su1_183.txt	12	0,00243	9	1,23396	3	3,70188
184	IDOL_MINNIE_Su1_184.txt	12	0,00389	9	1,14722	3	3,44166
185	IDOL_MINNIE_Su1_185.txt	12	0,00259	9	1,0571	3	3,17129
186	IDOL_MINNIE_Su1_186.txt	10	0,00156	9	0,96552	1	0,96552
187	IDOL_MINNIE_Su1_187.txt	4	0,00328	9	0,86534	5	4,32668
188	IDOL_MINNIE_Su1_188.txt	21	0,00445	9	0,76426	12	9,17108
189	IDOL_MINNIE_Su1_189.txt	3	0,00455	9	0,67179	6	4,03077
190	IDOL_MINNIE_Su1_190.txt	3	0,00359	9	0,58403	6	3,50419
191	IDOL_MINNIE_Su1_191.txt	9	0,00788	9	0,51906	0	0
192	IDOL_MINNIE_Su1_192.txt	3	0,00556	9	0,38744	6	2,32465
193	IDOL_MINNIE_Su1_193.txt	3	0,00807	9	0,29978	6	1,79866
194	IDOL_MINNIE_Su1_194.txt	9	0,00497	9	0,18483	0	0
195	IDOL_MINNIE_Su1_195.txt	2	0,00366	9	0,18483	7	1,29378
196	IDOL_MINNIE_Su1_196.txt	13	0,00469	9	0,08305	4	0,33219
197	IDOL_MINNIE_Su1_197.txt	8	0,00448	9	0,06497	1	0,06497
198	IDOL_MINNIE_Su1_198.txt	8	0,00728	9	0,16375	1	0,16375
199	IDOL_MINNIE_Su1_199.txt	14	0,00466	9	0,26958	5	1,34788
200	IDOL_MINNIE_Su1_200.txt	5	0,00313	9	0,42669	4	1,70676
201	IDOL_MINNIE_Su1_201.txt	5	0,00329	9	0,48579	4	1,94317
202	IDOL_MINNIE_Su1_202.txt	14	0,0043	5	0,44356	9	3,99205
203	IDOL_MINNIE_Su1_203.txt	5	0,00365	5	0,3667	0	0
204	IDOL_MINNIE_Su1_204.txt	14	0,00447	5	0,25957	9	2,33612
205	IDOL_MINNIE_Su1_205.txt	5	0,005	5	0,16852	0	0
206	IDOL_MINNIE_Su1_206.txt	5	0,00699	5	0,12821	0	0
207	IDOL_MINNIE_Su1_207.txt	5	0,00556	5	0,13602	0	0
208	IDOL_MINNIE_Su1_208.txt	5	0,00289	5	0,19175	0	0
209	IDOL_MINNIE_Su1_209.txt	13	0,00746	5	0,29295	8	2,3436
210	IDOL_MINNIE_Su1_210.txt	23	0,00806	5	0,39169	18	7,0505
211	IDOL_MINNIE_Su1_211.txt	23	0,00989	5	0,49281	18	8,87061
212	IDOL_MINNIE_Su1_212.txt	23	0,00815	5	0,61305	18	11,03489
213	IDOL_MINNIE_Su1_213.txt	2	0,0089	5	0,72352	3	2,17057
214	IDOL_MINNIE_Su1_214.txt	2	0,00925	5	0,83455	3	2,50366
215	IDOL_MINNIE_Su1_215.txt	2	0,00846	5	0,94395	3	2,83184
216	IDOL_MINNIE_Su1_216.txt	2	0,00796	5	0,96867	3	2,906
217	IDOL_MINNIE_Su1_217.txt	2	0,00754	6	1,06684	4	4,26736
218	IDOL_MINNIE_Su1_218.txt	23	0,00379	6	0,98305	17	16,71183
219	IDOL_MINNIE_Su1_219.txt	14	0,00488	6	0,89173	8	7,13385
220	IDOL_MINNIE_Su1_220.txt	5	0,00472	6	0,80066	1	0,80066
221	IDOL_MINNIE_Su1_221.txt	5	0,00624	6	0,75678	1	0,75678
222	IDOL_MINNIE_Su1_222.txt	14	0,00787	6	0,61452	8	4,9162
223	IDOL_MINNIE_Su1_223.txt	6	0,00943	6	0,5139	0	0
224	IDOL_MINNIE_Su1_224.txt	6	0,01011	6	0,41982	0	0
225	IDOL_MINNIE_Su1_225.txt	6	0,00983	6	0,33555	0	0
226	IDOL_MINNIE_Su1_226.txt	14	0,00597	6	0,23794	8	1,90355
227	IDOL_MINNIE_Su1_227.txt	6	0,0069	6	0,15022	0	0
228	IDOL_MINNIE_Su1_228.txt	6	0,00451	6	0,09543	0	0
229	IDOL_MINNIE_Su1_229.txt	6	0,00432	6	0,09543	0	0
230	IDOL_MINNIE_Su1_230.txt	6	0,00397	6	0,12992	0	0
231	IDOL_MINNIE_Su1_231.txt	6	0,00411	6	0,21526	0	0
232	IDOL_MINNIE_Su1_232.txt	6	0,00565	6	0,28746	0	0
233	IDOL_MINNIE_Su1_233.txt	6	0,00393	6	0,36529	0	0
234	IDOL_MINNIE_Su1_234.txt	7	0,00426	8	0,4721	1	0,4721
235	IDOL_MINNIE_Su1_235.txt	7	0,0028	8	0,36832	1	0,36832
236	IDOL_MINNIE_Su1_236.txt	7	0,00282	8	0,26324	1	0,26324
237	IDOL_MINNIE_Su1_237.txt	7	0,00269	8	0,16475	1	0,16475
238	IDOL_MINNIE_Su1_238.txt	7	0,00285	8	0,08211	1	0,08211
239	IDOL_MINNIE_Su1_239.txt	7	0,00398	8	0,08711	1	0,08711
240	IDOL_MINNIE_Su1_240.txt	7	0,00347	8	0,19378	1	0,19378
241	IDOL_MINNIE_Su1_241.txt	7	0,00311	8	0,28797	1	0,28797
242	IDOL_MINNIE_Su1_242.txt	7	0,00483	8	0,394	1	0,394
243	IDOL_MINNIE_Su1_243.txt	7	0,00307	7	0,44252	0	0
244	IDOL_MINNIE_Su1_244.txt	7	0,00527	7	0,36626	0	0
245	IDOL_MINNIE_Su1_245.txt	7	0,00394	7	0,26918	0	0
246	IDOL_MINNIE_Su1_246.txt	7	0,00352	7	0,16715	0	0
247	IDOL_MINNIE_Su1_247.txt	7	0,00241	7	0,09513	0	0
248	IDOL_MINNIE_Su1_248.txt	9	0,00376	7	0,11288	2	0,22577
249	IDOL_MINNIE_Su1_249.txt	22	0,00455	7	0,16748	15	2,51216
250	IDOL_MINNIE_Su1_250.txt	19	0,00613	7	0,22062	12	2,6475
251	IDOL_MINNIE_Su1_251.txt	8	0,00518	7	0,25843	1	0,25843
252	IDOL_MINNIE_Su1_252.txt	6	0,00482	7	0,2964	1	0,2964
253	IDOL_MINNIE_Su1_253.txt	6	0,00676	7	0,31798	1	0,31798
254	IDOL_MINNIE_Su1_254.txt	6	0,00628	7	0,34115	1	0,34115
255	IDOL_MINNIE_Su1_255.txt	6	0,00342	7	0,34078	1	0,34078
256	IDOL_MINNIE_Su1_256.txt	23	0,00425	7	0,34532	16	5,52516
257	IDOL_MINNIE_Su1_257.txt	22	0,00496	7	0,34509	15	5,17638
258	IDOL_MINNIE_Su1_258.txt	22	0,00592	7	0,34509	15	5,17638
259	IDOL_MINNIE_Su1_259.txt	22	0,00617	7	0,34054	15	5,10807
260	IDOL_MINNIE_Su1_260.txt	8	0,0073	7	0,34044	1	0,34044
261	IDOL_MINNIE_Su1_261.txt	22	0,00466	7	0,3331	15	4,99653
262	IDOL_MINNIE_Su1_262.txt	6	0,00447	7	0,33066	1	0,33066
263	IDOL_MINNIE_Su1_263.txt	6	0,00649	7	0,3287	1	0,3287
264	IDOL_MINNIE_Su1_264.txt	6	0,00784	7	0,32317	1	0,32317
265	IDOL_MINNIE_Su1_265.txt	6	0,00914	7	0,32173	1	0,32173
266	IDOL_MINNIE_Su1_266.txt	6	0,0094	7	0,31851	1	0,31851
267	IDOL_MINNIE_Su1_267.txt	6	0,01229	7	0,31781	1	0,31781
268	IDOL_MINNIE_Su1_268.txt	6	0,00779	7	0,31482	1	0,31482
269	IDOL_MINNIE_Su1_269.txt	6	0,00374	7	0,30836	1	0,30836
270	IDOL_MINNIE_Su1_270.txt	16	0,00375	7	0,29687	9	2,67187
271	IDOL_MINNIE_Su1_271.txt	23	0,00373	7	0,2871	16	4,59367
272	IDOL_MINNIE_Su1_272.txt	23	0,0043	7	0,27743	16	4,43893
273	IDOL_MINNIE_Su1_273.txt	7	0,00607	7	0,26307	0	0
274	IDOL_MINNIE_Su1_274.txt	7	0,00789	7	0,2547	0	0
275	IDOL_MINNIE_Su1_275.txt	7	0,00619	7	0,25498	0	0
276	IDOL_MINNIE_Su1_276.txt	3	0,00785	7	0,23613	4	0,94453
277	IDOL_MINNIE_Su1_277.txt	8	0,00559	7	0,25994	1	0,25994
278	IDOL_MINNIE_Su1_278.txt	8	0,00401	7	0,31989	1	0,31989
279	IDOL_MINNIE_Su1_279.txt	8	0,00449	7	0,37658	1	0,37658
280	IDOL_MINNIE_Su1_280.txt	8	0,00386	7	0,45901	1	0,45901
281	IDOL_MINNIE_Su1_281.txt	14	0,00562	8	0,38403	6	2,3042
282	IDOL_MINNIE_Su1_282.txt	14	0,00665	8	0,28036	6	1,68216
283	IDOL_MINNIE_Su1_283.txt	8	0,00453	8	0,18554	0	0
284	IDOL_MINNIE_Su1_284.txt	2	0,00876	8	0,14446	6	0,86674
285	IDOL_MINNIE_Su1_285.txt	8	0,00424	8	0,16987	0	0
286	IDOL_MINNIE_Su1_286.txt	13	0,00495	8	0,16987	5	0,84935
287	IDOL_MINNIE_Su1_287.txt	3	0,00662	8	0,33725	5	1,68627
288	IDOL_MINNIE_Su1_288.txt	2	0,00457	8	0,33725	6	2,02352
289	IDOL_MINNIE_Su1_289.txt	3	0,0063	6	0,43403	3	1,30208
290	IDOL_MINNIE_Su1_290.txt	3	0,00805	6	0,32705	3	0,98116
291	IDOL_MINNIE_Su1_291.txt	26	0,00521	6	0,22627	20	4,52545
292	IDOL_MINNIE_Su1_292.txt	26	0,00706	6	0,12178	20	2,43564
293	IDOL_MINNIE_Su1_293.txt	19	0,00537	6	0,08286	13	1,07715
294	IDOL_MINNIE_Su1_294.txt	19	0,00462	6	0,16684	13	2,16891
295	IDOL_MINNIE_Su1_295.txt	3	0,00743	6	0,16684	3	0,50052
296	IDOL_MINNIE_Su1_296.txt	3	0,00807	6	0,26804	3	0,80412
297	IDOL_MINNIE_Su1_297.txt	9	0,0041	6	0,36703	3	1,10108
298	IDOL_MINNIE_Su1_298.txt	9	0,00403	6	0,48187	3	1,44562
299	IDOL_MINNIE_Su1_299.txt	9	0,0044	6	0,59926	3	1,79778
300	IDOL_MINNIE_Su1_300.txt	9	0,00495	6	0,71113	3	2,1334
301	IDOL_MINNIE_Su1_301.txt	9	0,00599	6	0,81609	3	2,44828
302	IDOL_MINNIE_Su1_302.txt	9	0,00527	6	0,943	3	2,829
303	IDOL_MINNIE_Su1_303.txt	9	0,00442	6	0,9998	3	2,99939
304	IDOL_MINNIE_Su1_304.txt	9	0,00501	5	0,98442	4	3,9377
305	IDOL_MINNIE_Su1_305.txt	9	0,00454	5	0,88656	4	3,54623
306	IDOL_MINNIE_Su1_306.txt	3	0,00451	5	0,77659	2	1,55318
307	IDOL_MINNIE_Su1_307.txt	7	0,00599	5	0,65978	2	1,31956
308	IDOL_MINNIE_Su1_308.txt	9	0,00345	5	0,55332	4	2,21328
309	IDOL_MINNIE_Su1_309.txt	9	0,00383	5	0,44635	4	1,78538
310	IDOL_MINNIE_Su1_310.txt	9	0,00484	5	0,3585	4	1,43399
311	IDOL_MINNIE_Su1_311.txt	9	0,00712	5	0,24749	4	0,98995
312	IDOL_MINNIE_Su1_312.txt	9	0,00692	5	0,17834	4	0,71336
313	IDOL_MINNIE_Su1_313.txt	9	0,00728	5	0,12234	4	0,48935
314	IDOL_MINNIE_Su1_314.txt	9	0,00638	5	0,1466	4	0,5864
315	IDOL_MINNIE_Su1_315.txt	9	0,0057	5	0,2131	4	0,8524
316	IDOL_MINNIE_Su1_316.txt	9	0,00718	5	0,2973	4	1,18921
317	IDOL_MINNIE_Su1_317.txt	9	0,006	5	0,3959	4	1,58361
318	IDOL_MINNIE_Su1_318.txt	9	0,00558	5	0,47247	4	1,88986
319	IDOL_MINNIE_Su1_319.txt	9	0,00606	9	0,41161	0	0
320	IDOL_MINNIE_Su1_320.txt	9	0,00521	9	0,31202	0	0
321	IDOL_MINNIE_Su1_321.txt	9	0,00527	9	0,20737	0	0
322	IDOL_MINNIE_Su1_322.txt	9	0,0055	9	0,10081	0	0
323	IDOL_MINNIE_Su1_323.txt	9	0,00667	9	0,05653	0	0
324	IDOL_MINNIE_Su1_324.txt	9	0,00593	9	0,14988	0	0
325	IDOL_MINNIE_Su1_325.txt	9	0,00735	9	0,25474	0	0
326	IDOL_MINNIE_Su1_326.txt	9	0,0084	9	0,36578	0	0
327	IDOL_MINNIE_Su1_327.txt	9	0,00629	9	0,47264	0	0
328	IDOL_MINNIE_Su1_328.txt	9	0,00921	9	0,57953	0	0
329	IDOL_MINNIE_Su1_329.txt	9	0,00599	9	0,67321	0	0
330	IDOL_MINNIE_Su1_330.txt	9	0,00435	21	0,68918	12	8,27015
331	IDOL_MINNIE_Su1_331.txt	9	0,00574	21	0,64637	12	7,75644
332	IDOL_MINNIE_Su1_332.txt	9	0,006	21	0,61165	12	7,33983
333	IDOL_MINNIE_Su1_333.txt	9	0,00536	21	0,57084	12	6,85014
334	IDOL_MINNIE_Su1_334.txt	9	0,00757	21	0,57084	12	6,85014
335	IDOL_MINNIE_Su1_335.txt	9	0,00528	21	0,51783	12	6,21398
336	IDOL_MINNIE_Su1_336.txt	9	0,00662	21	0,479	12	5,74796
337	IDOL_MINNIE_Su1_337.txt	22	0,00481	21	0,41349	1	0,41349
338	IDOL_MINNIE_Su1_338.txt	9	0,0041	21	0,33707	12	4,04485
339	IDOL_MINNIE_Su1_339.txt	9	0,00853	10	0,28985	1	0,28985
340	IDOL_MINNIE_Su1_340.txt	9	0,00489	10	0,19318	1	0,19318
341	IDOL_MINNIE_Su1_341.txt	4	0,0048	10	0,08961	6	0,53766
342	IDOL_MINNIE_Su1_342.txt	10	0,00156	10	0,03925	0	0
343	IDOL_MINNIE_Su1_343.txt	10	0,00352	10	0,14959	0	0
344	IDOL_MINNIE_Su1_344.txt	10	0,00399	11	0,20937	1	0,20937
345	IDOL_MINNIE_Su1_345.txt	10	0,0046	11	0,10943	1	0,10943
346	IDOL_MINNIE_Su1_346.txt	10	0,00398	11	0,0998	1	0,0998
347	IDOL_MINNIE_Su1_347.txt	10	0,00481	11	0,16021	1	0,16021
348	IDOL_MINNIE_Su1_348.txt	10	0,00263	11	0,24308	1	0,24308
349	IDOL_MINNIE_Su1_349.txt	10	0,00269	11	0,33394	1	0,33394
350	IDOL_MINNIE_Su1_350.txt	10	0,00215	11	0,4235	1	0,4235
351	IDOL_MINNIE_Su1_351.txt	10	0,00253	11	0,57	1	0,57
352	IDOL_MINNIE_Su1_352.txt	12	0,00234	11	0,66585	1	0,66585
353	IDOL_MINNIE_Su1_353.txt	10	0,00288	11	0,83059	1	0,83059
354	IDOL_MINNIE_Su1_354.txt	10	0,00316	11	1,0224	1	1,0224
355	IDOL_MINNIE_Su1_355.txt	10	0,00186	11	1,13718	1	1,13718
356	IDOL_MINNIE_Su1_356.txt	10	0,0033	11	1,2397	1	1,2397
357	IDOL_MINNIE_Su1_357.txt	10	0,00246	12	1,20925	2	2,41849
358	IDOL_MINNIE_Su1_358.txt	10	0,00226	12	1,0879	2	2,1758
359	IDOL_MINNIE_Su1_359.txt	10	0,0032	12	0,98617	2	1,97233
360	IDOL_MINNIE_Su1_360.txt	10	0,00301	12	0,89192	2	1,78384
361	IDOL_MINNIE_Su1_361.txt	10	0,00211	12	0,779	2	1,558
362	IDOL_MINNIE_Su1_362.txt	10	0,00142	12	0,70507	2	1,41013
363	IDOL_MINNIE_Su1_363.txt	10	0,00187	12	0,5931	2	1,18619
364	IDOL_MINNIE_Su1_364.txt	10	0,0016	12	0,50548	2	1,01096
365	IDOL_MINNIE_Su1_365.txt	10	0,00125	12	0,40919	2	0,81838
366	IDOL_MINNIE_Su1_366.txt	12	0,00197	12	0,30226	0	0
367	IDOL_MINNIE_Su1_367.txt	10	0,00303	12	0,22373	2	0,44745
368	IDOL_MINNIE_Su1_368.txt	10	0,0023	12	0,18964	2	0,37928
369	IDOL_MINNIE_Su1_369.txt	12	0,00153	12	0,19034	0	0
370	IDOL_MINNIE_Su1_370.txt	12	0,00194	12	0,21426	0	0
371	IDOL_MINNIE_Su1_371.txt	12	0,00244	12	0,21426	0	0
372	IDOL_MINNIE_Su1_372.txt	10	0,0035	12	0,28719	2	0,57438
373	IDOL_MINNIE_Su1_373.txt	10	0,00181	12	0,3667	2	0,73339
374	IDOL_MINNIE_Su1_374.txt	12	0,00147	12	0,45743	0	0
375	IDOL_MINNIE_Su1_375.txt	12	0,00198	12	0,54334	0	0
376	IDOL_MINNIE_Su1_376.txt	12	0,00153	12	0,66615	0	0
377	IDOL_MINNIE_Su1_377.txt	12	0,00506	12	0,77189	0	0
378	IDOL_MINNIE_Su1_378.txt	12	0,00282	12	0,87668	0	0
379	IDOL_MINNIE_Su1_379.txt	4	0,00443	12	0,9784	8	7,82723
380	IDOL_MINNIE_Su1_380.txt	12	0,00287	12	1,09876	0	0
381	IDOL_MINNIE_Su1_381.txt	4	0,0037	12	1,19761	8	9,58089
382	IDOL_MINNIE_Su1_382.txt	21	0,00342	12	1,33238	9	11,9914
383	IDOL_MINNIE_Su1_383.txt	4	0,00416	19	1,36403	15	20,46045
384	IDOL_MINNIE_Su1_384.txt	11	0,00255	19	1,25351	8	10,02807
385	IDOL_MINNIE_Su1_385.txt	21	0,00372	19	1,15696	2	2,31392
386	IDOL_MINNIE_Su1_386.txt	4	0,00524	19	1,07408	15	16,11119
387	IDOL_MINNIE_Su1_387.txt	4	0,00355	19	1,0182	15	15,27298
388	IDOL_MINNIE_Su1_388.txt	12	0,00324	19	0,95365	7	6,67554
389	IDOL_MINNIE_Su1_389.txt	4	0,00531	19	0,84452	15	12,66775
390	IDOL_MINNIE_Su1_390.txt	21	0,00524	19	0,79367	2	1,58734
391	IDOL_MINNIE_Su1_391.txt	27	0,00748	19	0,75809	8	6,06472
392	IDOL_MINNIE_Su1_392.txt	25	0,00858	19	0,71675	6	4,30049
393	IDOL_MINNIE_Su1_393.txt	3	0,00714	19	0,69178	16	11,06843
394	IDOL_MINNIE_Su1_394.txt	26	0,00432	19	0,69805	7	4,88636
395	IDOL_MINNIE_Su1_395.txt	26	0,00382	19	0,69805	7	4,88636
396	IDOL_MINNIE_Su1_396.txt	3	0,00659	19	0,70484	16	11,27746
397	IDOL_MINNIE_Su1_397.txt	3	0,00349	13	0,72467	10	7,24673
398	IDOL_MINNIE_Su1_398.txt	22	0,00502	13	0,69582	9	6,26238
399	IDOL_MINNIE_Su1_399.txt	9	0,00537	13	0,65315	4	2,61261
400	IDOL_MINNIE_Su1_400.txt	2	0,00395	13	0,61292	11	6,74213
401	IDOL_MINNIE_Su1_401.txt	13	0,00416	13	0,58821	0	0
402	IDOL_MINNIE_Su1_402.txt	13	0,0057	13	0,57043	0	0
403	IDOL_MINNIE_Su1_403.txt	13	0,00879	13	0,55419	0	0
404	IDOL_MINNIE_Su1_404.txt	13	0,00705	13	0,53483	0	0
405	IDOL_MINNIE_Su1_405.txt	20	0,01023	13	0,4992	7	3,49443
406	IDOL_MINNIE_Su1_406.txt	20	0,01389	13	0,45347	7	3,17432
407	IDOL_MINNIE_Su1_407.txt	20	0,00873	13	0,41583	7	2,91079
408	IDOL_MINNIE_Su1_408.txt	20	0,01281	13	0,38781	7	2,71468
409	IDOL_MINNIE_Su1_409.txt	20	0,01111	13	0,3742	7	2,61943
410	IDOL_MINNIE_Su1_410.txt	13	0,00746	13	0,36795	0	0
411	IDOL_MINNIE_Su1_411.txt	13	0,00897	13	0,36761	0	0
412	IDOL_MINNIE_Su1_412.txt	13	0,00614	13	0,38082	0	0
413	IDOL_MINNIE_Su1_413.txt	23	0,00512	13	0,38228	10	3,82275
414	IDOL_MINNIE_Su1_414.txt	13	0,00634	13	0,39878	0	0
415	IDOL_MINNIE_Su1_415.txt	13	0,00938	13	0,44456	0	0
416	IDOL_MINNIE_Su1_416.txt	13	0,00565	13	0,50589	0	0
417	IDOL_MINNIE_Su1_417.txt	13	0,00399	18	0,43442	5	2,17212
418	IDOL_MINNIE_Su1_418.txt	8	0,00472	18	0,3445	10	3,44502
419	IDOL_MINNIE_Su1_419.txt	8	0,00499	18	0,24984	10	2,49843
420	IDOL_MINNIE_Su1_420.txt	16	0,00499	18	0,24984	2	0,49969
421	IDOL_MINNIE_Su1_421.txt	8	0,00544	18	0,08649	10	0,86489
422	IDOL_MINNIE_Su1_422.txt	23	0,0064	18	0,08548	5	0,42739
423	IDOL_MINNIE_Su1_423.txt	23	0,00521	18	0,16969	5	0,84843
424	IDOL_MINNIE_Su1_424.txt	14	0,00466	14	0,24808	0	0
425	IDOL_MINNIE_Su1_425.txt	14	0,0049	14	0,08979	0	0
426	IDOL_MINNIE_Su1_426.txt	16	0,00752	14	0,10106	2	0,20212
427	IDOL_MINNIE_Su1_427.txt	14	0,00471	14	0,17458	0	0
428	IDOL_MINNIE_Su1_428.txt	14	0,00481	14	0,28648	0	0
429	IDOL_MINNIE_Su1_429.txt	14	0,00412	14	0,3843	0	0
430	IDOL_MINNIE_Su1_430.txt	22	0,00495	14	0,5074	8	4,05917
431	IDOL_MINNIE_Su1_431.txt	13	0,00603	15	0,46922	2	0,93844
432	IDOL_MINNIE_Su1_432.txt	15	0,01096	15	0,3582	0	0
433	IDOL_MINNIE_Su1_433.txt	15	0,00341	15	0,2553	0	0
434	IDOL_MINNIE_Su1_434.txt	15	0,00418	15	0,16747	0	0
435	IDOL_MINNIE_Su1_435.txt	15	0,00454	15	0,08624	0	0
436	IDOL_MINNIE_Su1_436.txt	15	0,00381	15	0,10912	0	0
437	IDOL_MINNIE_Su1_437.txt	15	0,00434	15	0,21292	0	0
438	IDOL_MINNIE_Su1_438.txt	15	0,00306	15	0,32666	0	0
439	IDOL_MINNIE_Su1_439.txt	15	0,0025	15	0,44075	0	0
440	IDOL_MINNIE_Su1_440.txt	15	0,00594	17	0,38876	2	0,77752
441	IDOL_MINNIE_Su1_441.txt	15	0,00247	17	0,31695	2	0,6339
442	IDOL_MINNIE_Su1_442.txt	15	0,00532	17	0,31695	2	0,6339
443	IDOL_MINNIE_Su1_443.txt	22	0,0053	17	0,26345	5	1,31725
444	IDOL_MINNIE_Su1_444.txt	9	0,00536	17	0,23695	8	1,89556
445	IDOL_MINNIE_Su1_445.txt	9	0,00486	17	0,25399	8	2,03191
446	IDOL_MINNIE_Su1_446.txt	23	0,00437	17	0,28527	6	1,71159
447	IDOL_MINNIE_Su1_447.txt	6	0,00362	17	0,34637	11	3,81007
448	IDOL_MINNIE_Su1_448.txt	23	0,00432	17	0,41256	6	2,47534
449	IDOL_MINNIE_Su1_449.txt	23	0,00616	16	0,39797	7	2,78576
450	IDOL_MINNIE_Su1_450.txt	23	0,00653	16	0,35317	7	2,47219
451	IDOL_MINNIE_Su1_451.txt	23	0,00351	16	0,33243	7	2,32701
452	IDOL_MINNIE_Su1_452.txt	16	0,00399	16	0,31199	0	0
453	IDOL_MINNIE_Su1_453.txt	23	0,00807	16	0,30639	7	2,14476
454	IDOL_MINNIE_Su1_454.txt	23	0,00494	16	0,30017	7	2,10117
455	IDOL_MINNIE_Su1_455.txt	23	0,00435	16	0,29286	7	2,05
456	IDOL_MINNIE_Su1_456.txt	6	0,00427	16	0,2822	10	2,82196
457	IDOL_MINNIE_Su1_457.txt	6	0,00511	16	0,26768	10	2,67683
458	IDOL_MINNIE_Su1_458.txt	8	0,00483	16	0,24633	8	1,97064
459	IDOL_MINNIE_Su1_459.txt	16	0,00505	16	0,22831	0	0
460	IDOL_MINNIE_Su1_460.txt	6	0,00731	16	0,20803	10	2,08033
461	IDOL_MINNIE_Su1_461.txt	6	0,01118	16	0,20803	10	2,08033
462	IDOL_MINNIE_Su1_462.txt	6	0,01305	16	0,18864	10	1,88636
463	IDOL_MINNIE_Su1_463.txt	6	0,01369	16	0,16925	10	1,69247
464	IDOL_MINNIE_Su1_464.txt	6	0,01677	16	0,15003	10	1,50032
465	IDOL_MINNIE_Su1_465.txt	6	0,01016	16	0,12994	10	1,29941
466	IDOL_MINNIE_Su1_466.txt	16	0,01203	16	0,11455	0	0
467	IDOL_MINNIE_Su1_467.txt	23	0,00907	16	0,10045	7	0,70313
468	IDOL_MINNIE_Su1_468.txt	23	0,0065	16	0,08931	7	0,62516
469	IDOL_MINNIE_Su1_469.txt	8	0,00588	16	0,08511	8	0,68089
470	IDOL_MINNIE_Su1_470.txt	8	0,00464	16	0,11521	8	0,92168
471	IDOL_MINNIE_Su1_471.txt	14	0,00477	16	0,13203	2	0,26407
472	IDOL_MINNIE_Su1_472.txt	14	0,00493	16	0,14822	2	0,29643
473	IDOL_MINNIE_Su1_473.txt	14	0,0069	16	0,16505	2	0,3301
474	IDOL_MINNIE_Su1_474.txt	2	0,00618	16	0,17867	14	2,50138
475	IDOL_MINNIE_Su1_475.txt	2	0,00481	16	0,21924	14	3,06943
476	IDOL_MINNIE_Su1_476.txt	26	0,00444	16	0,24891	10	2,48913
477	IDOL_MINNIE_Su1_477.txt	11	0,00606	16	0,31324	5	1,56622
478	IDOL_MINNIE_Su1_478.txt	11	0,00605	16	0,31324	5	1,56622
479	IDOL_MINNIE_Su1_479.txt	11	0,00436	17	0,33962	6	2,03774
480	IDOL_MINNIE_Su1_480.txt	20	0,00833	17	0,27685	3	0,83055
481	IDOL_MINNIE_Su1_481.txt	23	0,00843	17	0,23955	6	1,43729
482	IDOL_MINNIE_Su1_482.txt	23	0,01242	17	0,22207	6	1,33244
483	IDOL_MINNIE_Su1_483.txt	23	0,01179	17	0,22207	6	1,33244
484	IDOL_MINNIE_Su1_484.txt	23	0,00893	17	0,23775	6	1,42649
485	IDOL_MINNIE_Su1_485.txt	22	0,00794	17	0,3555	5	1,77752
486	IDOL_MINNIE_Su1_486.txt	20	0,00808	17	0,3555	3	1,06651
487	IDOL_MINNIE_Su1_487.txt	4	0,00588	17	0,51287	13	6,66732
488	IDOL_MINNIE_Su1_488.txt	11	0,00466	15	0,4672	4	1,86878
489	IDOL_MINNIE_Su1_489.txt	20	0,00616	15	0,39135	5	1,95676
490	IDOL_MINNIE_Su1_490.txt	11	0,00696	15	0,33789	4	1,35155
491	IDOL_MINNIE_Su1_491.txt	20	0,00607	15	0,31546	5	1,57732
492	IDOL_MINNIE_Su1_492.txt	3	0,006	15	0,34115	12	4,09379
493	IDOL_MINNIE_Su1_493.txt	3	0,00575	15	0,39816	12	4,77791
494	IDOL_MINNIE_Su1_494.txt	3	0,00735	15	0,49312	12	5,91742
495	IDOL_MINNIE_Su1_495.txt	4	0,00598	15	0,58752	11	6,46269
496	IDOL_MINNIE_Su1_496.txt	27	0,00623	15	0,69514	12	8,34168
497	IDOL_MINNIE_Su1_497.txt	25	0,00632	14	0,67571	11	7,43278
498	IDOL_MINNIE_Su1_498.txt	25	0,00337	14	0,62697	11	6,89672
499	IDOL_MINNIE_Su1_499.txt	25	0,00279	18	0,53686	7	3,75803
500	IDOL_MINNIE_Su1_500.txt	25	0,00713	18	0,53686	7	3,75803
501	IDOL_MINNIE_Su1_501.txt	3	0,008	18	0,32977	15	4,94649
502	IDOL_MINNIE_Su1_502.txt	3	0,00588	18	0,32977	15	4,94649
503	IDOL_MINNIE_Su1_503.txt	0	0,00538	18	0,24863	18	4,47539
504	IDOL_MINNIE_Su1_504.txt	3	0,00477	18	0,21634	15	3,24517
505	IDOL_MINNIE_Su1_505.txt	25	0,00828	18	0,27507	7	1,92547
506	IDOL_MINNIE_Su1_506.txt	3	0,0086	18	0,37324	15	5,59856
507	IDOL_MINNIE_Su1_507.txt	27	0,00635	18	0,43454	9	3,91085
508	IDOL_MINNIE_Su1_508.txt	0	0,00824	18	0,53466	18	9,62388
509	IDOL_MINNIE_Su1_509.txt	25	0,00589	18	0,53466	7	3,74262
510	IDOL_MINNIE_Su1_510.txt	25	0,00258	13	0,46029	12	5,52351
511	IDOL_MINNIE_Su1_511.txt	3	0,00792	13	0,39328	10	3,93279
512	IDOL_MINNIE_Su1_512.txt	25	0,00567	13	0,35623	12	4,27476
513	IDOL_MINNIE_Su1_513.txt	25	0,0104	13	0,35005	12	4,20061
514	IDOL_MINNIE_Su1_514.txt	25	0,00925	13	0,3695	12	4,43404
515	IDOL_MINNIE_Su1_515.txt	25	0,003	13	0,40734	12	4,88804
516	IDOL_MINNIE_Su1_516.txt	25	0,00448	13	0,48381	12	5,80576
517	IDOL_MINNIE_Su1_517.txt	25	0,00403	13	0,54452	12	6,5342
518	IDOL_MINNIE_Su1_518.txt	25	0,00781	13	0,63289	12	7,59469
519	IDOL_MINNIE_Su1_519.txt	25	0,00742	13	0,71672	12	8,60061
520	IDOL_MINNIE_Su1_520.txt	20	0,00913	13	0,78257	7	5,47796
521	IDOL_MINNIE_Su1_521.txt	12	0,0049	13	0,88644	1	0,88644
522	IDOL_MINNIE_Su1_522.txt	20	0,00728	19	0,84056	1	0,84056
523	IDOL_MINNIE_Su1_523.txt	3	0,00528	19	0,75637	16	12,10188
524	IDOL_MINNIE_Su1_524.txt	2	0,00549	19	0,68043	17	11,56725
525	IDOL_MINNIE_Su1_525.txt	19	0,00538	19	0,56626	0	0
526	IDOL_MINNIE_Su1_526.txt	19	0,00538	19	0,46502	0	0
527	IDOL_MINNIE_Su1_527.txt	7	0,00687	19	0,40252	12	4,83019
528	IDOL_MINNIE_Su1_528.txt	19	0,00782	19	0,38194	0	0
529	IDOL_MINNIE_Su1_529.txt	19	0,00627	19	0,38181	0	0
530	IDOL_MINNIE_Su1_530.txt	3	0,0076	19	0,40063	16	6,41012
531	IDOL_MINNIE_Su1_531.txt	3	0,00822	19	0,42586	16	6,81376
532	IDOL_MINNIE_Su1_532.txt	19	0,0061	19	0,44985	0	0
533	IDOL_MINNIE_Su1_533.txt	25	0,00494	20	0,4383	5	2,19148
534	IDOL_MINNIE_Su1_534.txt	12	0,00374	20	0,41624	8	3,32995
535	IDOL_MINNIE_Su1_535.txt	10	0,003	20	0,3892	10	3,892
536	IDOL_MINNIE_Su1_536.txt	10	0,00216	20	0,35766	10	3,57658
537	IDOL_MINNIE_Su1_537.txt	12	0,00222	20	0,35766	8	2,86127
538	IDOL_MINNIE_Su1_538.txt	21	0,00296	20	0,29432	1	0,29432
539	IDOL_MINNIE_Su1_539.txt	20	0,0045	20	0,28814	0	0
540	IDOL_MINNIE_Su1_540.txt	9	0,00538	20	0,31559	11	3,47152
541	IDOL_MINNIE_Su1_541.txt	9	0,00607	20	0,31559	11	3,47152
542	IDOL_MINNIE_Su1_542.txt	19	0,00527	20	0,34686	1	0,34686
543	IDOL_MINNIE_Su1_543.txt	7	0,00583	20	0,3715	13	4,82944
544	IDOL_MINNIE_Su1_544.txt	7	0,00645	20	0,39893	13	5,18609
545	IDOL_MINNIE_Su1_545.txt	19	0,01201	20	0,39813	1	0,39813
546	IDOL_MINNIE_Su1_546.txt	2	0,00648	20	0,40984	18	7,37713
547	IDOL_MINNIE_Su1_547.txt	26	0,00813	20	0,4074	6	2,44439
548	IDOL_MINNIE_Su1_548.txt	7	0,00516	20	0,40827	13	5,30755
549	IDOL_MINNIE_Su1_549.txt	3	0,00555	20	0,40127	17	6,82153
550	IDOL_MINNIE_Su1_550.txt	3	0,01109	20	0,38359	17	6,5211
551	IDOL_MINNIE_Su1_551.txt	3	0,0103	20	0,36667	17	6,23341
552	IDOL_MINNIE_Su1_552.txt	3	0,00728	20	0,3477	17	5,91093
553	IDOL_MINNIE_Su1_553.txt	19	0,00529	20	0,32979	1	0,32979
554	IDOL_MINNIE_Su1_554.txt	19	0,00657	20	0,31071	1	0,31071
555	IDOL_MINNIE_Su1_555.txt	19	0,0104	20	0,29155	1	0,29155
556	IDOL_MINNIE_Su1_556.txt	19	0,00407	20	0,27088	1	0,27088
557	IDOL_MINNIE_Su1_557.txt	3	0,0064	20	0,25243	17	4,2913
558	IDOL_MINNIE_Su1_558.txt	26	0,00537	20	0,22626	6	1,35759
559	IDOL_MINNIE_Su1_559.txt	3	0,00562	20	0,20601	17	3,50215
560	IDOL_MINNIE_Su1_560.txt	3	0,00393	20	0,18387	17	3,12574
561	IDOL_MINNIE_Su1_561.txt	9	0,00546	20	0,16734	11	1,8407
562	IDOL_MINNIE_Su1_562.txt	9	0,00464	20	0,1493	11	1,6423
563	IDOL_MINNIE_Su1_563.txt	20	0,00431	20	0,13189	0	0
564	IDOL_MINNIE_Su1_564.txt	11	0,00678	20	0,08164	9	0,73472
565	IDOL_MINNIE_Su1_565.txt	11	0,00801	20	0,04723	9	0,42509
566	IDOL_MINNIE_Su1_566.txt	4	0,00714	20	0,04457	16	0,71306
567	IDOL_MINNIE_Su1_567.txt	20	0,00711	20	0,09494	0	0
568	IDOL_MINNIE_Su1_568.txt	19	0,0052	20	0,18992	1	0,18992
569	IDOL_MINNIE_Su1_569.txt	25	0,00504	19	0,17672	6	1,06034
570	IDOL_MINNIE_Su1_570.txt	25	0,0065	19	0,18245	6	1,09473
571	IDOL_MINNIE_Su1_571.txt	25	0,00473	19	0,23034	6	1,38206
572	IDOL_MINNIE_Su1_572.txt	18	0,0059	19	0,30677	1	0,30677
573	IDOL_MINNIE_Su1_573.txt	3	0,0087	19	0,37694	16	6,03105
574	IDOL_MINNIE_Su1_574.txt	19	0,00671	19	0,37694	0	0
575	IDOL_MINNIE_Su1_575.txt	3	0,00368	19	0,45371	16	7,25941
576	IDOL_MINNIE_Su1_576.txt	3	0,00323	19	0,45862	16	7,33793
577	IDOL_MINNIE_Su1_577.txt	20	0,00288	19	0,45862	1	0,45862
578	IDOL_MINNIE_Su1_578.txt	4	0,00278	19	0,54376	15	8,15644
579	IDOL_MINNIE_Su1_579.txt	10	0,00243	19	0,64103	9	5,76931
580	IDOL_MINNIE_Su1_580.txt	10	0,00117	19	0,75796	9	6,82162
581	IDOL_MINNIE_Su1_581.txt	12	0,00209	19	0,85017	7	5,95118
582	IDOL_MINNIE_Su1_582.txt	12	0,00203	19	0,93615	7	6,55308
583	IDOL_MINNIE_Su1_583.txt	4	0,0061	19	1,04029	15	15,60428
584	IDOL_MINNIE_Su1_584.txt	21	0,00758	19	1,18352	2	2,36704
585	IDOL_MINNIE_Su1_585.txt	12	0,00418	19	1,26647	7	8,86528
586	IDOL_MINNIE_Su1_586.txt	12	0,00147	19	1,35969	7	9,51784
587	IDOL_MINNIE_Su1_587.txt	10	0,00221	12	1,34563	2	2,69125
588	IDOL_MINNIE_Su1_588.txt	12	0,00239	12	1,18449	0	0
589	IDOL_MINNIE_Su1_589.txt	21	0,00609	12	1,06395	9	9,57552
590	IDOL_MINNIE_Su1_590.txt	21	0,00636	12	0,94522	9	8,50699
591	IDOL_MINNIE_Su1_591.txt	4	0,00426	12	0,84262	8	6,74097
592	IDOL_MINNIE_Su1_592.txt	4	0,00426	12	0,77214	8	6,17711
593	IDOL_MINNIE_Su1_593.txt	12	0,00327	12	0,66342	0	0
594	IDOL_MINNIE_Su1_594.txt	21	0,00609	12	0,55839	9	5,02553
595	IDOL_MINNIE_Su1_595.txt	12	0,0029	12	0,46209	0	0
596	IDOL_MINNIE_Su1_596.txt	10	0,00282	12	0,35082	2	0,70164
597	IDOL_MINNIE_Su1_597.txt	10	0,00133	12	0,27149	2	0,54299
598	IDOL_MINNIE_Su1_598.txt	4	0,00424	12	0,14338	8	1,14706
599	IDOL_MINNIE_Su1_599.txt	12	0,00295	12	0,13489	0	0
600	IDOL_MINNIE_Su1_600.txt	12	0,0017	12	0,18798	0	0
601	IDOL_MINNIE_Su1_601.txt	12	0,00197	12	0,41196	0	0
602	IDOL_MINNIE_Su1_602.txt	10	0,00179	12	0,56191	2	1,12382
603	IDOL_MINNIE_Su1_603.txt	12	0,00394	12	0,6632	0	0
604	IDOL_MINNIE_Su1_604.txt	12	0,00226	12	0,75602	0	0
605	IDOL_MINNIE_Su1_605.txt	11	0,00645	12	0,90334	1	0,90334
606	IDOL_MINNIE_Su1_606.txt	21	0,00619	12	1,00797	9	9,07173
607	IDOL_MINNIE_Su1_607.txt	4	0,00473	12	0,95745	8	7,65959
608	IDOL_MINNIE_Su1_608.txt	12	0,00229	12	1,04389	0	0
609	IDOL_MINNIE_Su1_609.txt	21	0,00649	12	1,1422	9	10,27977
610	IDOL_MINNIE_Su1_610.txt	21	0,00714	12	1,26725	9	11,40528
611	IDOL_MINNIE_Su1_611.txt	11	0,0078	11	1,21546	0	0
612	IDOL_MINNIE_Su1_612.txt	4	0,00735	11	1,21546	7	8,5082
613	IDOL_MINNIE_Su1_613.txt	12	0,00285	11	1,08815	1	1,08815
614	IDOL_MINNIE_Su1_614.txt	21	0,00704	11	0,99671	10	9,96706
615	IDOL_MINNIE_Su1_615.txt	12	0,00211	11	0,89965	1	0,89965
616	IDOL_MINNIE_Su1_616.txt	21	0,00708	11	0,80652	10	8,06525
617	IDOL_MINNIE_Su1_617.txt	4	0,00633	11	0,70736	7	4,95155
618	IDOL_MINNIE_Su1_618.txt	11	0,00649	11	0,60778	0	0
619	IDOL_MINNIE_Su1_619.txt	11	0,00705	11	0,51913	0	0
620	IDOL_MINNIE_Su1_620.txt	11	0,00922	11	0,42785	0	0
621	IDOL_MINNIE_Su1_621.txt	11	0,00549	11	0,28536	0	0
622	IDOL_MINNIE_Su1_622.txt	4	0,00426	11	0,22208	7	1,55457
623	IDOL_MINNIE_Su1_623.txt	4	0,00581	11	0,18269	7	1,27883
624	IDOL_MINNIE_Su1_624.txt	21	0,00551	11	0,20386	10	2,03856
625	IDOL_MINNIE_Su1_625.txt	4	0,00448	11	0,26851	7	1,87956
626	IDOL_MINNIE_Su1_626.txt	4	0,00437	21	0,26837	17	4,56224
627	IDOL_MINNIE_Su1_627.txt	12	0,00404	21	0,13489	9	1,21401
628	IDOL_MINNIE_Su1_628.txt	4	0,00314	21	0,05124	17	0,87104
629	IDOL_MINNIE_Su1_629.txt	4	0,00599	21	0,08105	17	1,37781
630	IDOL_MINNIE_Su1_630.txt	4	0,00598	21	0,19126	17	3,2514
631	IDOL_MINNIE_Su1_631.txt	12	0,00342	21	0,31435	9	2,82912
632	IDOL_MINNIE_Su1_632.txt	11	0,00491	21	0,42907	10	4,29073
633	IDOL_MINNIE_Su1_633.txt	11	0,0052	21	0,42907	10	4,29073
634	IDOL_MINNIE_Su1_634.txt	11	0,00702	21	0,53679	10	5,36794
635	IDOL_MINNIE_Su1_635.txt	11	0,00473	21	0,64	10	6,39999
636	IDOL_MINNIE_Su1_636.txt	4	0,00398	9	0,67162	5	3,35808
637	IDOL_MINNIE_Su1_637.txt	11	0,00474	9	0,66337	2	1,32674
638	IDOL_MINNIE_Su1_638.txt	4	0,00465	9	0,67077	5	3,35386
639	IDOL_MINNIE_Su1_639.txt	11	0,00472	9	0,705	2	1,41001
640	IDOL_MINNIE_Su1_640.txt	11	0,00431	9	0,74355	2	1,48709
641	IDOL_MINNIE_Su1_641.txt	11	0,00626	9	0,79165	2	1,58329
642	IDOL_MINNIE_Su1_642.txt	21	0,0044	9	0,87565	12	10,50779
643	IDOL_MINNIE_Su1_643.txt	11	0,00781	9	0,9443	2	1,8886
644	IDOL_MINNIE_Su1_644.txt	11	0,00792	9	1,05136	2	2,10273
645	IDOL_MINNIE_Su1_645.txt	11	0,00307	9	1,22477	2	2,44954
646	IDOL_MINNIE_Su1_646.txt	11	0,00585	9	1,22477	2	2,44954
647	IDOL_MINNIE_Su1_647.txt	11	0,00789	9	1,32372	2	2,64744
648	IDOL_MINNIE_Su1_648.txt	11	0,00889	9	1,40797	2	2,81594
649	IDOL_MINNIE_Su1_649.txt	11	0,00828	9	1,49539	2	2,99078
650	IDOL_MINNIE_Su1_650.txt	21	0,00554	9	1,49539	12	17,94467
651	IDOL_MINNIE_Su1_651.txt	27	0,00375	9	1,60678	18	28,92201
652	IDOL_MINNIE_Su1_652.txt	11	0,00528	9	1,69219	2	3,38438
653	IDOL_MINNIE_Su1_653.txt	11	0,00902	4	1,57767	7	11,04366
654	IDOL_MINNIE_Su1_654.txt	11	0,0054	4	1,49188	7	10,44313
655	IDOL_MINNIE_Su1_655.txt	11	0,00636	4	1,42906	7	10,00341
656	IDOL_MINNIE_Su1_656.txt	11	0,00456	4	1,36935	7	9,58547
657	IDOL_MINNIE_Su1_657.txt	11	0,00483	4	1,20532	7	8,43724
658	IDOL_MINNIE_Su1_658.txt	11	0,00434	4	1,11618	7	7,81328
659	IDOL_MINNIE_Su1_659.txt	11	0,00677	4	0,9882	7	6,91738
660	IDOL_MINNIE_Su1_660.txt	3	0,00655	4	0,93024	1	0,93024
661	IDOL_MINNIE_Su1_661.txt	17	0,00246	26	0,83586	9	7,52272
662	IDOL_MINNIE_Su1_662.txt	3	0,00372	26	0,74606	23	17,15935
663	IDOL_MINNIE_Su1_663.txt	3	0,00669	26	0,64602	23	14,85851
664	IDOL_MINNIE_Su1_664.txt	26	0,00376	26	0,56158	0	0
665	IDOL_MINNIE_Su1_665.txt	9	0,00418	26	0,48558	17	8,25479
666	IDOL_MINNIE_Su1_666.txt	22	0,00451	26	0,46535	4	1,86138
667	IDOL_MINNIE_Su1_667.txt	22	0,00426	26	0,46535	4	1,86138
668	IDOL_MINNIE_Su1_668.txt	22	0,00314	26	0,4775	4	1,91001
669	IDOL_MINNIE_Su1_669.txt	22	0,00453	26	0,51452	4	2,0581
670	IDOL_MINNIE_Su1_670.txt	22	0,00453	26	0,5833	4	2,33318
671	IDOL_MINNIE_Su1_671.txt	22	0,00724	22	0,56611	0	0
672	IDOL_MINNIE_Su1_672.txt	22	0,00516	22	0,47495	0	0
673	IDOL_MINNIE_Su1_673.txt	22	0,00471	22	0,37517	0	0
674	IDOL_MINNIE_Su1_674.txt	22	0,0034	22	0,27532	0	0
675	IDOL_MINNIE_Su1_675.txt	22	0,00332	22	0,16209	0	0
676	IDOL_MINNIE_Su1_676.txt	22	0,00334	22	0,06553	0	0
677	IDOL_MINNIE_Su1_677.txt	22	0,00341	22	0,08116	0	0
678	IDOL_MINNIE_Su1_678.txt	22	0,00312	22	0,19451	0	0
679	IDOL_MINNIE_Su1_679.txt	22	0,00367	22	0,27083	0	0
680	IDOL_MINNIE_Su1_680.txt	22	0,0033	22	0,38245	0	0
681	IDOL_MINNIE_Su1_681.txt	22	0,00357	22	0,50699	0	0
682	IDOL_MINNIE_Su1_682.txt	23	0,00417	25	0,61232	2	1,22465
683	IDOL_MINNIE_Su1_683.txt	24	0,00586	25	0,56722	1	0,56722
684	IDOL_MINNIE_Su1_684.txt	24	0,00792	25	0,54677	1	0,54677
685	IDOL_MINNIE_Su1_685.txt	24	0,00687	25	0,54677	1	0,54677
686	IDOL_MINNIE_Su1_686.txt	24	0,00954	25	0,54021	1	0,54021
687	IDOL_MINNIE_Su1_687.txt	24	0,00745	25	0,54898	1	0,54898
688	IDOL_MINNIE_Su1_688.txt	23	0,00528	25	0,56164	2	1,12328
689	IDOL_MINNIE_Su1_689.txt	24	0,00569	25	0,57135	1	0,57135
690	IDOL_MINNIE_Su1_690.txt	22	0,00391	25	0,59136	3	1,77409
691	IDOL_MINNIE_Su1_691.txt	22	0,00394	25	0,6447	3	1,93409
692	IDOL_MINNIE_Su1_692.txt	22	0,00362	25	0,68185	3	2,04556
693	IDOL_MINNIE_Su1_693.txt	22	0,00279	25	0,69104	3	2,07312
694	IDOL_MINNIE_Su1_694.txt	22	0,00572	25	0,69494	3	2,08481
695	IDOL_MINNIE_Su1_695.txt	22	0,00508	25	0,72241	3	2,16723
696	IDOL_MINNIE_Su1_696.txt	22	0,00518	25	0,66286	3	1,98859
697	IDOL_MINNIE_Su1_697.txt	22	0,0051	25	0,7083	3	2,12491
698	IDOL_MINNIE_Su1_698.txt	22	0,00483	25	0,71042	3	2,13125
699	IDOL_MINNIE_Su1_699.txt	22	0,00269	25	0,6874	3	2,06221
700	IDOL_MINNIE_Su1_700.txt	22	0,00278	25	0,71462	3	2,14386
701	IDOL_MINNIE_Su1_701.txt	22	0,00279	25	0,72179	3	2,16536
702	IDOL_MINNIE_Su1_702.txt	23	0,00354	25	0,72179	2	1,44357
703	IDOL_MINNIE_Su1_703.txt	23	0,00762	25	0,72819	2	1,45638
704	IDOL_MINNIE_Su1_704.txt	5	0,01855	25	0,73367	20	14,67334
705	IDOL_MINNIE_Su1_705.txt	23	0,00446	25	0,7408	2	1,4816
706	IDOL_MINNIE_Su1_706.txt	5	0,01816	25	0,75028	20	15,0056
707	IDOL_MINNIE_Su1_707.txt	23	0,01486	25	0,76031	2	1,52062
708	IDOL_MINNIE_Su1_708.txt	5	0,01576	25	0,77121	20	15,42414
709	IDOL_MINNIE_Su1_709.txt	23	0,01245	25	0,78298	2	1,56595
710	IDOL_MINNIE_Su1_710.txt	23	0,00532	25	0,80012	2	1,60024
711	IDOL_MINNIE_Su1_711.txt	23	0,01494	25	0,83045	2	1,6609
712	IDOL_MINNIE_Su1_712.txt	23	0,00706	25	0,87769	2	1,75537
713	IDOL_MINNIE_Su1_713.txt	5	0,01023	25	0,94054	20	18,8109
714	IDOL_MINNIE_Su1_714.txt	5	0,00898	25	1,02033	20	20,40667
715	IDOL_MINNIE_Su1_715.txt	14	0,00402	25	1,0961	11	12,05712
716	IDOL_MINNIE_Su1_716.txt	14	0,00513	25	1,17447	11	12,91919
717	IDOL_MINNIE_Su1_717.txt	6	0,00501	25	1,26006	19	23,94112
718	IDOL_MINNIE_Su1_718.txt	14	0,00535	23	1,25989	9	11,33898
719	IDOL_MINNIE_Su1_719.txt	8	0,00491	23	1,1848	15	17,77207
720	IDOL_MINNIE_Su1_720.txt	16	0,00533	23	1,10751	7	7,75258
721	IDOL_MINNIE_Su1_721.txt	6	0,00552	23	1,0293	17	17,49812
722	IDOL_MINNIE_Su1_722.txt	14	0,00593	23	1,0293	9	9,26371
723	IDOL_MINNIE_Su1_723.txt	16	0,00298	23	0,95101	7	6,65708
724	IDOL_MINNIE_Su1_724.txt	16	0,00295	23	0,875	7	6,12498
725	IDOL_MINNIE_Su1_725.txt	16	0,00491	23	0,81171	7	5,68195
726	IDOL_MINNIE_Su1_726.txt	23	0,01295	23	0,75481	0	0
727	IDOL_MINNIE_Su1_727.txt	23	0,0083	23	0,70056	0	0
728	IDOL_MINNIE_Su1_728.txt	23	0,00665	23	0,64212	0	0
729	IDOL_MINNIE_Su1_729.txt	23	0,00731	23	0,58721	0	0
730	IDOL_MINNIE_Su1_730.txt	23	0,00514	23	0,53063	0	0
731	IDOL_MINNIE_Su1_731.txt	23	0,00715	23	0,47675	0	0
732	IDOL_MINNIE_Su1_732.txt	23	0,00787	23	0,42878	0	0
733	IDOL_MINNIE_Su1_733.txt	23	0,00393	23	0,38145	0	0
734	IDOL_MINNIE_Su1_734.txt	23	0,00312	23	0,33603	0	0
735	IDOL_MINNIE_Su1_735.txt	23	0,00336	23	0,09289	0	0
736	IDOL_MINNIE_Su1_736.txt	8	0,00651	23	0,17504	15	2,62564
737	IDOL_MINNIE_Su1_737.txt	23	0,00512	23	0,46481	0	0
738	IDOL_MINNIE_Su1_738.txt	22	0,00751	23	0,58936	1	0,58936
739	IDOL_MINNIE_Su1_739.txt	23	0,00593	23	0,68331	0	0
740	IDOL_MINNIE_Su1_740.txt	22	0,00577	23	0,76806	1	0,76806
741	IDOL_MINNIE_Su1_741.txt	23	0,00509	23	0,76806	0	0
742	IDOL_MINNIE_Su1_742.txt	22	0,00423	23	0,87237	1	0,87237
743	IDOL_MINNIE_Su1_743.txt	22	0,0038	23	0,96951	1	0,96951
744	IDOL_MINNIE_Su1_744.txt	22	0,0056	24	0,9766	2	1,9532
745	IDOL_MINNIE_Su1_745.txt	22	0,0044	24	0,91675	2	1,8335
746	IDOL_MINNIE_Su1_746.txt	22	0,0059	24	0,85419	2	1,70839
747	IDOL_MINNIE_Su1_747.txt	22	0,00482	24	0,79063	2	1,58126
748	IDOL_MINNIE_Su1_748.txt	22	0,0059	24	0,70931	2	1,41862
749	IDOL_MINNIE_Su1_749.txt	22	0,00523	24	0,64584	2	1,29169
750	IDOL_MINNIE_Su1_750.txt	22	0,00517	24	0,58644	2	1,17287
751	IDOL_MINNIE_Su1_751.txt	22	0,00674	24	0,53172	2	1,06343
752	IDOL_MINNIE_Su1_752.txt	23	0,00666	24	0,47445	1	0,47445
753	IDOL_MINNIE_Su1_753.txt	1	0,00547	24	0,41618	23	9,5721
754	IDOL_MINNIE_Su1_754.txt	1	0,00654	24	0,38303	23	8,80964
755	IDOL_MINNIE_Su1_755.txt	1	0,00648	24	0,37431	23	8,60904
756	IDOL_MINNIE_Su1_756.txt	24	0,00711	24	0,37614	0	0
757	IDOL_MINNIE_Su1_757.txt	24	0,00683	24	0,39431	0	0
758	IDOL_MINNIE_Su1_758.txt	2	0,00816	24	0,44477	22	9,78486
759	IDOL_MINNIE_Su1_759.txt	2	0,0058	24	0,49661	22	10,92548
760	IDOL_MINNIE_Su1_760.txt	23	0,00595	24	0,55796	1	0,55796
761	IDOL_MINNIE_Su1_761.txt	23	0,00457	24	0,61506	1	0,61506
762	IDOL_MINNIE_Su1_762.txt	2	0,00514	24	0,66972	22	14,73393
763	IDOL_MINNIE_Su1_763.txt	2	0,00462	24	0,73222	22	16,10874
764	IDOL_MINNIE_Su1_764.txt	2	0,00782	24	0,80394	22	17,68673
765	IDOL_MINNIE_Su1_765.txt	24	0,00916	24	0,87521	0	0
766	IDOL_MINNIE_Su1_766.txt	24	0,01563	24	1,00962	0	0
767	IDOL_MINNIE_Su1_767.txt	24	0,01308	24	1,08151	0	0
768	IDOL_MINNIE_Su1_768.txt	24	0,0089	24	1,16575	0	0
769	IDOL_MINNIE_Su1_769.txt	23	0,00596	24	1,22875	1	1,22875
770	IDOL_MINNIE_Su1_770.txt	23	0,00535	24	1,22875	1	1,22875
771	IDOL_MINNIE_Su1_771.txt	22	0,0063	24	1,28792	2	2,57585
772	IDOL_MINNIE_Su1_772.txt	26	0,00545	24	1,33929	2	2,67858
773	IDOL_MINNIE_Su1_773.txt	26	0,00532	24	1,40723	2	2,81447
774	IDOL_MINNIE_Su1_774.txt	0	0,00511	25	1,37905	25	34,47613
775	IDOL_MINNIE_Su1_775.txt	18	0,00431	25	1,28979	7	9,0285
776	IDOL_MINNIE_Su1_776.txt	25	0,00409	25	1,19664	0	0
777	IDOL_MINNIE_Su1_777.txt	17	0,00245	25	1,09418	8	8,75344
778	IDOL_MINNIE_Su1_778.txt	17	0,00371	25	0,99265	8	7,94119
779	IDOL_MINNIE_Su1_779.txt	17	0,00449	25	0,90609	8	7,24873
780	IDOL_MINNIE_Su1_780.txt	17	0,00405	25	0,8616	8	6,89277
781	IDOL_MINNIE_Su1_781.txt	17	0,00372	25	0,76318	8	6,10543
782	IDOL_MINNIE_Su1_782.txt	17	0,00323	25	0,65115	8	5,20916
783	IDOL_MINNIE_Su1_783.txt	25	0,00326	25	0,61157	0	0
784	IDOL_MINNIE_Su1_784.txt	25	0,00319	25	0,52369	0	0
785	IDOL_MINNIE_Su1_785.txt	25	0,00583	25	0,42701	0	0
786	IDOL_MINNIE_Su1_786.txt	25	0,00514	25	0,33909	0	0
787	IDOL_MINNIE_Su1_787.txt	18	0,00219	25	0,25859	7	1,81013
788	IDOL_MINNIE_Su1_788.txt	25	0,00208	25	0,18569	0	0
789	IDOL_MINNIE_Su1_789.txt	25	0,00317	25	0,151	0	0
790	IDOL_MINNIE_Su1_790.txt	18	0,00175	25	0,16999	7	1,18995
791	IDOL_MINNIE_Su1_791.txt	18	0,00204	25	0,2341	7	1,63872
792	IDOL_MINNIE_Su1_792.txt	18	0,00153	25	0,2341	7	1,63872
793	IDOL_MINNIE_Su1_793.txt	18	0,0016	25	0,31654	7	2,2158
794	IDOL_MINNIE_Su1_794.txt	25	0,00224	25	0,40035	0	0
795	IDOL_MINNIE_Su1_795.txt	25	0,00168	25	0,4961	0	0
796	IDOL_MINNIE_Su1_796.txt	0	0,00454	22	0,55166	22	12,13649
797	IDOL_MINNIE_Su1_797.txt	25	0,00156	22	0,458	3	1,374
798	IDOL_MINNIE_Su1_798.txt	18	0,00481	22	0,3592	4	1,4368
799	IDOL_MINNIE_Su1_799.txt	18	0,00153	22	0,26731	4	1,06923
800	IDOL_MINNIE_Su1_800.txt	26	0,00507	22	0,17498	4	0,69992
801	IDOL_MINNIE_Su1_801.txt	25	0,00472	22	0,07734	3	0,23202
802	IDOL_MINNIE_Su1_802.txt	26	0,00345	22	0,01749	4	0,06995
803	IDOL_MINNIE_Su1_803.txt	20	0,00427	22	0,11258	2	0,22516
804	IDOL_MINNIE_Su1_804.txt	12	0,00336	22	0,40138	10	4,01382
805	IDOL_MINNIE_Su1_805.txt	20	0,00388	22	0,49694	2	0,99388
806	IDOL_MINNIE_Su1_806.txt	20	0,00524	26	0,45017	6	2,70105
807	IDOL_MINNIE_Su1_807.txt	3	0,00728	26	0,35123	23	8,07827
808	IDOL_MINNIE_Su1_808.txt	3	0,00584	26	0,35123	23	8,07827
809	IDOL_MINNIE_Su1_809.txt	19	0,00651	26	0,29757	7	2,08301
810	IDOL_MINNIE_Su1_810.txt	26	0,00632	26	0,22545	0	0
811	IDOL_MINNIE_Su1_811.txt	3	0,00524	26	0,25729	23	5,91764
812	IDOL_MINNIE_Su1_812.txt	3	0,00951	26	0,32075	23	7,37735
813	IDOL_MINNIE_Su1_813.txt	3	0,0071	26	0,39795	23	9,15287
814	IDOL_MINNIE_Su1_814.txt	26	0,00436	26	0,4924	0	0
815	IDOL_MINNIE_Su1_815.txt	26	0,00409	26	0,58009	0	0
816	IDOL_MINNIE_Su1_816.txt	18	0,00696	26	0,68475	8	5,47799
817	IDOL_MINNIE_Su1_817.txt	11	0,0073	26	0,77754	15	11,66304
818	IDOL_MINNIE_Su1_818.txt	11	0,0064	26	0,87126	15	13,06892
819	IDOL_MINNIE_Su1_819.txt	21	0,0042	26	0,96928	5	4,84642
820	IDOL_MINNIE_Su1_820.txt	11	0,00435	26	1,06288	15	15,94319
821	IDOL_MINNIE_Su1_821.txt	11	0,00578	26	1,15773	15	17,36594
822	IDOL_MINNIE_Su1_822.txt	21	0,0065	26	1,25119	5	6,25597
823	IDOL_MINNIE_Su1_823.txt	11	0,00506	27	1,15493	16	18,47882
824	IDOL_MINNIE_Su1_824.txt	21	0,0043	27	1,00263	6	6,01581
825	IDOL_MINNIE_Su1_825.txt	11	0,00831	27	0,90431	16	14,46898
826	IDOL_MINNIE_Su1_826.txt	21	0,00333	27	0,7357	6	4,41418
827	IDOL_MINNIE_Su1_827.txt	11	0,00549	27	0,63811	16	10,20982
828	IDOL_MINNIE_Su1_828.txt	21	0,00514	27	0,5416	6	3,24961
829	IDOL_MINNIE_Su1_829.txt	4	0,00384	27	0,47818	23	10,99808
830	IDOL_MINNIE_Su1_830.txt	4	0,00424	27	0,39763	23	9,1455
831	IDOL_MINNIE_Su1_831.txt	4	0,00332	27	0,31802	23	7,31447
832	IDOL_MINNIE_Su1_832.txt	11	0,00705	27	0,24623	16	3,93975
833	IDOL_MINNIE_Su1_833.txt	11	0,00551	27	0,21551	16	3,44817
834	IDOL_MINNIE_Su1_834.txt	4	0,00449	27	0,23569	23	5,42097
835	IDOL_MINNIE_Su1_835.txt	12	0,0042	27	0,23569	15	3,53542
836	IDOL_MINNIE_Su1_836.txt	4	0,0036	27	0,29079	23	6,68818
837	IDOL_MINNIE_Su1_837.txt	12	0,00269	27	0,38499	15	5,77488
838	IDOL_MINNIE_Su1_838.txt	4	0,00306	27	0,58124	23	13,36841
839	IDOL_MINNIE_Su1_839.txt	4	0,00442	27	0,68381	23	15,72757
840	IDOL_MINNIE_Su1_840.txt	12	0,00332	27	0,68381	15	10,25711
841	IDOL_MINNIE_Su1_841.txt	4	0,00427	27	0,79122	23	18,19809
842	IDOL_MINNIE_Su1_842.txt	12	0,00324	27	0,9024	15	13,53605
843	IDOL_MINNIE_Su1_843.txt	12	0,00246	27	0,99772	15	14,96578
844	IDOL_MINNIE_Su1_844.txt	12	0,00453	27	1,11725	15	16,75881
845	IDOL_MINNIE_Su1_845.txt	4	0,00542	27	1,22549	23	28,18636
846	IDOL_MINNIE_Su1_846.txt	27	0,00425	3	1,23436	24	29,62471
847	IDOL_MINNIE_Su1_847.txt	27	0,00472	3	1,14086	24	27,38067
848	IDOL_MINNIE_Su1_848.txt	27	0,00365	3	1,05303	24	25,27281
849	IDOL_MINNIE_Su1_849.txt	27	0,003	3	0,95339	24	22,88135
850	IDOL_MINNIE_Su1_850.txt	27	0,0045	3	0,86637	24	20,79285
851	IDOL_MINNIE_Su1_851.txt	27	0,00481	3	0,78708	24	18,88985
852	IDOL_MINNIE_Su1_852.txt	27	0,00526	3	0,75573	24	18,13747
853	IDOL_MINNIE_Su1_853.txt	27	0,00668	3	0,69626	24	16,7103
