#	ImageName	Similar Node	Distance	Near Node	Distance	Transitions	Evaluation
1	IDOL_MINNIE_Su3_1.txt	18	0,00603	3	0,42852	15	6,4278
2	IDOL_MINNIE_Su3_2.txt	27	0,00434	3	0,39559	24	9,49408
3	IDOL_MINNIE_Su3_3.txt	27	0,00552	3	0,36985	24	8,87633
4	IDOL_MINNIE_Su3_4.txt	27	0,00585	3	0,36985	24	8,87633
5	IDOL_MINNIE_Su3_5.txt	27	0,00477	3	0,34795	24	8,35071
6	IDOL_MINNIE_Su3_6.txt	27	0,00551	3	0,33901	24	8,13618
7	IDOL_MINNIE_Su3_7.txt	4	0,00626	3	0,36668	1	0,36668
8	IDOL_MINNIE_Su3_8.txt	27	0,00543	3	0,40865	24	9,80763
9	IDOL_MINNIE_Su3_9.txt	27	0,00464	3	0,47671	24	11,44095
10	IDOL_MINNIE_Su3_10.txt	27	0,00509	0	0,49153	27	13,2712
11	IDOL_MINNIE_Su3_11.txt	27	0,00533	0	0,38829	27	10,48396
12	IDOL_MINNIE_Su3_12.txt	27	0,00441	0	0,33046	27	8,92234
13	IDOL_MINNIE_Su3_13.txt	27	0,00522	0	0,24743	27	6,68069
14	IDOL_MINNIE_Su3_14.txt	27	0,00551	0	0,21822	27	5,89188
15	IDOL_MINNIE_Su3_15.txt	27	0,00534	0	0,22641	27	6,11301
16	IDOL_MINNIE_Su3_16.txt	20	0,00543	0	0,27799	20	5,55982
17	IDOL_MINNIE_Su3_17.txt	20	0,00557	0	0,35799	20	7,15972
18	IDOL_MINNIE_Su3_18.txt	26	0,00539	0	0,44761	26	11,63777
19	IDOL_MINNIE_Su3_19.txt	0	0,0057	0	0,54081	0	0
20	IDOL_MINNIE_Su3_20.txt	26	0,00471	0	0,54081	26	14,06109
21	IDOL_MINNIE_Su3_21.txt	27	0,00477	0	0,64774	27	17,48886
22	IDOL_MINNIE_Su3_22.txt	20	0,00515	0	0,75273	20	15,05461
23	IDOL_MINNIE_Su3_23.txt	1	0,0047	0	0,85592	1	0,85592
24	IDOL_MINNIE_Su3_24.txt	3	0,00451	0	0,9544	3	2,86319
25	IDOL_MINNIE_Su3_25.txt	1	0,00424	0	1,05851	1	1,05851
26	IDOL_MINNIE_Su3_26.txt	26	0,00506	0	1,15152	26	29,93951
27	IDOL_MINNIE_Su3_27.txt	3	0,00489	0	1,26865	3	3,80595
28	IDOL_MINNIE_Su3_28.txt	3	0,00448	1	1,24709	2	2,49419
29	IDOL_MINNIE_Su3_29.txt	1	0,00391	1	1,15508	0	0
30	IDOL_MINNIE_Su3_30.txt	1	0,00436	1	1,04534	0	0
31	IDOL_MINNIE_Su3_31.txt	1	0,00456	1	0,94662	0	0
32	IDOL_MINNIE_Su3_32.txt	1	0,00396	1	0,83755	0	0
33	IDOL_MINNIE_Su3_33.txt	3	0,00687	1	0,74415	2	1,4883
34	IDOL_MINNIE_Su3_34.txt	3	0,00699	1	0,63986	2	1,27971
35	IDOL_MINNIE_Su3_35.txt	3	0,00613	1	0,55188	2	1,10376
36	IDOL_MINNIE_Su3_36.txt	3	0,00581	1	0,55188	2	1,10376
37	IDOL_MINNIE_Su3_37.txt	3	0,00481	1	0,4507	2	0,9014
38	IDOL_MINNIE_Su3_38.txt	3	0,00521	1	0,37821	2	0,75642
39	IDOL_MINNIE_Su3_39.txt	25	0,00438	1	0,2938	24	7,05114
40	IDOL_MINNIE_Su3_40.txt	3	0,00531	1	0,22796	2	0,45592
41	IDOL_MINNIE_Su3_41.txt	0	0,00527	1	0,20887	1	0,20887
42	IDOL_MINNIE_Su3_42.txt	25	0,00461	1	0,24887	24	5,97291
43	IDOL_MINNIE_Su3_43.txt	18	0,00222	1	0,33355	17	5,6704
44	IDOL_MINNIE_Su3_44.txt	0	0,00534	1	0,41761	1	0,41761
45	IDOL_MINNIE_Su3_45.txt	3	0,00269	1	0,51991	2	1,03982
46	IDOL_MINNIE_Su3_46.txt	3	0,0036	1	0,6297	2	1,25941
47	IDOL_MINNIE_Su3_47.txt	3	0,00437	1	0,72395	2	1,44789
48	IDOL_MINNIE_Su3_48.txt	2	0,00723	1	0,80665	1	0,80665
49	IDOL_MINNIE_Su3_49.txt	7	0,00442	1	0,88509	6	5,31053
50	IDOL_MINNIE_Su3_50.txt	9	0,00644	1	0,94122	8	7,52976
51	IDOL_MINNIE_Su3_51.txt	19	0,00677	1	1,02897	18	18,52146
52	IDOL_MINNIE_Su3_52.txt	19	0,00595	1	1,02897	18	18,52146
53	IDOL_MINNIE_Su3_53.txt	3	0,00575	1	1,06236	2	2,12472
54	IDOL_MINNIE_Su3_54.txt	9	0,00513	1	1,08613	8	8,68905
55	IDOL_MINNIE_Su3_55.txt	2	0,00351	1	1,10042	1	1,10042
56	IDOL_MINNIE_Su3_56.txt	2	0,00307	1	1,12071	1	1,12071
57	IDOL_MINNIE_Su3_57.txt	22	0,0041	1	1,17272	21	24,62722
58	IDOL_MINNIE_Su3_58.txt	2	0,00378	1	1,21345	1	1,21345
59	IDOL_MINNIE_Su3_59.txt	2	0,00576	2	1,22192	0	0
60	IDOL_MINNIE_Su3_60.txt	2	0,00618	2	1,15103	0	0
61	IDOL_MINNIE_Su3_61.txt	2	0,01054	2	1,09779	0	0
62	IDOL_MINNIE_Su3_62.txt	2	0,00749	2	1,05224	0	0
63	IDOL_MINNIE_Su3_63.txt	2	0,00563	2	0,9946	0	0
64	IDOL_MINNIE_Su3_64.txt	2	0,00451	2	0,94853	0	0
65	IDOL_MINNIE_Su3_65.txt	2	0,00328	2	0,90096	0	0
66	IDOL_MINNIE_Su3_66.txt	22	0,00978	2	0,84833	20	16,9666
67	IDOL_MINNIE_Su3_67.txt	2	0,00482	2	0,78615	0	0
68	IDOL_MINNIE_Su3_68.txt	2	0,0038	2	0,78615	0	0
69	IDOL_MINNIE_Su3_69.txt	2	0,00457	2	0,71625	0	0
70	IDOL_MINNIE_Su3_70.txt	2	0,00584	2	0,647	0	0
71	IDOL_MINNIE_Su3_71.txt	2	0,00314	2	0,60616	0	0
72	IDOL_MINNIE_Su3_72.txt	2	0,00389	2	0,56039	0	0
73	IDOL_MINNIE_Su3_73.txt	2	0,00639	2	0,55171	0	0
74	IDOL_MINNIE_Su3_74.txt	2	0,00994	2	0,54214	0	0
75	IDOL_MINNIE_Su3_75.txt	2	0,00998	2	0,54314	0	0
76	IDOL_MINNIE_Su3_76.txt	2	0,00871	2	0,53912	0	0
77	IDOL_MINNIE_Su3_77.txt	2	0,01017	2	0,51994	0	0
78	IDOL_MINNIE_Su3_78.txt	2	0,00993	2	0,30147	0	0
79	IDOL_MINNIE_Su3_79.txt	2	0,01041	2	0,27642	0	0
80	IDOL_MINNIE_Su3_80.txt	3	0,01813	2	0,2494	1	0,2494
81	IDOL_MINNIE_Su3_81.txt	2	0,01341	2	0,22572	0	0
82	IDOL_MINNIE_Su3_82.txt	2	0,01188	2	0,22081	0	0
83	IDOL_MINNIE_Su3_83.txt	2	0,00974	2	0,24301	0	0
84	IDOL_MINNIE_Su3_84.txt	2	0,00972	2	0,29479	0	0
85	IDOL_MINNIE_Su3_85.txt	2	0,00494	2	0,29479	0	0
86	IDOL_MINNIE_Su3_86.txt	2	0,00798	2	0,36776	0	0
87	IDOL_MINNIE_Su3_87.txt	2	0,0109	2	0,48114	0	0
88	IDOL_MINNIE_Su3_88.txt	2	0,0106	2	0,5492	0	0
89	IDOL_MINNIE_Su3_89.txt	2	0,01007	2	0,60411	0	0
90	IDOL_MINNIE_Su3_90.txt	2	0,00992	2	0,6553	0	0
91	IDOL_MINNIE_Su3_91.txt	2	0,01688	2	0,72301	0	0
92	IDOL_MINNIE_Su3_92.txt	2	0,01209	2	0,8373	0	0
93	IDOL_MINNIE_Su3_93.txt	2	0,01142	2	0,91827	0	0
94	IDOL_MINNIE_Su3_94.txt	2	0,00547	2	1,00594	0	0
95	IDOL_MINNIE_Su3_95.txt	2	0,00996	2	1,09572	0	0
96	IDOL_MINNIE_Su3_96.txt	2	0,00427	2	1,20881	0	0
97	IDOL_MINNIE_Su3_97.txt	2	0,00714	2	1,30201	0	0
98	IDOL_MINNIE_Su3_98.txt	2	0,00991	2	1,38153	0	0
99	IDOL_MINNIE_Su3_99.txt	2	0,00744	2	1,44562	0	0
100	IDOL_MINNIE_Su3_100.txt	2	0,00803	2	1,51031	0	0
101	IDOL_MINNIE_Su3_101.txt	2	0,00539	2	1,51031	0	0
102	IDOL_MINNIE_Su3_102.txt	2	0,00482	2	1,58341	0	0
103	IDOL_MINNIE_Su3_103.txt	2	0,00785	2	1,69589	0	0
104	IDOL_MINNIE_Su3_104.txt	2	0,00471	0	1,69341	2	3,38681
105	IDOL_MINNIE_Su3_105.txt	13	0,00701	0	1,69408	13	22,02306
106	IDOL_MINNIE_Su3_106.txt	2	0,00528	0	1,68195	2	3,36389
107	IDOL_MINNIE_Su3_107.txt	2	0,00643	0	1,66438	2	3,32875
108	IDOL_MINNIE_Su3_108.txt	2	0,00413	0	1,64946	2	3,29893
109	IDOL_MINNIE_Su3_109.txt	13	0,00443	0	1,63621	13	21,27079
110	IDOL_MINNIE_Su3_110.txt	2	0,0042	0	1,62108	2	3,24216
111	IDOL_MINNIE_Su3_111.txt	24	0,00687	0	1,60538	24	38,52916
112	IDOL_MINNIE_Su3_112.txt	2	0,00462	0	1,58278	2	3,16556
113	IDOL_MINNIE_Su3_113.txt	2	0,00597	0	1,55227	2	3,10454
114	IDOL_MINNIE_Su3_114.txt	2	0,00341	0	1,51499	2	3,02998
115	IDOL_MINNIE_Su3_115.txt	2	0,00401	0	1,46519	2	2,93038
116	IDOL_MINNIE_Su3_116.txt	3	0,0049	0	1,3988	3	4,1964
117	IDOL_MINNIE_Su3_117.txt	3	0,00637	0	1,3988	3	4,1964
118	IDOL_MINNIE_Su3_118.txt	3	0,00655	0	1,34136	3	4,02407
119	IDOL_MINNIE_Su3_119.txt	3	0,0105	0	1,24419	3	3,73258
120	IDOL_MINNIE_Su3_120.txt	7	0,00612	0	1,13968	7	7,97775
121	IDOL_MINNIE_Su3_121.txt	7	0,00507	0	1,0571	7	7,3997
122	IDOL_MINNIE_Su3_122.txt	7	0,00871	0	0,93905	7	6,57337
123	IDOL_MINNIE_Su3_123.txt	19	0,00587	0	0,83752	19	15,91286
124	IDOL_MINNIE_Su3_124.txt	3	0,00366	0	0,73113	3	2,19338
125	IDOL_MINNIE_Su3_125.txt	18	0,00436	0	0,62964	18	11,33349
126	IDOL_MINNIE_Su3_126.txt	25	0,00277	0	0,54055	25	13,5138
127	IDOL_MINNIE_Su3_127.txt	25	0,00468	0	0,47751	25	11,93774
128	IDOL_MINNIE_Su3_128.txt	3	0,00588	0	0,42326	3	1,26977
129	IDOL_MINNIE_Su3_129.txt	7	0,00582	0	0,41039	7	2,87274
130	IDOL_MINNIE_Su3_130.txt	7	0,01567	0	0,43013	7	3,01089
131	IDOL_MINNIE_Su3_131.txt	7	0,00733	0	0,46664	7	3,26648
132	IDOL_MINNIE_Su3_132.txt	7	0,00513	3	0,46646	4	1,86583
133	IDOL_MINNIE_Su3_133.txt	7	0,00467	3	0,46646	4	1,86583
134	IDOL_MINNIE_Su3_134.txt	7	0,00584	3	0,36547	4	1,46187
135	IDOL_MINNIE_Su3_135.txt	3	0,00778	3	0,24734	0	0
136	IDOL_MINNIE_Su3_136.txt	3	0,00626	3	0,12808	0	0
137	IDOL_MINNIE_Su3_137.txt	3	0,00987	3	0,04554	0	0
138	IDOL_MINNIE_Su3_138.txt	3	0,00545	3	0,07077	0	0
139	IDOL_MINNIE_Su3_139.txt	3	0,00422	3	0,17318	0	0
140	IDOL_MINNIE_Su3_140.txt	3	0,00325	3	0,27415	0	0
141	IDOL_MINNIE_Su3_141.txt	3	0,00299	3	0,37233	0	0
142	IDOL_MINNIE_Su3_142.txt	9	0,00369	3	0,47355	6	2,84131
143	IDOL_MINNIE_Su3_143.txt	3	0,00463	3	0,56084	0	0
144	IDOL_MINNIE_Su3_144.txt	20	0,00338	3	0,66205	17	11,25488
145	IDOL_MINNIE_Su3_145.txt	20	0,00325	3	0,75599	17	12,8519
146	IDOL_MINNIE_Su3_146.txt	20	0,00459	3	0,85221	17	14,48758
147	IDOL_MINNIE_Su3_147.txt	20	0,00516	3	0,94296	17	16,0304
148	IDOL_MINNIE_Su3_148.txt	20	0,00505	3	1,03906	17	17,66407
149	IDOL_MINNIE_Su3_149.txt	20	0,00513	3	1,1248	17	19,12152
150	IDOL_MINNIE_Su3_150.txt	20	0,00323	3	1,21624	17	20,67616
151	IDOL_MINNIE_Su3_151.txt	4	0,00287	27	1,15626	23	26,59389
152	IDOL_MINNIE_Su3_152.txt	4	0,00472	27	1,15626	23	26,59389
153	IDOL_MINNIE_Su3_153.txt	4	0,00331	27	0,96619	23	22,22235
154	IDOL_MINNIE_Su3_154.txt	4	0,00488	27	0,81807	23	18,81566
155	IDOL_MINNIE_Su3_155.txt	12	0,0025	27	0,71221	15	10,68311
156	IDOL_MINNIE_Su3_156.txt	4	0,00416	27	0,6022	23	13,85059
157	IDOL_MINNIE_Su3_157.txt	4	0,0044	27	0,50378	23	11,5869
158	IDOL_MINNIE_Su3_158.txt	4	0,00375	27	0,4166	23	9,58185
159	IDOL_MINNIE_Su3_159.txt	4	0,00432	27	0,34783	23	8,00018
160	IDOL_MINNIE_Su3_160.txt	4	0,00292	27	0,29582	23	6,80378
161	IDOL_MINNIE_Su3_161.txt	4	0,00392	27	0,26129	23	6,00973
162	IDOL_MINNIE_Su3_162.txt	4	0,0027	27	0,26953	23	6,19913
163	IDOL_MINNIE_Su3_163.txt	4	0,00374	27	0,30623	23	7,04328
164	IDOL_MINNIE_Su3_164.txt	4	0,00295	27	0,3656	23	8,40879
165	IDOL_MINNIE_Su3_165.txt	12	0,00227	27	0,43884	15	6,58266
166	IDOL_MINNIE_Su3_166.txt	12	0,0041	27	0,57516	15	8,62733
167	IDOL_MINNIE_Su3_167.txt	4	0,00231	27	0,71346	23	16,40951
168	IDOL_MINNIE_Su3_168.txt	4	0,00224	27	0,83826	23	19,28002
169	IDOL_MINNIE_Su3_169.txt	12	0,00386	27	0,95025	15	14,2538
170	IDOL_MINNIE_Su3_170.txt	21	0,00402	27	1,05682	6	6,34092
171	IDOL_MINNIE_Su3_171.txt	20	0,00267	27	1,14365	7	8,00556
172	IDOL_MINNIE_Su3_172.txt	20	0,00362	4	1,1382	16	18,21114
173	IDOL_MINNIE_Su3_173.txt	4	0,00251	4	1,04113	0	0
174	IDOL_MINNIE_Su3_174.txt	20	0,00313	4	1,04113	16	16,65814
175	IDOL_MINNIE_Su3_175.txt	20	0,00341	4	0,91018	16	14,56292
176	IDOL_MINNIE_Su3_176.txt	20	0,00386	4	0,79722	16	12,75555
177	IDOL_MINNIE_Su3_177.txt	4	0,00397	4	0,70206	0	0
178	IDOL_MINNIE_Su3_178.txt	20	0,00322	4	0,57173	16	9,14764
179	IDOL_MINNIE_Su3_179.txt	20	0,00258	4	0,47709	16	7,63346
180	IDOL_MINNIE_Su3_180.txt	20	0,00302	4	0,38185	16	6,10954
181	IDOL_MINNIE_Su3_181.txt	20	0,00274	4	0,26154	16	4,18457
182	IDOL_MINNIE_Su3_182.txt	4	0,00325	4	0,16402	0	0
183	IDOL_MINNIE_Su3_183.txt	4	0,00395	4	0,08623	0	0
184	IDOL_MINNIE_Su3_184.txt	4	0,0037	4	0,10308	0	0
185	IDOL_MINNIE_Su3_185.txt	4	0,00384	4	0,18573	0	0
186	IDOL_MINNIE_Su3_186.txt	4	0,0041	4	0,27366	0	0
187	IDOL_MINNIE_Su3_187.txt	4	0,00252	4	0,41592	0	0
188	IDOL_MINNIE_Su3_188.txt	4	0,0037	4	0,52006	0	0
189	IDOL_MINNIE_Su3_189.txt	20	0,00362	4	0,52006	16	8,32093
190	IDOL_MINNIE_Su3_190.txt	20	0,00461	4	0,61762	16	9,88197
191	IDOL_MINNIE_Su3_191.txt	21	0,00323	4	0,71124	17	12,09112
192	IDOL_MINNIE_Su3_192.txt	21	0,00307	4	0,81322	17	13,82473
193	IDOL_MINNIE_Su3_193.txt	11	0,00194	4	0,91075	7	6,37524
194	IDOL_MINNIE_Su3_194.txt	11	0,00552	4	1,0037	7	7,02587
195	IDOL_MINNIE_Su3_195.txt	11	0,00295	4	1,10334	7	7,72338
196	IDOL_MINNIE_Su3_196.txt	11	0,00496	26	1,18399	15	17,75981
197	IDOL_MINNIE_Su3_197.txt	11	0,00294	26	1,2656	15	18,98399
198	IDOL_MINNIE_Su3_198.txt	11	0,005	26	1,34733	15	20,20992
199	IDOL_MINNIE_Su3_199.txt	21	0,00305	26	1,43385	5	7,16927
200	IDOL_MINNIE_Su3_200.txt	21	0,00285	26	1,5964	5	7,98201
201	IDOL_MINNIE_Su3_201.txt	4	0,00345	9	1,70449	5	8,52247
202	IDOL_MINNIE_Su3_202.txt	4	0,0041	9	1,6413	5	8,2065
203	IDOL_MINNIE_Su3_203.txt	4	0,00414	9	1,5081	5	7,54049
204	IDOL_MINNIE_Su3_204.txt	21	0,00493	9	1,42518	12	17,10216
205	IDOL_MINNIE_Su3_205.txt	4	0,00369	9	1,42518	5	7,1259
206	IDOL_MINNIE_Su3_206.txt	12	0,00078	9	1,35344	3	4,06033
207	IDOL_MINNIE_Su3_207.txt	10	0,00075	9	1,28561	1	1,28561
208	IDOL_MINNIE_Su3_208.txt	4	0,00377	9	1,20306	5	6,01532
209	IDOL_MINNIE_Su3_209.txt	4	0,00375	9	1,12964	5	5,64818
210	IDOL_MINNIE_Su3_210.txt	12	0,00372	9	1,06467	3	3,19402
211	IDOL_MINNIE_Su3_211.txt	12	0,00253	9	1,02881	3	3,08644
212	IDOL_MINNIE_Su3_212.txt	4	0,00356	9	0,96313	5	4,81567
213	IDOL_MINNIE_Su3_213.txt	21	0,0038	9	0,88421	12	10,61051
214	IDOL_MINNIE_Su3_214.txt	11	0,00698	9	0,81606	2	1,63212
215	IDOL_MINNIE_Su3_215.txt	11	0,00514	9	0,75808	2	1,51616
216	IDOL_MINNIE_Su3_216.txt	3	0,00425	9	0,7034	6	4,22038
217	IDOL_MINNIE_Su3_217.txt	3	0,00391	9	0,65804	6	3,94823
218	IDOL_MINNIE_Su3_218.txt	3	0,00451	9	0,61701	6	3,70204
219	IDOL_MINNIE_Su3_219.txt	3	0,00625	9	0,58707	6	3,52244
220	IDOL_MINNIE_Su3_220.txt	2	0,00622	9	0,55549	7	3,88845
221	IDOL_MINNIE_Su3_221.txt	2	0,00548	9	0,55549	7	3,88845
222	IDOL_MINNIE_Su3_222.txt	22	0,00337	9	0,51934	13	6,75148
223	IDOL_MINNIE_Su3_223.txt	23	0,00456	9	0,4554	14	6,37563
224	IDOL_MINNIE_Su3_224.txt	22	0,00528	9	0,3718	13	4,83338
225	IDOL_MINNIE_Su3_225.txt	14	0,00474	9	0,27593	5	1,37963
226	IDOL_MINNIE_Su3_226.txt	8	0,00525	9	0,16892	1	0,16892
227	IDOL_MINNIE_Su3_227.txt	14	0,00566	9	0,0747	5	0,37351
228	IDOL_MINNIE_Su3_228.txt	23	0,00787	9	0,04071	14	0,56988
229	IDOL_MINNIE_Su3_229.txt	23	0,01065	9	0,14256	14	1,99589
230	IDOL_MINNIE_Su3_230.txt	23	0,00874	9	0,26634	14	3,72875
231	IDOL_MINNIE_Su3_231.txt	23	0,00533	9	0,35698	14	4,99766
232	IDOL_MINNIE_Su3_232.txt	23	0,00848	9	0,46718	14	6,54052
233	IDOL_MINNIE_Su3_233.txt	23	0,00811	5	0,44479	18	8,00622
234	IDOL_MINNIE_Su3_234.txt	5	0,00315	5	0,34029	0	0
235	IDOL_MINNIE_Su3_235.txt	5	0,00418	5	0,23584	0	0
236	IDOL_MINNIE_Su3_236.txt	5	0,00381	5	0,11837	0	0
237	IDOL_MINNIE_Su3_237.txt	5	0,00276	5	0,11837	0	0
238	IDOL_MINNIE_Su3_238.txt	23	0,00532	5	0,02811	18	0,50605
239	IDOL_MINNIE_Su3_239.txt	14	0,00471	5	0,0896	9	0,80637
240	IDOL_MINNIE_Su3_240.txt	13	0,00718	5	0,19962	8	1,59698
241	IDOL_MINNIE_Su3_241.txt	13	0,006	5	0,29817	8	2,38533
242	IDOL_MINNIE_Su3_242.txt	2	0,00627	5	0,41222	3	1,23665
243	IDOL_MINNIE_Su3_243.txt	13	0,00613	5	0,51967	8	4,15739
244	IDOL_MINNIE_Su3_244.txt	14	0,00588	5	0,61653	9	5,54874
245	IDOL_MINNIE_Su3_245.txt	5	0,00563	5	0,70637	0	0
246	IDOL_MINNIE_Su3_246.txt	5	0,00371	5	0,8091	0	0
247	IDOL_MINNIE_Su3_247.txt	5	0,00411	5	0,91739	0	0
248	IDOL_MINNIE_Su3_248.txt	5	0,00744	5	1,03784	0	0
249	IDOL_MINNIE_Su3_249.txt	5	0,0055	6	1,08119	1	1,08119
250	IDOL_MINNIE_Su3_250.txt	5	0,00477	6	1,02736	1	1,02736
251	IDOL_MINNIE_Su3_251.txt	5	0,00501	6	0,9674	1	0,9674
252	IDOL_MINNIE_Su3_252.txt	5	0,00567	6	0,91896	1	0,91896
253	IDOL_MINNIE_Su3_253.txt	5	0,0037	6	0,91896	1	0,91896
254	IDOL_MINNIE_Su3_254.txt	5	0,00398	6	0,85788	1	0,85788
255	IDOL_MINNIE_Su3_255.txt	14	0,00564	6	0,78377	8	6,27013
256	IDOL_MINNIE_Su3_256.txt	14	0,00473	6	0,71288	8	5,703
257	IDOL_MINNIE_Su3_257.txt	14	0,00608	6	0,6456	8	5,16483
258	IDOL_MINNIE_Su3_258.txt	14	0,00801	6	0,58648	8	4,69183
259	IDOL_MINNIE_Su3_259.txt	6	0,00783	6	0,53754	0	0
260	IDOL_MINNIE_Su3_260.txt	6	0,00736	6	0,4941	0	0
261	IDOL_MINNIE_Su3_261.txt	16	0,00906	6	0,44807	10	4,48068
262	IDOL_MINNIE_Su3_262.txt	16	0,01041	6	0,41676	10	4,16759
263	IDOL_MINNIE_Su3_263.txt	23	0,00687	6	0,38622	17	6,56568
264	IDOL_MINNIE_Su3_264.txt	23	0,00426	6	0,36412	17	6,18997
265	IDOL_MINNIE_Su3_265.txt	23	0,00521	6	0,36364	17	6,18196
266	IDOL_MINNIE_Su3_266.txt	6	0,00579	6	0,36706	0	0
267	IDOL_MINNIE_Su3_267.txt	2	0,0078	6	0,35932	4	1,43726
268	IDOL_MINNIE_Su3_268.txt	2	0,00919	6	0,33921	4	1,35685
269	IDOL_MINNIE_Su3_269.txt	2	0,00572	6	0,30488	4	1,21953
270	IDOL_MINNIE_Su3_270.txt	2	0,00525	6	0,28528	4	1,14112
271	IDOL_MINNIE_Su3_271.txt	2	0,00524	6	0,25597	4	1,02388
272	IDOL_MINNIE_Su3_272.txt	14	0,0036	6	0,25597	8	2,04776
273	IDOL_MINNIE_Su3_273.txt	14	0,00429	6	0,23169	8	1,85355
274	IDOL_MINNIE_Su3_274.txt	14	0,0035	6	0,20446	8	1,63572
275	IDOL_MINNIE_Su3_275.txt	14	0,00375	6	0,18816	8	1,50525
276	IDOL_MINNIE_Su3_276.txt	14	0,00371	6	0,18579	8	1,48633
277	IDOL_MINNIE_Su3_277.txt	8	0,00377	6	0,20268	2	0,40536
278	IDOL_MINNIE_Su3_278.txt	8	0,00373	6	0,21139	2	0,42278
279	IDOL_MINNIE_Su3_279.txt	2	0,00572	6	0,22425	4	0,89699
280	IDOL_MINNIE_Su3_280.txt	2	0,00488	6	0,25951	4	1,03806
281	IDOL_MINNIE_Su3_281.txt	8	0,00605	6	0,31186	2	0,62372
282	IDOL_MINNIE_Su3_282.txt	6	0,00674	6	0,37777	0	0
283	IDOL_MINNIE_Su3_283.txt	23	0,00518	6	0,44871	17	7,62811
284	IDOL_MINNIE_Su3_284.txt	23	0,00492	8	0,4376	15	6,56397
285	IDOL_MINNIE_Su3_285.txt	23	0,0042	8	0,35253	15	5,28796
286	IDOL_MINNIE_Su3_286.txt	23	0,0043	8	0,28513	15	4,27688
287	IDOL_MINNIE_Su3_287.txt	7	0,00296	8	0,23318	1	0,23318
288	IDOL_MINNIE_Su3_288.txt	7	0,00355	8	0,23318	1	0,23318
289	IDOL_MINNIE_Su3_289.txt	7	0,00451	8	0,19829	1	0,19829
290	IDOL_MINNIE_Su3_290.txt	7	0,00613	8	0,21499	1	0,21499
291	IDOL_MINNIE_Su3_291.txt	7	0,00986	8	0,27277	1	0,27277
292	IDOL_MINNIE_Su3_292.txt	7	0,0082	8	0,34959	1	0,34959
293	IDOL_MINNIE_Su3_293.txt	7	0,00715	8	0,43575	1	0,43575
294	IDOL_MINNIE_Su3_294.txt	7	0,0062	8	0,52982	1	0,52982
295	IDOL_MINNIE_Su3_295.txt	7	0,00664	7	0,54719	0	0
296	IDOL_MINNIE_Su3_296.txt	7	0,0073	7	0,47535	0	0
297	IDOL_MINNIE_Su3_297.txt	7	0,00788	7	0,41429	0	0
298	IDOL_MINNIE_Su3_298.txt	7	0,00685	7	0,36655	0	0
299	IDOL_MINNIE_Su3_299.txt	7	0,00462	7	0,33091	0	0
300	IDOL_MINNIE_Su3_300.txt	7	0,00458	7	0,3028	0	0
301	IDOL_MINNIE_Su3_301.txt	6	0,00581	7	0,28101	1	0,28101
302	IDOL_MINNIE_Su3_302.txt	16	0,00569	7	0,26235	9	2,36117
303	IDOL_MINNIE_Su3_303.txt	23	0,00573	7	0,24426	16	3,90821
304	IDOL_MINNIE_Su3_304.txt	23	0,00499	7	0,24426	16	3,90821
305	IDOL_MINNIE_Su3_305.txt	23	0,00526	7	0,23034	16	3,68543
306	IDOL_MINNIE_Su3_306.txt	23	0,00455	7	0,21219	16	3,39496
307	IDOL_MINNIE_Su3_307.txt	23	0,00545	7	0,19568	16	3,13093
308	IDOL_MINNIE_Su3_308.txt	23	0,00517	7	0,17029	16	2,72464
309	IDOL_MINNIE_Su3_309.txt	23	0,00608	7	0,13936	16	2,22982
310	IDOL_MINNIE_Su3_310.txt	8	0,00621	7	0,1147	1	0,1147
311	IDOL_MINNIE_Su3_311.txt	23	0,00466	7	0,106	16	1,69597
312	IDOL_MINNIE_Su3_312.txt	9	0,00372	7	0,13307	2	0,26615
313	IDOL_MINNIE_Su3_313.txt	23	0,00374	7	0,18135	16	2,90167
314	IDOL_MINNIE_Su3_314.txt	23	0,00289	7	0,23661	16	3,7858
315	IDOL_MINNIE_Su3_315.txt	6	0,00508	7	0,27304	1	0,27304
316	IDOL_MINNIE_Su3_316.txt	6	0,0079	7	0,33867	1	0,33867
317	IDOL_MINNIE_Su3_317.txt	6	0,00699	7	0,35717	1	0,35717
318	IDOL_MINNIE_Su3_318.txt	14	0,0078	7	0,36478	7	2,55347
319	IDOL_MINNIE_Su3_319.txt	14	0,0067	7	0,36614	7	2,56296
320	IDOL_MINNIE_Su3_320.txt	6	0,00667	7	0,36654	1	0,36654
321	IDOL_MINNIE_Su3_321.txt	23	0,00529	7	0,36518	16	5,84287
322	IDOL_MINNIE_Su3_322.txt	23	0,00522	7	0,36518	16	5,84287
323	IDOL_MINNIE_Su3_323.txt	22	0,00535	7	0,35663	15	5,34945
324	IDOL_MINNIE_Su3_324.txt	23	0,00535	7	0,35727	16	5,71632
325	IDOL_MINNIE_Su3_325.txt	23	0,00481	7	0,36389	16	5,82223
326	IDOL_MINNIE_Su3_326.txt	23	0,00536	7	0,37688	16	6,03012
327	IDOL_MINNIE_Su3_327.txt	23	0,00686	7	0,39471	16	6,31533
328	IDOL_MINNIE_Su3_328.txt	23	0,00869	7	0,44327	16	7,09238
329	IDOL_MINNIE_Su3_329.txt	23	0,01023	7	0,49357	16	7,89712
330	IDOL_MINNIE_Su3_330.txt	23	0,0084	7	0,5601	16	8,96155
331	IDOL_MINNIE_Su3_331.txt	23	0,00484	8	0,57461	15	8,61918
332	IDOL_MINNIE_Su3_332.txt	8	0,00464	8	0,49239	0	0
333	IDOL_MINNIE_Su3_333.txt	2	0,00439	8	0,41145	6	2,4687
334	IDOL_MINNIE_Su3_334.txt	8	0,00534	8	0,33482	0	0
335	IDOL_MINNIE_Su3_335.txt	8	0,00925	8	0,27964	0	0
336	IDOL_MINNIE_Su3_336.txt	8	0,01149	8	0,26409	0	0
337	IDOL_MINNIE_Su3_337.txt	8	0,00596	8	0,28552	0	0
338	IDOL_MINNIE_Su3_338.txt	8	0,00717	8	0,28552	0	0
339	IDOL_MINNIE_Su3_339.txt	8	0,00665	8	0,34311	0	0
340	IDOL_MINNIE_Su3_340.txt	23	0,0069	8	0,43643	15	6,54638
341	IDOL_MINNIE_Su3_341.txt	8	0,00481	6	0,45431	2	0,90863
342	IDOL_MINNIE_Su3_342.txt	2	0,00427	6	0,35177	4	1,40708
343	IDOL_MINNIE_Su3_343.txt	9	0,00445	6	0,21001	3	0,63004
344	IDOL_MINNIE_Su3_344.txt	8	0,00479	6	0,1205	2	0,241
345	IDOL_MINNIE_Su3_345.txt	9	0,00475	6	0,11234	3	0,33703
346	IDOL_MINNIE_Su3_346.txt	8	0,00508	6	0,19862	2	0,39724
347	IDOL_MINNIE_Su3_347.txt	8	0,00589	6	0,29694	2	0,59388
348	IDOL_MINNIE_Su3_348.txt	3	0,01991	6	0,40396	3	1,21189
349	IDOL_MINNIE_Su3_349.txt	3	0,01553	6	0,51274	3	1,53823
350	IDOL_MINNIE_Su3_350.txt	3	0,02198	6	0,61411	3	1,84234
351	IDOL_MINNIE_Su3_351.txt	3	0,01482	6	0,72437	3	2,17312
352	IDOL_MINNIE_Su3_352.txt	3	0,01092	6	0,83258	3	2,49774
353	IDOL_MINNIE_Su3_353.txt	9	0,01077	6	0,93319	3	2,79958
354	IDOL_MINNIE_Su3_354.txt	9	0,00593	5	1,031	4	4,12402
355	IDOL_MINNIE_Su3_355.txt	9	0,00619	5	0,90807	4	3,63229
356	IDOL_MINNIE_Su3_356.txt	9	0,00442	5	0,90807	4	3,63229
357	IDOL_MINNIE_Su3_357.txt	7	0,00533	5	0,82194	2	1,64388
358	IDOL_MINNIE_Su3_358.txt	3	0,00904	5	0,72527	2	1,45054
359	IDOL_MINNIE_Su3_359.txt	9	0,00294	5	0,63091	4	2,52363
360	IDOL_MINNIE_Su3_360.txt	9	0,00265	5	0,54289	4	2,17156
361	IDOL_MINNIE_Su3_361.txt	3	0,00773	5	0,46107	2	0,92215
362	IDOL_MINNIE_Su3_362.txt	3	0,00714	5	0,38595	2	0,7719
363	IDOL_MINNIE_Su3_363.txt	3	0,0084	5	0,31827	2	0,63655
364	IDOL_MINNIE_Su3_364.txt	9	0,00629	5	0,26014	4	1,04057
365	IDOL_MINNIE_Su3_365.txt	9	0,00232	5	0,2206	4	0,88241
366	IDOL_MINNIE_Su3_366.txt	9	0,00229	5	0,23238	4	0,92952
367	IDOL_MINNIE_Su3_367.txt	9	0,00264	5	0,29564	4	1,18256
368	IDOL_MINNIE_Su3_368.txt	9	0,00255	5	0,37654	4	1,50617
369	IDOL_MINNIE_Su3_369.txt	9	0,00281	5	0,46065	4	1,84259
370	IDOL_MINNIE_Su3_370.txt	9	0,00259	5	0,51609	4	2,06437
371	IDOL_MINNIE_Su3_371.txt	9	0,00429	5	0,51609	4	2,06437
372	IDOL_MINNIE_Su3_372.txt	9	0,00823	9	0,4652	0	0
373	IDOL_MINNIE_Su3_373.txt	9	0,00962	9	0,36909	0	0
374	IDOL_MINNIE_Su3_374.txt	9	0,0066	9	0,27916	0	0
375	IDOL_MINNIE_Su3_375.txt	9	0,00845	9	0,18703	0	0
376	IDOL_MINNIE_Su3_376.txt	9	0,00697	9	0,06307	0	0
377	IDOL_MINNIE_Su3_377.txt	9	0,00477	9	0,11819	0	0
378	IDOL_MINNIE_Su3_378.txt	9	0,0054	9	0,23176	0	0
379	IDOL_MINNIE_Su3_379.txt	9	0,00409	9	0,3361	0	0
380	IDOL_MINNIE_Su3_380.txt	9	0,00702	9	0,44094	0	0
381	IDOL_MINNIE_Su3_381.txt	9	0,00582	9	0,54237	0	0
382	IDOL_MINNIE_Su3_382.txt	9	0,00614	9	0,61608	0	0
383	IDOL_MINNIE_Su3_383.txt	9	0,00687	9	0,67778	0	0
384	IDOL_MINNIE_Su3_384.txt	9	0,00737	9	0,70449	0	0
385	IDOL_MINNIE_Su3_385.txt	9	0,00471	9	0,76272	0	0
386	IDOL_MINNIE_Su3_386.txt	19	0,00568	21	0,79245	2	1,58489
387	IDOL_MINNIE_Su3_387.txt	19	0,00548	21	0,76089	2	1,52178
388	IDOL_MINNIE_Su3_388.txt	19	0,00612	21	0,76089	2	1,52178
389	IDOL_MINNIE_Su3_389.txt	19	0,00577	21	0,71806	2	1,43612
390	IDOL_MINNIE_Su3_390.txt	19	0,00807	21	0,6654	2	1,33079
391	IDOL_MINNIE_Su3_391.txt	19	0,01278	21	0,60776	2	1,21552
392	IDOL_MINNIE_Su3_392.txt	19	0,00604	21	0,54195	2	1,08391
393	IDOL_MINNIE_Su3_393.txt	13	0,00749	21	0,48194	8	3,85555
394	IDOL_MINNIE_Su3_394.txt	18	0,00529	10	0,44003	8	3,52026
395	IDOL_MINNIE_Su3_395.txt	18	0,00337	10	0,34983	8	2,79868
396	IDOL_MINNIE_Su3_396.txt	18	0,0021	10	0,27501	8	2,20005
397	IDOL_MINNIE_Su3_397.txt	25	0,00312	10	0,20004	15	3,00065
398	IDOL_MINNIE_Su3_398.txt	18	0,00613	10	0,16582	8	1,32652
399	IDOL_MINNIE_Su3_399.txt	11	0,00641	10	0,18025	1	0,18025
400	IDOL_MINNIE_Su3_400.txt	11	0,00517	10	0,23638	1	0,23638
401	IDOL_MINNIE_Su3_401.txt	4	0,0078	10	0,30667	6	1,84004
402	IDOL_MINNIE_Su3_402.txt	12	0,00164	11	0,27453	1	0,27453
403	IDOL_MINNIE_Su3_403.txt	10	0,00177	11	0,26273	1	0,26273
404	IDOL_MINNIE_Su3_404.txt	10	0,0024	11	0,26273	1	0,26273
405	IDOL_MINNIE_Su3_405.txt	12	0,00178	11	0,28757	1	0,28757
406	IDOL_MINNIE_Su3_406.txt	12	0,00155	11	0,3388	1	0,3388
407	IDOL_MINNIE_Su3_407.txt	27	0,00566	11	0,42034	16	6,72543
408	IDOL_MINNIE_Su3_408.txt	27	0,00382	11	0,49531	16	7,92499
409	IDOL_MINNIE_Su3_409.txt	12	0,00549	11	0,57532	1	0,57532
410	IDOL_MINNIE_Su3_410.txt	27	0,0017	11	0,66078	16	10,57256
411	IDOL_MINNIE_Su3_411.txt	27	0,00262	11	0,74845	16	11,97514
412	IDOL_MINNIE_Su3_412.txt	27	0,00502	11	0,84033	16	13,44534
413	IDOL_MINNIE_Su3_413.txt	27	0,00347	11	0,93075	16	14,89205
414	IDOL_MINNIE_Su3_414.txt	27	0,00121	11	1,02539	16	16,40623
415	IDOL_MINNIE_Su3_415.txt	27	0,00127	11	1,12728	16	18,03652
416	IDOL_MINNIE_Su3_416.txt	27	0,00128	11	1,22754	16	19,64061
417	IDOL_MINNIE_Su3_417.txt	27	0,00209	12	1,20204	15	18,03054
418	IDOL_MINNIE_Su3_418.txt	27	0,00269	12	1,08719	15	16,30788
419	IDOL_MINNIE_Su3_419.txt	27	0,00151	12	0,96368	15	14,45527
420	IDOL_MINNIE_Su3_420.txt	12	0,0018	12	0,96368	0	0
421	IDOL_MINNIE_Su3_421.txt	27	0,00283	12	0,85864	15	12,87954
422	IDOL_MINNIE_Su3_422.txt	21	0,00255	12	0,75907	9	6,83162
423	IDOL_MINNIE_Su3_423.txt	11	0,0026	12	0,66876	1	0,66876
424	IDOL_MINNIE_Su3_424.txt	11	0,00464	12	0,60414	1	0,60414
425	IDOL_MINNIE_Su3_425.txt	11	0,00509	12	0,35319	1	0,35319
426	IDOL_MINNIE_Su3_426.txt	11	0,00349	12	0,338	1	0,338
427	IDOL_MINNIE_Su3_427.txt	11	0,00406	12	0,33945	1	0,33945
428	IDOL_MINNIE_Su3_428.txt	11	0,00446	12	0,35279	1	0,35279
429	IDOL_MINNIE_Su3_429.txt	11	0,00697	12	0,39747	1	0,39747
430	IDOL_MINNIE_Su3_430.txt	21	0,00247	12	0,46132	9	4,1519
431	IDOL_MINNIE_Su3_431.txt	27	0,00592	12	0,53083	15	7,96252
432	IDOL_MINNIE_Su3_432.txt	27	0,00509	12	0,53083	15	7,96252
433	IDOL_MINNIE_Su3_433.txt	27	0,00228	12	0,68074	15	10,21116
434	IDOL_MINNIE_Su3_434.txt	27	0,00246	12	0,7631	15	11,44644
435	IDOL_MINNIE_Su3_435.txt	27	0,00309	12	0,91237	15	13,68551
436	IDOL_MINNIE_Su3_436.txt	27	0,0029	12	1,05197	15	15,77958
437	IDOL_MINNIE_Su3_437.txt	27	0,00285	12	1,15721	15	17,35817
438	IDOL_MINNIE_Su3_438.txt	21	0,00363	12	1,26205	9	11,35845
439	IDOL_MINNIE_Su3_439.txt	27	0,00367	13	1,34758	14	18,86608
440	IDOL_MINNIE_Su3_440.txt	27	0,00276	13	1,29902	14	18,18628
441	IDOL_MINNIE_Su3_441.txt	21	0,00418	19	1,2318	2	2,46361
442	IDOL_MINNIE_Su3_442.txt	11	0,00309	19	1,12667	8	9,01333
443	IDOL_MINNIE_Su3_443.txt	4	0,00436	19	1,03125	15	15,46878
444	IDOL_MINNIE_Su3_444.txt	4	0,00373	19	0,93702	15	14,05535
445	IDOL_MINNIE_Su3_445.txt	4	0,00401	19	0,81762	15	12,26434
446	IDOL_MINNIE_Su3_446.txt	12	0,00273	19	0,74112	7	5,18784
447	IDOL_MINNIE_Su3_447.txt	21	0,00343	19	0,6792	2	1,35839
448	IDOL_MINNIE_Su3_448.txt	27	0,00492	19	0,6792	8	5,43358
449	IDOL_MINNIE_Su3_449.txt	3	0,00413	19	0,63162	16	10,10597
450	IDOL_MINNIE_Su3_450.txt	3	0,0128	19	0,60981	16	9,75702
451	IDOL_MINNIE_Su3_451.txt	3	0,00757	19	0,59863	16	9,57814
452	IDOL_MINNIE_Su3_452.txt	19	0,00519	19	0,60591	0	0
453	IDOL_MINNIE_Su3_453.txt	19	0,00515	19	0,60556	0	0
454	IDOL_MINNIE_Su3_454.txt	19	0,00719	19	0,62298	0	0
455	IDOL_MINNIE_Su3_455.txt	3	0,00633	19	0,64322	16	10,29157
456	IDOL_MINNIE_Su3_456.txt	9	0,00451	19	0,6624	10	6,62404
457	IDOL_MINNIE_Su3_457.txt	9	0,00644	19	0,68025	10	6,80248
458	IDOL_MINNIE_Su3_458.txt	22	0,00636	19	0,68732	3	2,06196
459	IDOL_MINNIE_Su3_459.txt	23	0,0044	19	0,69162	4	2,7665
460	IDOL_MINNIE_Su3_460.txt	23	0,00505	19	0,69449	4	2,77796
461	IDOL_MINNIE_Su3_461.txt	13	0,00756	19	0,70305	6	4,21828
462	IDOL_MINNIE_Su3_462.txt	20	0,00619	19	0,71751	1	0,71751
463	IDOL_MINNIE_Su3_463.txt	2	0,00454	13	0,4967	11	5,46375
464	IDOL_MINNIE_Su3_464.txt	13	0,00489	13	0,43711	0	0
465	IDOL_MINNIE_Su3_465.txt	22	0,00452	13	0,3593	9	3,23366
466	IDOL_MINNIE_Su3_466.txt	8	0,00338	13	0,19071	5	0,95357
467	IDOL_MINNIE_Su3_467.txt	14	0,00394	13	0,25676	1	0,25676
468	IDOL_MINNIE_Su3_468.txt	8	0,0061	13	0,34989	5	1,74944
469	IDOL_MINNIE_Su3_469.txt	22	0,00443	13	0,4461	9	4,01487
470	IDOL_MINNIE_Su3_470.txt	14	0,00451	13	0,4461	1	0,4461
471	IDOL_MINNIE_Su3_471.txt	13	0,00479	18	0,51453	5	2,57266
472	IDOL_MINNIE_Su3_472.txt	13	0,00463	18	0,41337	5	2,06686
473	IDOL_MINNIE_Su3_473.txt	22	0,00639	18	0,2997	4	1,19881
474	IDOL_MINNIE_Su3_474.txt	11	0,00736	18	0,1913	7	1,33908
475	IDOL_MINNIE_Su3_475.txt	13	0,0062	18	0,14177	5	0,70885
476	IDOL_MINNIE_Su3_476.txt	13	0,00531	18	0,05193	5	0,25966
477	IDOL_MINNIE_Su3_477.txt	13	0,00627	18	0,08166	5	0,40831
478	IDOL_MINNIE_Su3_478.txt	13	0,006	18	0,17077	5	0,85386
479	IDOL_MINNIE_Su3_479.txt	13	0,00674	18	0,28569	5	1,42845
480	IDOL_MINNIE_Su3_480.txt	13	0,00539	14	0,36528	1	0,36528
481	IDOL_MINNIE_Su3_481.txt	13	0,00823	14	0,37352	1	0,37352
482	IDOL_MINNIE_Su3_482.txt	13	0,00438	14	0,40616	1	0,40616
483	IDOL_MINNIE_Su3_483.txt	13	0,00436	14	0,45867	1	0,45867
484	IDOL_MINNIE_Su3_484.txt	13	0,00449	14	0,5263	1	0,5263
485	IDOL_MINNIE_Su3_485.txt	13	0,00451	15	0,52268	2	1,04536
486	IDOL_MINNIE_Su3_486.txt	22	0,00356	15	0,43257	7	3,02796
487	IDOL_MINNIE_Su3_487.txt	22	0,00347	15	0,34255	7	2,39785
488	IDOL_MINNIE_Su3_488.txt	22	0,00378	15	0,25289	7	1,77022
489	IDOL_MINNIE_Su3_489.txt	22	0,00422	15	0,13154	7	0,92079
490	IDOL_MINNIE_Su3_490.txt	22	0,00474	15	0,11152	7	0,78062
491	IDOL_MINNIE_Su3_491.txt	22	0,00439	15	0,11152	7	0,78062
492	IDOL_MINNIE_Su3_492.txt	22	0,00458	15	0,16195	7	1,13362
493	IDOL_MINNIE_Su3_493.txt	9	0,0046	15	0,24175	6	1,45052
494	IDOL_MINNIE_Su3_494.txt	9	0,00445	15	0,32655	6	1,95928
495	IDOL_MINNIE_Su3_495.txt	9	0,00419	17	0,32842	8	2,62737
496	IDOL_MINNIE_Su3_496.txt	22	0,00513	17	0,23593	5	1,17967
497	IDOL_MINNIE_Su3_497.txt	22	0,00435	17	0,15066	5	0,75328
498	IDOL_MINNIE_Su3_498.txt	22	0,0035	17	0,06834	5	0,34172
499	IDOL_MINNIE_Su3_499.txt	22	0,00611	17	0,0805	5	0,4025
500	IDOL_MINNIE_Su3_500.txt	23	0,0048	17	0,16511	6	0,99063
501	IDOL_MINNIE_Su3_501.txt	22	0,00301	17	0,26919	5	1,34596
502	IDOL_MINNIE_Su3_502.txt	22	0,00328	16	0,3161	6	1,8966
503	IDOL_MINNIE_Su3_503.txt	22	0,00414	16	0,28396	6	1,70376
504	IDOL_MINNIE_Su3_504.txt	22	0,00736	16	0,2696	6	1,61759
505	IDOL_MINNIE_Su3_505.txt	9	0,00603	16	0,26937	7	1,88557
506	IDOL_MINNIE_Su3_506.txt	22	0,00627	16	0,27386	6	1,64318
507	IDOL_MINNIE_Su3_507.txt	9	0,00994	16	0,27386	7	1,91704
508	IDOL_MINNIE_Su3_508.txt	9	0,00629	16	0,27891	7	1,95237
509	IDOL_MINNIE_Su3_509.txt	9	0,00952	16	0,28337	7	1,9836
510	IDOL_MINNIE_Su3_510.txt	9	0,00782	16	0,30117	7	2,10819
511	IDOL_MINNIE_Su3_511.txt	9	0,00577	16	0,30488	7	2,13418
512	IDOL_MINNIE_Su3_512.txt	22	0,00727	16	0,30836	6	1,85018
513	IDOL_MINNIE_Su3_513.txt	22	0,01204	16	0,30265	6	1,81591
514	IDOL_MINNIE_Su3_514.txt	22	0,01772	16	0,29018	6	1,74108
515	IDOL_MINNIE_Su3_515.txt	22	0,00805	16	0,27045	6	1,62272
516	IDOL_MINNIE_Su3_516.txt	22	0,00474	16	0,25572	6	1,53431
517	IDOL_MINNIE_Su3_517.txt	22	0,00446	16	0,2432	6	1,45919
518	IDOL_MINNIE_Su3_518.txt	22	0,00376	16	0,24615	6	1,47687
519	IDOL_MINNIE_Su3_519.txt	22	0,00359	16	0,2423	6	1,45383
520	IDOL_MINNIE_Su3_520.txt	22	0,00419	16	0,2353	6	1,41179
521	IDOL_MINNIE_Su3_521.txt	22	0,00356	16	0,23159	6	1,38953
522	IDOL_MINNIE_Su3_522.txt	22	0,00385	16	0,2386	6	1,4316
523	IDOL_MINNIE_Su3_523.txt	22	0,00428	16	0,2386	6	1,4316
524	IDOL_MINNIE_Su3_524.txt	22	0,00412	16	0,24932	6	1,49592
525	IDOL_MINNIE_Su3_525.txt	22	0,00392	16	0,25522	6	1,53132
526	IDOL_MINNIE_Su3_526.txt	22	0,0043	16	0,25238	6	1,51425
527	IDOL_MINNIE_Su3_527.txt	22	0,00393	16	0,24238	6	1,45428
528	IDOL_MINNIE_Su3_528.txt	22	0,00489	16	0,2274	6	1,36441
529	IDOL_MINNIE_Su3_529.txt	9	0,00545	16	0,20081	7	1,40568
530	IDOL_MINNIE_Su3_530.txt	22	0,00391	16	0,18644	6	1,11865
531	IDOL_MINNIE_Su3_531.txt	22	0,00383	16	0,17763	6	1,06575
532	IDOL_MINNIE_Su3_532.txt	22	0,00369	16	0,17195	6	1,03168
533	IDOL_MINNIE_Su3_533.txt	22	0,00373	16	0,15796	6	0,94776
534	IDOL_MINNIE_Su3_534.txt	22	0,00437	16	0,14007	6	0,8404
535	IDOL_MINNIE_Su3_535.txt	23	0,00426	16	0,11271	7	0,78898
536	IDOL_MINNIE_Su3_536.txt	23	0,00387	16	0,09796	7	0,68571
537	IDOL_MINNIE_Su3_537.txt	23	0,00452	16	0,09481	7	0,66368
538	IDOL_MINNIE_Su3_538.txt	23	0,00605	16	0,09449	7	0,6614
539	IDOL_MINNIE_Su3_539.txt	23	0,00702	16	0,09449	7	0,6614
540	IDOL_MINNIE_Su3_540.txt	6	0,01016	16	0,09531	10	0,95315
541	IDOL_MINNIE_Su3_541.txt	6	0,01353	16	0,10509	10	1,05086
542	IDOL_MINNIE_Su3_542.txt	6	0,01466	16	0,12156	10	1,21563
543	IDOL_MINNIE_Su3_543.txt	6	0,01521	16	0,16355	10	1,63547
544	IDOL_MINNIE_Su3_544.txt	6	0,01433	16	0,20704	10	2,07043
545	IDOL_MINNIE_Su3_545.txt	6	0,01816	16	0,23988	10	2,39882
546	IDOL_MINNIE_Su3_546.txt	6	0,01865	16	0,25847	10	2,58466
547	IDOL_MINNIE_Su3_547.txt	6	0,01878	16	0,27278	10	2,72779
548	IDOL_MINNIE_Su3_548.txt	6	0,0167	16	0,26478	10	2,64781
549	IDOL_MINNIE_Su3_549.txt	6	0,01363	16	0,26032	10	2,60319
550	IDOL_MINNIE_Su3_550.txt	16	0,00644	16	0,2539	0	0
551	IDOL_MINNIE_Su3_551.txt	14	0,00513	16	0,24533	2	0,49066
552	IDOL_MINNIE_Su3_552.txt	14	0,00411	16	0,23605	2	0,47211
553	IDOL_MINNIE_Su3_553.txt	5	0,0042	16	0,22677	11	2,49445
554	IDOL_MINNIE_Su3_554.txt	5	0,00453	16	0,21497	11	2,36468
555	IDOL_MINNIE_Su3_555.txt	14	0,00629	16	0,21497	2	0,42994
556	IDOL_MINNIE_Su3_556.txt	8	0,00474	16	0,20469	8	1,63755
557	IDOL_MINNIE_Su3_557.txt	22	0,00529	16	0,19264	6	1,15583
558	IDOL_MINNIE_Su3_558.txt	22	0,00548	16	0,18079	6	1,08475
559	IDOL_MINNIE_Su3_559.txt	22	0,00544	16	0,16581	6	0,99483
560	IDOL_MINNIE_Su3_560.txt	9	0,00461	16	0,14354	7	1,00479
561	IDOL_MINNIE_Su3_561.txt	23	0,0048	16	0,12431	7	0,87017
562	IDOL_MINNIE_Su3_562.txt	22	0,00408	16	0,12278	6	0,73666
563	IDOL_MINNIE_Su3_563.txt	23	0,00427	16	0,12421	7	0,86947
564	IDOL_MINNIE_Su3_564.txt	22	0,00437	16	0,14934	6	0,89602
565	IDOL_MINNIE_Su3_565.txt	3	0,00596	16	0,18815	13	2,44593
566	IDOL_MINNIE_Su3_566.txt	23	0,00432	16	0,2473	7	1,73112
567	IDOL_MINNIE_Su3_567.txt	22	0,00411	17	0,29866	5	1,49328
568	IDOL_MINNIE_Su3_568.txt	22	0,00573	17	0,23598	5	1,17991
569	IDOL_MINNIE_Su3_569.txt	23	0,00529	17	0,18484	6	1,10902
570	IDOL_MINNIE_Su3_570.txt	23	0,00503	17	0,14844	6	0,89067
571	IDOL_MINNIE_Su3_571.txt	23	0,0057	17	0,14844	6	0,89067
572	IDOL_MINNIE_Su3_572.txt	23	0,00546	17	0,13572	6	0,81434
573	IDOL_MINNIE_Su3_573.txt	13	0,00623	17	0,12709	4	0,50835
574	IDOL_MINNIE_Su3_574.txt	24	0,00739	17	0,12519	7	0,87635
575	IDOL_MINNIE_Su3_575.txt	2	0,00469	17	0,11279	15	1,69178
576	IDOL_MINNIE_Su3_576.txt	22	0,0045	17	0,09818	5	0,4909
577	IDOL_MINNIE_Su3_577.txt	23	0,00484	17	0,09217	6	0,553
578	IDOL_MINNIE_Su3_578.txt	7	0,00472	17	0,10489	10	1,04887
579	IDOL_MINNIE_Su3_579.txt	19	0,00676	17	0,15535	2	0,3107
580	IDOL_MINNIE_Su3_580.txt	3	0,00577	17	0,17953	14	2,51347
581	IDOL_MINNIE_Su3_581.txt	3	0,00542	17	0,2481	14	3,47335
582	IDOL_MINNIE_Su3_582.txt	18	0,00554	17	0,34134	1	0,34134
583	IDOL_MINNIE_Su3_583.txt	17	0,00204	15	0,34589	2	0,69178
584	IDOL_MINNIE_Su3_584.txt	18	0,00245	15	0,25092	3	0,75277
585	IDOL_MINNIE_Su3_585.txt	17	0,00254	15	0,13958	2	0,27916
586	IDOL_MINNIE_Su3_586.txt	20	0,0049	15	0,05008	5	0,25039
587	IDOL_MINNIE_Su3_587.txt	3	0,00491	15	0,05008	12	0,60095
588	IDOL_MINNIE_Su3_588.txt	9	0,0067	15	0,09244	6	0,55465
589	IDOL_MINNIE_Su3_589.txt	9	0,00565	15	0,19703	6	1,1822
590	IDOL_MINNIE_Su3_590.txt	3	0,00448	15	0,29305	12	3,51663
591	IDOL_MINNIE_Su3_591.txt	9	0,00523	15	0,40349	6	2,42097
592	IDOL_MINNIE_Su3_592.txt	9	0,00671	15	0,51186	6	3,07116
593	IDOL_MINNIE_Su3_593.txt	9	0,00526	14	0,45912	5	2,29559
594	IDOL_MINNIE_Su3_594.txt	9	0,00482	14	0,37097	5	1,85484
595	IDOL_MINNIE_Su3_595.txt	3	0,00717	14	0,29467	11	3,24141
596	IDOL_MINNIE_Su3_596.txt	3	0,00731	14	0,23548	11	2,5903
597	IDOL_MINNIE_Su3_597.txt	3	0,01027	14	0,21712	11	2,38827
598	IDOL_MINNIE_Su3_598.txt	25	0,00739	14	0,24303	11	2,67338
599	IDOL_MINNIE_Su3_599.txt	25	0,00704	18	0,20459	7	1,43212
600	IDOL_MINNIE_Su3_600.txt	25	0,00136	18	0,11791	7	0,82537
601	IDOL_MINNIE_Su3_601.txt	17	0,00283	18	0,10469	1	0,10469
602	IDOL_MINNIE_Su3_602.txt	17	0,00309	18	0,17283	1	0,17283
603	IDOL_MINNIE_Su3_603.txt	17	0,00298	18	0,17283	1	0,17283
604	IDOL_MINNIE_Su3_604.txt	25	0,00322	18	0,26932	7	1,88526
605	IDOL_MINNIE_Su3_605.txt	17	0,00226	18	0,37058	1	0,37058
606	IDOL_MINNIE_Su3_606.txt	25	0,0026	18	0,45853	7	3,2097
607	IDOL_MINNIE_Su3_607.txt	25	0,0034	13	0,47181	12	5,66177
608	IDOL_MINNIE_Su3_608.txt	25	0,00324	13	0,34683	12	4,16197
609	IDOL_MINNIE_Su3_609.txt	25	0,00353	13	0,25066	12	3,00794
610	IDOL_MINNIE_Su3_610.txt	17	0,00384	13	0,16406	4	0,65624
611	IDOL_MINNIE_Su3_611.txt	17	0,00319	13	0,05872	4	0,23489
612	IDOL_MINNIE_Su3_612.txt	25	0,00201	13	0,06499	12	0,7799
613	IDOL_MINNIE_Su3_613.txt	3	0,00471	13	0,16725	10	1,67251
614	IDOL_MINNIE_Su3_614.txt	26	0,00513	13	0,27135	13	3,52759
615	IDOL_MINNIE_Su3_615.txt	25	0,00316	19	0,699	6	4,19401
616	IDOL_MINNIE_Su3_616.txt	18	0,00524	19	0,69192	1	0,69192
617	IDOL_MINNIE_Su3_617.txt	27	0,00498	19	0,67597	8	5,40773
618	IDOL_MINNIE_Su3_618.txt	27	0,00475	19	0,6653	8	5,32239
619	IDOL_MINNIE_Su3_619.txt	3	0,00423	19	0,65066	16	10,41059
620	IDOL_MINNIE_Su3_620.txt	3	0,00379	19	0,63974	16	10,23581
621	IDOL_MINNIE_Su3_621.txt	3	0,00507	19	0,62173	16	9,94767
622	IDOL_MINNIE_Su3_622.txt	3	0,00583	19	0,60534	16	9,6855
623	IDOL_MINNIE_Su3_623.txt	7	0,00719	19	0,58554	12	7,02649
624	IDOL_MINNIE_Su3_624.txt	3	0,00931	19	0,55596	16	8,8954
625	IDOL_MINNIE_Su3_625.txt	3	0,00673	19	0,52726	16	8,43623
626	IDOL_MINNIE_Su3_626.txt	19	0,00682	19	0,48668	0	0
627	IDOL_MINNIE_Su3_627.txt	3	0,00597	19	0,45171	16	7,22741
628	IDOL_MINNIE_Su3_628.txt	3	0,00443	19	0,41663	16	6,66613
629	IDOL_MINNIE_Su3_629.txt	11	0,00475	19	0,41663	8	3,33307
630	IDOL_MINNIE_Su3_630.txt	11	0,00621	19	0,38689	8	3,09513
631	IDOL_MINNIE_Su3_631.txt	21	0,00444	19	0,3706	2	0,74121
632	IDOL_MINNIE_Su3_632.txt	12	0,00309	19	0,37154	7	2,60078
633	IDOL_MINNIE_Su3_633.txt	11	0,00375	20	0,36894	9	3,32044
634	IDOL_MINNIE_Su3_634.txt	27	0,00175	20	0,31439	7	2,2007
635	IDOL_MINNIE_Su3_635.txt	27	0,00374	20	0,27406	7	1,91844
636	IDOL_MINNIE_Su3_636.txt	21	0,00457	20	0,28601	1	0,28601
637	IDOL_MINNIE_Su3_637.txt	20	0,00428	20	0,32275	0	0
638	IDOL_MINNIE_Su3_638.txt	11	0,00277	20	0,38344	9	3,45099
639	IDOL_MINNIE_Su3_639.txt	11	0,00413	20	0,45073	9	4,05661
640	IDOL_MINNIE_Su3_640.txt	26	0,004	20	0,5398	6	3,23881
641	IDOL_MINNIE_Su3_641.txt	9	0,00586	20	0,60138	11	6,61521
642	IDOL_MINNIE_Su3_642.txt	9	0,00638	20	0,65097	11	7,16069
643	IDOL_MINNIE_Su3_643.txt	9	0,00633	20	0,69183	11	7,61012
644	IDOL_MINNIE_Su3_644.txt	9	0,00681	20	0,71168	11	7,82843
645	IDOL_MINNIE_Su3_645.txt	9	0,00514	20	0,74186	11	8,1605
646	IDOL_MINNIE_Su3_646.txt	19	0,00633	20	0,7477	1	0,7477
647	IDOL_MINNIE_Su3_647.txt	19	0,00497	20	0,7477	1	0,7477
648	IDOL_MINNIE_Su3_648.txt	9	0,00741	20	0,74256	11	8,16821
649	IDOL_MINNIE_Su3_649.txt	9	0,00647	20	0,72933	11	8,02262
650	IDOL_MINNIE_Su3_650.txt	9	0,00575	20	0,7113	11	7,82432
651	IDOL_MINNIE_Su3_651.txt	9	0,00645	20	0,68712	11	7,55835
652	IDOL_MINNIE_Su3_652.txt	3	0,00606	20	0,65759	17	11,17904
653	IDOL_MINNIE_Su3_653.txt	7	0,00546	20	0,63657	13	8,27542
654	IDOL_MINNIE_Su3_654.txt	19	0,00603	20	0,61957	1	0,61957
655	IDOL_MINNIE_Su3_655.txt	19	0,00871	20	0,60558	1	0,60558
656	IDOL_MINNIE_Su3_656.txt	3	0,008	20	0,58792	17	9,99461
657	IDOL_MINNIE_Su3_657.txt	3	0,00801	20	0,56994	17	9,68903
658	IDOL_MINNIE_Su3_658.txt	19	0,00847	20	0,5513	1	0,5513
659	IDOL_MINNIE_Su3_659.txt	19	0,0062	20	0,5321	1	0,5321
660	IDOL_MINNIE_Su3_660.txt	3	0,00573	20	0,51525	17	8,75922
661	IDOL_MINNIE_Su3_661.txt	3	0,00553	20	0,51299	17	8,7208
662	IDOL_MINNIE_Su3_662.txt	3	0,00423	20	0,50999	17	8,66978
663	IDOL_MINNIE_Su3_663.txt	3	0,00396	20	0,50999	17	8,66978
664	IDOL_MINNIE_Su3_664.txt	3	0,00578	20	0,54137	17	9,20321
665	IDOL_MINNIE_Su3_665.txt	3	0,0044	20	0,53278	17	9,05732
666	IDOL_MINNIE_Su3_666.txt	3	0,00408	20	0,53623	17	9,11583
667	IDOL_MINNIE_Su3_667.txt	3	0,00614	20	0,54611	17	9,28391
668	IDOL_MINNIE_Su3_668.txt	11	0,00631	20	0,55444	9	4,98994
669	IDOL_MINNIE_Su3_669.txt	11	0,00556	19	0,53658	8	4,29262
670	IDOL_MINNIE_Su3_670.txt	11	0,00393	19	0,50714	8	4,05714
671	IDOL_MINNIE_Su3_671.txt	11	0,00749	19	0,48194	8	3,85552
672	IDOL_MINNIE_Su3_672.txt	21	0,0015	19	0,50754	2	1,01507
673	IDOL_MINNIE_Su3_673.txt	27	0,00198	19	0,54977	8	4,39814
674	IDOL_MINNIE_Su3_674.txt	21	0,00265	19	0,62184	2	1,24368
675	IDOL_MINNIE_Su3_675.txt	11	0,00598	19	0,70848	8	5,66786
676	IDOL_MINNIE_Su3_676.txt	11	0,01034	13	0,70992	2	1,41983
677	IDOL_MINNIE_Su3_677.txt	11	0,0067	13	0,73588	2	1,47176
678	IDOL_MINNIE_Su3_678.txt	11	0,00927	13	0,76532	2	1,53064
679	IDOL_MINNIE_Su3_679.txt	11	0,00711	13	0,76532	2	1,53064
680	IDOL_MINNIE_Su3_680.txt	11	0,00779	13	0,80995	2	1,6199
681	IDOL_MINNIE_Su3_681.txt	21	0,00616	13	0,86405	8	6,91243
682	IDOL_MINNIE_Su3_682.txt	21	0,00605	13	0,92667	8	7,41332
683	IDOL_MINNIE_Su3_683.txt	21	0,00751	13	0,98853	8	7,90826
684	IDOL_MINNIE_Su3_684.txt	11	0,00463	13	1,06517	2	2,13034
685	IDOL_MINNIE_Su3_685.txt	11	0,00626	13	1,17364	2	2,34728
686	IDOL_MINNIE_Su3_686.txt	21	0,00541	13	1,25754	8	10,06029
687	IDOL_MINNIE_Su3_687.txt	11	0,0101	12	1,12108	1	1,12108
688	IDOL_MINNIE_Su3_688.txt	20	0,00872	12	1,0301	8	8,24084
689	IDOL_MINNIE_Su3_689.txt	20	0,01023	12	0,9344	8	7,47518
690	IDOL_MINNIE_Su3_690.txt	20	0,01092	12	0,84152	8	6,73219
691	IDOL_MINNIE_Su3_691.txt	20	0,00779	12	0,75444	8	6,03555
692	IDOL_MINNIE_Su3_692.txt	20	0,01356	12	0,67353	8	5,38822
693	IDOL_MINNIE_Su3_693.txt	11	0,00643	12	0,60494	1	0,60494
694	IDOL_MINNIE_Su3_694.txt	11	0,00953	12	0,5345	1	0,5345
695	IDOL_MINNIE_Su3_695.txt	11	0,00864	12	0,4697	1	0,4697
696	IDOL_MINNIE_Su3_696.txt	11	0,00349	12	0,4697	1	0,4697
697	IDOL_MINNIE_Su3_697.txt	11	0,00301	12	0,36932	1	0,36932
698	IDOL_MINNIE_Su3_698.txt	11	0,00233	12	0,35477	1	0,35477
699	IDOL_MINNIE_Su3_699.txt	11	0,00539	12	0,36542	1	0,36542
700	IDOL_MINNIE_Su3_700.txt	11	0,00844	12	0,41645	1	0,41645
701	IDOL_MINNIE_Su3_701.txt	11	0,00492	12	0,47008	1	0,47008
702	IDOL_MINNIE_Su3_702.txt	11	0,00604	12	0,53834	1	0,53834
703	IDOL_MINNIE_Su3_703.txt	21	0,0056	12	0,6192	9	5,57283
704	IDOL_MINNIE_Su3_704.txt	11	0,0068	12	0,72864	1	0,72864
705	IDOL_MINNIE_Su3_705.txt	21	0,00387	12	0,82571	9	7,43141
706	IDOL_MINNIE_Su3_706.txt	11	0,00491	12	0,91881	1	0,91881
707	IDOL_MINNIE_Su3_707.txt	20	0,00451	12	1,00879	8	8,0703
708	IDOL_MINNIE_Su3_708.txt	20	0,00526	12	1,10595	8	8,84758
709	IDOL_MINNIE_Su3_709.txt	18	0,00621	12	1,20307	6	7,21842
710	IDOL_MINNIE_Su3_710.txt	18	0,00652	12	1,2956	6	7,77359
711	IDOL_MINNIE_Su3_711.txt	17	0,00204	11	1,26439	6	7,58635
712	IDOL_MINNIE_Su3_712.txt	17	0,0013	11	1,1779	6	7,06738
713	IDOL_MINNIE_Su3_713.txt	18	0,00565	11	1,1779	7	8,24528
714	IDOL_MINNIE_Su3_714.txt	3	0,0052	11	1,08491	8	8,67929
715	IDOL_MINNIE_Su3_715.txt	11	0,00366	11	0,99133	0	0
716	IDOL_MINNIE_Su3_716.txt	11	0,00569	11	0,89489	0	0
717	IDOL_MINNIE_Su3_717.txt	11	0,00835	11	0,80584	0	0
718	IDOL_MINNIE_Su3_718.txt	11	0,00694	11	0,71703	0	0
719	IDOL_MINNIE_Su3_719.txt	11	0,00505	11	0,6272	0	0
720	IDOL_MINNIE_Su3_720.txt	11	0,00654	11	0,54318	0	0
721	IDOL_MINNIE_Su3_721.txt	21	0,00463	11	0,46517	10	4,65168
722	IDOL_MINNIE_Su3_722.txt	21	0,00385	11	0,39359	10	3,93588
723	IDOL_MINNIE_Su3_723.txt	11	0,00453	11	0,33835	0	0
724	IDOL_MINNIE_Su3_724.txt	21	0,00321	11	0,3081	10	3,08104
725	IDOL_MINNIE_Su3_725.txt	21	0,00443	11	0,33854	10	3,38544
726	IDOL_MINNIE_Su3_726.txt	21	0,00404	21	0,27709	0	0
727	IDOL_MINNIE_Su3_727.txt	21	0,00251	21	0,20006	0	0
728	IDOL_MINNIE_Su3_728.txt	11	0,00227	21	0,14405	10	1,44047
729	IDOL_MINNIE_Su3_729.txt	11	0,0041	21	0,14394	10	1,43937
730	IDOL_MINNIE_Su3_730.txt	21	0,00366	21	0,14394	0	0
731	IDOL_MINNIE_Su3_731.txt	11	0,00575	21	0,22151	10	2,21509
732	IDOL_MINNIE_Su3_732.txt	27	0,00444	21	0,3227	6	1,9362
733	IDOL_MINNIE_Su3_733.txt	21	0,00444	21	0,42531	0	0
734	IDOL_MINNIE_Su3_734.txt	11	0,00536	21	0,52725	10	5,27245
735	IDOL_MINNIE_Su3_735.txt	11	0,00337	21	0,62766	10	6,27659
736	IDOL_MINNIE_Su3_736.txt	11	0,0031	9	0,61113	2	1,22226
737	IDOL_MINNIE_Su3_737.txt	11	0,00361	9	0,57627	2	1,15253
738	IDOL_MINNIE_Su3_738.txt	11	0,00389	9	0,58429	2	1,16858
739	IDOL_MINNIE_Su3_739.txt	27	0,00213	9	0,59731	18	10,75153
740	IDOL_MINNIE_Su3_740.txt	27	0,00297	9	0,63571	18	11,4427
741	IDOL_MINNIE_Su3_741.txt	27	0,00238	9	0,68311	18	12,29604
742	IDOL_MINNIE_Su3_742.txt	27	0,0034	9	0,74261	18	13,36699
743	IDOL_MINNIE_Su3_743.txt	11	0,00597	9	0,80605	2	1,61209
744	IDOL_MINNIE_Su3_744.txt	11	0,00621	9	0,87729	2	1,75457
745	IDOL_MINNIE_Su3_745.txt	18	0,00615	9	0,94948	9	8,54535
746	IDOL_MINNIE_Su3_746.txt	11	0,00645	9	0,94948	2	1,89897
747	IDOL_MINNIE_Su3_747.txt	18	0,00318	9	1,03207	9	9,28864
748	IDOL_MINNIE_Su3_748.txt	18	0,00489	9	1,11416	9	10,02743
749	IDOL_MINNIE_Su3_749.txt	18	0,00538	9	1,19623	9	10,76608
750	IDOL_MINNIE_Su3_750.txt	18	0,0062	9	1,28669	9	11,58024
751	IDOL_MINNIE_Su3_751.txt	18	0,00588	9	1,37081	9	12,33731
752	IDOL_MINNIE_Su3_752.txt	11	0,00492	9	1,46518	2	2,93037
753	IDOL_MINNIE_Su3_753.txt	11	0,00475	9	1,55421	2	3,10842
754	IDOL_MINNIE_Su3_754.txt	11	0,00456	9	1,65455	2	3,3091
755	IDOL_MINNIE_Su3_755.txt	21	0,00319	4	1,63943	17	27,87029
756	IDOL_MINNIE_Su3_756.txt	11	0,00271	4	1,54328	7	10,80298
757	IDOL_MINNIE_Su3_757.txt	21	0,00496	4	1,376	17	23,39196
758	IDOL_MINNIE_Su3_758.txt	11	0,00286	4	1,28383	7	8,98679
759	IDOL_MINNIE_Su3_759.txt	11	0,005	4	1,10769	7	7,75384
760	IDOL_MINNIE_Su3_760.txt	11	0,00735	4	0,97062	7	6,79437
761	IDOL_MINNIE_Su3_761.txt	11	0,00767	4	0,79955	7	5,59682
762	IDOL_MINNIE_Su3_762.txt	27	0,00669	4	0,79955	23	18,38954
763	IDOL_MINNIE_Su3_763.txt	26	0,00802	4	0,68288	22	15,02329
764	IDOL_MINNIE_Su3_764.txt	11	0,00542	4	0,5994	7	4,1958
765	IDOL_MINNIE_Su3_765.txt	25	0,00491	4	0,53591	21	11,25406
766	IDOL_MINNIE_Su3_766.txt	25	0,00635	4	0,47267	21	9,92598
767	IDOL_MINNIE_Su3_767.txt	3	0,00706	4	0,44147	1	0,44147
768	IDOL_MINNIE_Su3_768.txt	19	0,00416	4	0,44005	15	6,60074
769	IDOL_MINNIE_Su3_769.txt	3	0,01039	26	0,42961	23	9,88112
770	IDOL_MINNIE_Su3_770.txt	3	0,00702	26	0,38869	23	8,93984
771	IDOL_MINNIE_Su3_771.txt	19	0,00767	26	0,35937	7	2,5156
772	IDOL_MINNIE_Su3_772.txt	19	0,0074	26	0,34886	7	2,44205
773	IDOL_MINNIE_Su3_773.txt	19	0,00515	26	0,34139	7	2,3897
774	IDOL_MINNIE_Su3_774.txt	3	0,00373	26	0,33782	23	7,76975
775	IDOL_MINNIE_Su3_775.txt	26	0,00352	26	0,33585	0	0
776	IDOL_MINNIE_Su3_776.txt	26	0,00326	26	0,32563	0	0
777	IDOL_MINNIE_Su3_777.txt	4	0,00401	26	0,30434	22	6,69553
778	IDOL_MINNIE_Su3_778.txt	11	0,00643	26	0,29268	15	4,39015
779	IDOL_MINNIE_Su3_779.txt	22	0,00638	26	0,29268	4	1,17071
780	IDOL_MINNIE_Su3_780.txt	22	0,00595	22	0,5504	0	0
781	IDOL_MINNIE_Su3_781.txt	22	0,00475	22	0,49652	0	0
782	IDOL_MINNIE_Su3_782.txt	22	0,00363	22	0,40281	0	0
783	IDOL_MINNIE_Su3_783.txt	22	0,00303	22	0,31484	0	0
784	IDOL_MINNIE_Su3_784.txt	22	0,00301	22	0,21829	0	0
785	IDOL_MINNIE_Su3_785.txt	22	0,00254	22	0,10369	0	0
786	IDOL_MINNIE_Su3_786.txt	22	0,00271	22	0,01437	0	0
787	IDOL_MINNIE_Su3_787.txt	22	0,00381	22	0,10643	0	0
788	IDOL_MINNIE_Su3_788.txt	23	0,00501	22	0,22128	1	0,22128
789	IDOL_MINNIE_Su3_789.txt	23	0,00849	22	0,32126	1	0,32126
790	IDOL_MINNIE_Su3_790.txt	23	0,01378	22	0,43083	1	0,43083
791	IDOL_MINNIE_Su3_791.txt	23	0,00861	22	0,43083	1	0,43083
792	IDOL_MINNIE_Su3_792.txt	22	0,00377	22	0,52009	0	0
793	IDOL_MINNIE_Su3_793.txt	22	0,00393	25	0,50097	3	1,50292
794	IDOL_MINNIE_Su3_794.txt	22	0,00346	25	0,40783	3	1,2235
795	IDOL_MINNIE_Su3_795.txt	22	0,00311	25	0,30516	3	0,91547
796	IDOL_MINNIE_Su3_796.txt	22	0,00326	25	0,21103	3	0,63309
797	IDOL_MINNIE_Su3_797.txt	22	0,00327	25	0,10334	3	0,31003
798	IDOL_MINNIE_Su3_798.txt	22	0,0036	25	0,03491	3	0,10474
799	IDOL_MINNIE_Su3_799.txt	22	0,00472	25	0,16412	3	0,49236
800	IDOL_MINNIE_Su3_800.txt	22	0,0039	25	0,26297	3	0,7889
801	IDOL_MINNIE_Su3_801.txt	22	0,00309	25	0,37837	3	1,1351
802	IDOL_MINNIE_Su3_802.txt	22	0,00422	25	0,47304	3	1,41911
803	IDOL_MINNIE_Su3_803.txt	22	0,00442	25	0,5822	3	1,7466
804	IDOL_MINNIE_Su3_804.txt	22	0,00432	25	0,69412	3	2,08237
805	IDOL_MINNIE_Su3_805.txt	22	0,00349	25	0,79158	3	2,37475
806	IDOL_MINNIE_Su3_806.txt	22	0,00399	25	0,86393	3	2,5918
807	IDOL_MINNIE_Su3_807.txt	23	0,00452	25	0,91619	2	1,83238
808	IDOL_MINNIE_Su3_808.txt	23	0,00597	25	0,95936	2	1,91872
809	IDOL_MINNIE_Su3_809.txt	23	0,00718	25	0,98021	2	1,96041
810	IDOL_MINNIE_Su3_810.txt	23	0,00437	25	1,00291	2	2,00581
811	IDOL_MINNIE_Su3_811.txt	23	0,00402	25	1,00291	2	2,00581
812	IDOL_MINNIE_Su3_812.txt	23	0,00799	25	1,01127	2	2,02255
813	IDOL_MINNIE_Su3_813.txt	23	0,01017	25	1,00016	2	2,00032
814	IDOL_MINNIE_Su3_814.txt	23	0,01402	25	0,97798	2	1,95597
815	IDOL_MINNIE_Su3_815.txt	5	0,01758	25	0,94807	20	18,9615
816	IDOL_MINNIE_Su3_816.txt	23	0,01492	25	0,91658	2	1,83315
817	IDOL_MINNIE_Su3_817.txt	23	0,01516	25	0,89746	2	1,79492
818	IDOL_MINNIE_Su3_818.txt	5	0,02104	25	0,88564	20	17,71284
819	IDOL_MINNIE_Su3_819.txt	5	0,02259	25	0,87781	20	17,55629
820	IDOL_MINNIE_Su3_820.txt	5	0,02351	25	0,86853	20	17,37058
821	IDOL_MINNIE_Su3_821.txt	5	0,0217	25	0,86038	20	17,20758
822	IDOL_MINNIE_Su3_822.txt	8	0,00715	25	0,99642	17	16,93909
823	IDOL_MINNIE_Su3_823.txt	6	0,00497	25	1,01225	19	19,23278
824	IDOL_MINNIE_Su3_824.txt	14	0,00487	25	1,03506	11	11,38571
825	IDOL_MINNIE_Su3_825.txt	6	0,00438	25	1,0681	19	20,29392
826	IDOL_MINNIE_Su3_826.txt	6	0,00511	25	1,11088	19	21,10681
827	IDOL_MINNIE_Su3_827.txt	6	0,00609	25	1,16643	19	22,1622
828	IDOL_MINNIE_Su3_828.txt	6	0,00743	25	1,23259	19	23,41913
829	IDOL_MINNIE_Su3_829.txt	23	0,00674	23	1,2644	0	0
830	IDOL_MINNIE_Su3_830.txt	23	0,00785	23	1,19209	0	0
831	IDOL_MINNIE_Su3_831.txt	5	0,0117	23	1,09851	18	19,7732
832	IDOL_MINNIE_Su3_832.txt	5	0,01096	23	1,02011	18	18,36205
833	IDOL_MINNIE_Su3_833.txt	23	0,00648	23	0,92904	0	0
834	IDOL_MINNIE_Su3_834.txt	23	0,00434	23	0,84652	0	0
835	IDOL_MINNIE_Su3_835.txt	23	0,00747	23	0,75979	0	0
836	IDOL_MINNIE_Su3_836.txt	23	0,00445	23	0,67548	0	0
837	IDOL_MINNIE_Su3_837.txt	23	0,0031	23	0,62603	0	0
838	IDOL_MINNIE_Su3_838.txt	23	0,00253	23	0,56854	0	0
839	IDOL_MINNIE_Su3_839.txt	23	0,00418	23	0,53826	0	0
840	IDOL_MINNIE_Su3_840.txt	23	0,00557	23	0,53223	0	0
841	IDOL_MINNIE_Su3_841.txt	23	0,00624	23	0,53223	0	0
842	IDOL_MINNIE_Su3_842.txt	9	0,00614	23	0,53297	14	7,46153
843	IDOL_MINNIE_Su3_843.txt	23	0,00673	23	0,53861	0	0
844	IDOL_MINNIE_Su3_844.txt	23	0,00695	23	0,54186	0	0
845	IDOL_MINNIE_Su3_845.txt	23	0,00705	23	0,53814	0	0
846	IDOL_MINNIE_Su3_846.txt	23	0,00552	23	0,53106	0	0
847	IDOL_MINNIE_Su3_847.txt	23	0,00569	23	0,51746	0	0
848	IDOL_MINNIE_Su3_848.txt	23	0,00559	23	0,49397	0	0
849	IDOL_MINNIE_Su3_849.txt	23	0,00561	23	0,47504	0	0
850	IDOL_MINNIE_Su3_850.txt	23	0,00492	23	0,45667	0	0
851	IDOL_MINNIE_Su3_851.txt	23	0,00475	23	0,43177	0	0
852	IDOL_MINNIE_Su3_852.txt	23	0,00468	23	0,41479	0	0
853	IDOL_MINNIE_Su3_853.txt	23	0,00387	23	0,39962	0	0
854	IDOL_MINNIE_Su3_854.txt	23	0,00864	23	0,37703	0	0
855	IDOL_MINNIE_Su3_855.txt	23	0,00509	23	0,34792	0	0
856	IDOL_MINNIE_Su3_856.txt	23	0,00641	23	0,29982	0	0
857	IDOL_MINNIE_Su3_857.txt	23	0,00711	23	0,25902	0	0
858	IDOL_MINNIE_Su3_858.txt	23	0,00732	23	0,19758	0	0
859	IDOL_MINNIE_Su3_859.txt	23	0,00497	23	0,12344	0	0
860	IDOL_MINNIE_Su3_860.txt	23	0,00267	23	0,06875	0	0
861	IDOL_MINNIE_Su3_861.txt	23	0,00544	23	0,06875	0	0
862	IDOL_MINNIE_Su3_862.txt	23	0,00422	23	0,10547	0	0
863	IDOL_MINNIE_Su3_863.txt	22	0,00412	23	0,17835	1	0,17835
864	IDOL_MINNIE_Su3_864.txt	22	0,00363	23	0,29765	1	0,29765
865	IDOL_MINNIE_Su3_865.txt	23	0,00527	23	0,38722	0	0
866	IDOL_MINNIE_Su3_866.txt	22	0,00617	23	0,48028	1	0,48028
867	IDOL_MINNIE_Su3_867.txt	22	0,00527	23	0,5658	1	0,5658
868	IDOL_MINNIE_Su3_868.txt	22	0,00708	23	0,64383	1	0,64383
869	IDOL_MINNIE_Su3_869.txt	22	0,00507	23	0,71176	1	0,71176
870	IDOL_MINNIE_Su3_870.txt	23	0,00564	23	0,78487	0	0
871	IDOL_MINNIE_Su3_871.txt	22	0,00435	23	0,86534	1	0,86534
872	IDOL_MINNIE_Su3_872.txt	22	0,00407	24	0,93934	2	1,87868
873	IDOL_MINNIE_Su3_873.txt	22	0,00311	24	0,83957	2	1,67913
874	IDOL_MINNIE_Su3_874.txt	22	0,00481	24	0,74806	2	1,49612
875	IDOL_MINNIE_Su3_875.txt	1	0,00484	24	0,65217	23	14,99986
876	IDOL_MINNIE_Su3_876.txt	1	0,00494	24	0,55366	23	12,73429
877	IDOL_MINNIE_Su3_877.txt	1	0,00611	24	0,465	23	10,69497
878	IDOL_MINNIE_Su3_878.txt	2	0,00508	24	0,34314	22	7,54906
879	IDOL_MINNIE_Su3_879.txt	2	0,00606	24	0,24787	22	5,45309
880	IDOL_MINNIE_Su3_880.txt	24	0,00708	24	0,10861	0	0
881	IDOL_MINNIE_Su3_881.txt	24	0,00558	24	0,05878	0	0
882	IDOL_MINNIE_Su3_882.txt	24	0,00713	24	0,04311	0	0
883	IDOL_MINNIE_Su3_883.txt	24	0,00469	24	0,40041	0	0
884	IDOL_MINNIE_Su3_884.txt	24	0,00779	24	0,51319	0	0
885	IDOL_MINNIE_Su3_885.txt	0	0,00669	24	0,51319	24	12,31647
886	IDOL_MINNIE_Su3_886.txt	0	0,00752	24	0,60709	24	14,57016
887	IDOL_MINNIE_Su3_887.txt	24	0,00766	24	0,69845	0	0
888	IDOL_MINNIE_Su3_888.txt	0	0,00662	24	0,76381	24	18,33138
889	IDOL_MINNIE_Su3_889.txt	24	0,00785	24	0,79817	0	0
890	IDOL_MINNIE_Su3_890.txt	24	0,00648	24	0,82361	0	0
891	IDOL_MINNIE_Su3_891.txt	24	0,0074	24	0,83999	0	0
892	IDOL_MINNIE_Su3_892.txt	24	0,00877	24	0,86409	0	0
893	IDOL_MINNIE_Su3_893.txt	24	0,00613	24	0,90104	0	0
894	IDOL_MINNIE_Su3_894.txt	24	0,00681	24	0,96648	0	0
895	IDOL_MINNIE_Su3_895.txt	24	0,00554	24	1,03085	0	0
896	IDOL_MINNIE_Su3_896.txt	2	0,00554	24	1,06744	22	23,48367
897	IDOL_MINNIE_Su3_897.txt	2	0,00512	24	1,16724	22	25,6792
898	IDOL_MINNIE_Su3_898.txt	2	0,00585	24	1,19812	22	26,35855
899	IDOL_MINNIE_Su3_899.txt	2	0,00521	24	1,23168	22	27,09697
900	IDOL_MINNIE_Su3_900.txt	2	0,00416	24	1,27235	22	27,99181
901	IDOL_MINNIE_Su3_901.txt	22	0,00428	24	1,32058	2	2,64116
902	IDOL_MINNIE_Su3_902.txt	2	0,00519	24	1,3802	22	30,36445
903	IDOL_MINNIE_Su3_903.txt	23	0,00752	24	1,44083	1	1,44083
904	IDOL_MINNIE_Su3_904.txt	2	0,00569	24	1,4999	22	32,9978
905	IDOL_MINNIE_Su3_905.txt	2	0,00545	24	1,55054	22	34,11191
906	IDOL_MINNIE_Su3_906.txt	2	0,00492	24	1,59483	22	35,08623
907	IDOL_MINNIE_Su3_907.txt	22	0,00335	24	1,64089	2	3,28177
908	IDOL_MINNIE_Su3_908.txt	22	0,00358	24	1,67869	2	3,35739
909	IDOL_MINNIE_Su3_909.txt	22	0,00438	24	1,67869	2	3,35739
910	IDOL_MINNIE_Su3_910.txt	22	0,00477	25	1,6342	3	4,9026
911	IDOL_MINNIE_Su3_911.txt	22	0,00452	25	1,51842	3	4,55525
912	IDOL_MINNIE_Su3_912.txt	22	0,00602	25	1,41268	3	4,23803
913	IDOL_MINNIE_Su3_913.txt	22	0,01481	25	1,30902	3	3,92707
914	IDOL_MINNIE_Su3_914.txt	2	0,00431	25	1,20456	23	27,70496
915	IDOL_MINNIE_Su3_915.txt	2	0,00613	25	1,11356	23	25,61192
916	IDOL_MINNIE_Su3_916.txt	22	0,00582	25	1,0276	3	3,08279
917	IDOL_MINNIE_Su3_917.txt	23	0,01048	25	0,97033	2	1,94066
918	IDOL_MINNIE_Su3_918.txt	23	0,01015	25	0,92888	2	1,85776
919	IDOL_MINNIE_Su3_919.txt	23	0,01287	25	0,89512	2	1,79024
920	IDOL_MINNIE_Su3_920.txt	5	0,0182	25	0,84699	20	16,9397
921	IDOL_MINNIE_Su3_921.txt	23	0,01181	25	0,78564	2	1,57128
922	IDOL_MINNIE_Su3_922.txt	23	0,01331	25	0,71584	2	1,43169
923	IDOL_MINNIE_Su3_923.txt	23	0,00888	25	0,63737	2	1,27475
924	IDOL_MINNIE_Su3_924.txt	23	0,01028	25	0,57328	2	1,14657
925	IDOL_MINNIE_Su3_925.txt	23	0,00709	25	0,5215	2	1,04299
926	IDOL_MINNIE_Su3_926.txt	23	0,00866	25	0,48242	2	0,96485
927	IDOL_MINNIE_Su3_927.txt	23	0,01251	25	0,45094	2	0,90188
928	IDOL_MINNIE_Su3_928.txt	23	0,01535	25	0,42498	2	0,84997
929	IDOL_MINNIE_Su3_929.txt	23	0,00972	25	0,40684	2	0,81368
930	IDOL_MINNIE_Su3_930.txt	23	0,01057	25	0,39908	2	0,79815
931	IDOL_MINNIE_Su3_931.txt	23	0,01008	25	0,38872	2	0,77745
932	IDOL_MINNIE_Su3_932.txt	23	0,00783	25	0,38872	2	0,77745
933	IDOL_MINNIE_Su3_933.txt	3	0,00593	25	0,37902	22	8,33851
934	IDOL_MINNIE_Su3_934.txt	19	0,00862	25	0,36119	6	2,16713
935	IDOL_MINNIE_Su3_935.txt	26	0,00717	25	0,33076	1	0,33076
936	IDOL_MINNIE_Su3_936.txt	19	0,0069	25	0,30151	6	1,80908
937	IDOL_MINNIE_Su3_937.txt	7	0,00827	25	0,26511	18	4,77193
938	IDOL_MINNIE_Su3_938.txt	25	0,00463	25	0,23097	0	0
939	IDOL_MINNIE_Su3_939.txt	3	0,00359	25	0,21125	22	4,64753
940	IDOL_MINNIE_Su3_940.txt	22	0,00314	25	0,21925	3	0,65775
941	IDOL_MINNIE_Su3_941.txt	3	0,0034	25	0,24751	22	5,44522
942	IDOL_MINNIE_Su3_942.txt	22	0,00317	25	0,28359	3	0,85077
943	IDOL_MINNIE_Su3_943.txt	22	0,00291	25	0,32208	3	0,96624
944	IDOL_MINNIE_Su3_944.txt	3	0,0035	25	0,35089	22	7,71952
945	IDOL_MINNIE_Su3_945.txt	3	0,0027	25	0,39206	22	8,62543
946	IDOL_MINNIE_Su3_946.txt	3	0,00606	25	0,43897	22	9,6574
947	IDOL_MINNIE_Su3_947.txt	18	0,00371	25	0,49257	7	3,44797
948	IDOL_MINNIE_Su3_948.txt	18	0,00533	25	0,57696	7	4,03875
949	IDOL_MINNIE_Su3_949.txt	25	0,0055	22	0,5704	3	1,71119
950	IDOL_MINNIE_Su3_950.txt	3	0,00893	22	0,45316	19	8,60996
951	IDOL_MINNIE_Su3_951.txt	7	0,00653	22	0,34631	15	5,19459
952	IDOL_MINNIE_Su3_952.txt	19	0,00738	22	0,24151	3	0,72453
953	IDOL_MINNIE_Su3_953.txt	3	0,00728	22	0,13011	19	2,4721
954	IDOL_MINNIE_Su3_954.txt	25	0,00258	22	0,021	3	0,06301
955	IDOL_MINNIE_Su3_955.txt	3	0,00809	22	0,021	19	0,39909
956	IDOL_MINNIE_Su3_956.txt	3	0,00771	22	0,08987	19	1,70754
957	IDOL_MINNIE_Su3_957.txt	3	0,00561	22	0,19927	19	3,78613
958	IDOL_MINNIE_Su3_958.txt	25	0,0021	22	0,30506	3	0,91518
959	IDOL_MINNIE_Su3_959.txt	0	0,00628	22	0,41068	22	9,03493
960	IDOL_MINNIE_Su3_960.txt	3	0,00499	22	0,5278	19	10,02819
961	IDOL_MINNIE_Su3_961.txt	25	0,0056	26	0,45536	1	0,45536
962	IDOL_MINNIE_Su3_962.txt	27	0,00591	26	0,34915	1	0,34915
963	IDOL_MINNIE_Su3_963.txt	26	0,00404	26	0,24619	0	0
964	IDOL_MINNIE_Su3_964.txt	26	0,00432	26	0,12749	0	0
965	IDOL_MINNIE_Su3_965.txt	19	0,00401	26	0,03232	7	0,22621
966	IDOL_MINNIE_Su3_966.txt	19	0,00531	26	0,08192	7	0,57344
967	IDOL_MINNIE_Su3_967.txt	19	0,00669	26	0,19369	7	1,35586
968	IDOL_MINNIE_Su3_968.txt	19	0,00528	26	0,29891	7	2,09237
969	IDOL_MINNIE_Su3_969.txt	19	0,01155	26	0,36827	7	2,57789
970	IDOL_MINNIE_Su3_970.txt	3	0,00436	26	0,46612	23	10,72073
971	IDOL_MINNIE_Su3_971.txt	3	0,00492	26	0,55659	23	12,80166
972	IDOL_MINNIE_Su3_972.txt	3	0,00459	26	0,65888	23	15,15435
973	IDOL_MINNIE_Su3_973.txt	27	0,00548	4	0,73683	23	16,94702
974	IDOL_MINNIE_Su3_974.txt	11	0,00352	4	0,81337	7	5,6936
975	IDOL_MINNIE_Su3_975.txt	21	0,00387	4	0,89604	17	15,23261
976	IDOL_MINNIE_Su3_976.txt	11	0,00687	4	0,99167	7	6,94167
977	IDOL_MINNIE_Su3_977.txt	11	0,00982	4	1,08451	7	7,59159
978	IDOL_MINNIE_Su3_978.txt	18	0,00741	4	1,08451	14	15,18318
979	IDOL_MINNIE_Su3_979.txt	25	0,00655	4	1,17415	21	24,65724
980	IDOL_MINNIE_Su3_980.txt	25	0,00679	4	1,24863	21	26,22131
981	IDOL_MINNIE_Su3_981.txt	3	0,00756	27	1,17329	24	28,159
982	IDOL_MINNIE_Su3_982.txt	11	0,00576	27	1,07766	16	17,24253
983	IDOL_MINNIE_Su3_983.txt	11	0,00279	27	0,97914	16	15,66616
984	IDOL_MINNIE_Su3_984.txt	11	0,00587	27	0,88007	16	14,08111
985	IDOL_MINNIE_Su3_985.txt	11	0,0042	27	0,78786	16	12,60574
986	IDOL_MINNIE_Su3_986.txt	27	0,00673	27	0,69958	0	0
987	IDOL_MINNIE_Su3_987.txt	27	0,00623	27	0,60376	0	0
988	IDOL_MINNIE_Su3_988.txt	11	0,00669	27	0,49646	16	7,94338
989	IDOL_MINNIE_Su3_989.txt	18	0,00556	27	0,37742	9	3,39676
990	IDOL_MINNIE_Su3_990.txt	27	0,00673	27	0,29257	0	0
991	IDOL_MINNIE_Su3_991.txt	17	0,0024	27	0,17974	10	1,7974
992	IDOL_MINNIE_Su3_992.txt	11	0,00633	27	0,10887	16	1,74194
993	IDOL_MINNIE_Su3_993.txt	11	0,00571	27	0,12487	16	1,99792
994	IDOL_MINNIE_Su3_994.txt	18	0,00791	27	0,21175	9	1,90572
995	IDOL_MINNIE_Su3_995.txt	11	0,00534	27	0,31486	16	5,03769
996	IDOL_MINNIE_Su3_996.txt	18	0,00566	27	0,41589	9	3,74298
997	IDOL_MINNIE_Su3_997.txt	18	0,00521	27	0,5185	9	4,66651
998	IDOL_MINNIE_Su3_998.txt	11	0,00469	27	0,60352	16	9,65638
999	IDOL_MINNIE_Su3_999.txt	17	0,00374	27	0,70132	10	7,01318
1000	IDOL_MINNIE_Su3_1000.txt	18	0,00366	27	0,80269	9	7,22421
1001	IDOL_MINNIE_Su3_1001.txt	17	0,00338	27	0,89125	10	8,9125
1002	IDOL_MINNIE_Su3_1002.txt	18	0,00382	27	1,00777	9	9,06991
1003	IDOL_MINNIE_Su3_1003.txt	17	0,00199	27	1,1059	10	11,05898
1004	IDOL_MINNIE_Su3_1004.txt	27	0,00571	27	1,1059	0	0
1005	IDOL_MINNIE_Su3_1005.txt	27	0,00433	27	1,20162	0	0
1006	IDOL_MINNIE_Su3_1006.txt	18	0,00493	3	1,17366	15	17,60489
1007	IDOL_MINNIE_Su3_1007.txt	27	0,00688	3	1,07822	24	25,87727
1008	IDOL_MINNIE_Su3_1008.txt	27	0,0071	3	0,98536	24	23,64874
1009	IDOL_MINNIE_Su3_1009.txt	27	0,00647	3	0,88022	24	21,12529
1010	IDOL_MINNIE_Su3_1010.txt	12	0,00502	3	0,76647	9	6,89824
1011	IDOL_MINNIE_Su3_1011.txt	27	0,00374	3	0,66994	24	16,07848
1012	IDOL_MINNIE_Su3_1012.txt	27	0,00421	3	0,54734	24	13,13624
1013	IDOL_MINNIE_Su3_1013.txt	27	0,00432	3	0,4428	24	10,62729
1014	IDOL_MINNIE_Su3_1014.txt	27	0,00636	3	0,384	24	9,2159
