#	ImageName	Similar Node	Distance	Near Node	Distance	Transitions	Evaluation
1	IDOL_MINNIE_Su4_1.txt	27	0,00328	3	0,90632	24	21,75179
2	IDOL_MINNIE_Su4_2.txt	27	0,00475	3	0,87002	24	20,88053
3	IDOL_MINNIE_Su4_3.txt	12	0,00663	3	0,81733	9	7,35593
4	IDOL_MINNIE_Su4_4.txt	27	0,00654	3	0,73605	24	17,66521
5	IDOL_MINNIE_Su4_5.txt	27	0,00412	3	0,63868	24	15,32839
6	IDOL_MINNIE_Su4_6.txt	18	0,00621	3	0,54721	15	8,20817
7	IDOL_MINNIE_Su4_7.txt	18	0,0054	3	0,46391	15	6,95869
8	IDOL_MINNIE_Su4_8.txt	18	0,00511	3	0,39737	15	5,96048
9	IDOL_MINNIE_Su4_9.txt	18	0,00447	3	0,34673	15	5,20091
10	IDOL_MINNIE_Su4_10.txt	18	0,00305	3	0,32388	15	4,85814
11	IDOL_MINNIE_Su4_11.txt	18	0,0047	3	0,33215	15	4,98225
12	IDOL_MINNIE_Su4_12.txt	27	0,00446	3	0,37737	24	9,05692
13	IDOL_MINNIE_Su4_13.txt	18	0,00453	3	0,44434	15	6,66504
14	IDOL_MINNIE_Su4_14.txt	27	0,00461	3	0,5296	24	12,71042
15	IDOL_MINNIE_Su4_15.txt	18	0,00617	3	0,5296	15	7,94402
16	IDOL_MINNIE_Su4_16.txt	18	0,00383	0	0,4455	18	8,019
17	IDOL_MINNIE_Su4_17.txt	27	0,00471	0	0,34061	27	9,19659
18	IDOL_MINNIE_Su4_18.txt	27	0,00493	0	0,25494	27	6,88344
19	IDOL_MINNIE_Su4_19.txt	27	0,0046	0	0,19368	27	5,22942
20	IDOL_MINNIE_Su4_20.txt	27	0,00422	0	0,18072	27	4,87946
21	IDOL_MINNIE_Su4_21.txt	27	0,0037	0	0,22422	27	6,05395
22	IDOL_MINNIE_Su4_22.txt	27	0,00362	0	0,30388	27	8,20478
23	IDOL_MINNIE_Su4_23.txt	27	0,004	0	0,39684	27	10,7146
24	IDOL_MINNIE_Su4_24.txt	0	0,00573	0	0,4937	0	0
25	IDOL_MINNIE_Su4_25.txt	27	0,00557	0	0,59757	27	16,13443
26	IDOL_MINNIE_Su4_26.txt	0	0,00465	0	0,70515	0	0
27	IDOL_MINNIE_Su4_27.txt	27	0,00497	0	0,81062	27	21,88682
28	IDOL_MINNIE_Su4_28.txt	18	0,00247	0	0,91847	18	16,53243
29	IDOL_MINNIE_Su4_29.txt	18	0,0039	0	1,02265	18	18,40764
30	IDOL_MINNIE_Su4_30.txt	0	0,00414	0	1,13248	0	0
31	IDOL_MINNIE_Su4_31.txt	0	0,00403	0	1,13248	0	0
32	IDOL_MINNIE_Su4_32.txt	18	0,00252	0	1,23122	18	22,16195
33	IDOL_MINNIE_Su4_33.txt	0	0,00398	1	1,27285	1	1,27285
34	IDOL_MINNIE_Su4_34.txt	17	0,0031	1	1,15775	16	18,52394
35	IDOL_MINNIE_Su4_35.txt	18	0,00233	1	1,04356	17	17,74055
36	IDOL_MINNIE_Su4_36.txt	18	0,00199	1	0,95958	17	16,31278
37	IDOL_MINNIE_Su4_37.txt	3	0,00571	1	0,8362	2	1,6724
38	IDOL_MINNIE_Su4_38.txt	18	0,00378	1	0,73054	17	12,4192
39	IDOL_MINNIE_Su4_39.txt	18	0,00439	1	0,62708	17	10,66037
40	IDOL_MINNIE_Su4_40.txt	18	0,00383	1	0,51828	17	8,81073
41	IDOL_MINNIE_Su4_41.txt	18	0,00486	1	0,44391	17	7,54647
42	IDOL_MINNIE_Su4_42.txt	0	0,0057	1	0,34393	1	0,34393
43	IDOL_MINNIE_Su4_43.txt	18	0,00372	1	0,22444	17	3,8155
44	IDOL_MINNIE_Su4_44.txt	3	0,0065	1	0,12878	2	0,25756
45	IDOL_MINNIE_Su4_45.txt	0	0,00691	1	0,07486	1	0,07486
46	IDOL_MINNIE_Su4_46.txt	26	0,00492	1	0,13095	25	3,27371
47	IDOL_MINNIE_Su4_47.txt	18	0,00611	1	0,2284	17	3,88277
48	IDOL_MINNIE_Su4_48.txt	26	0,0066	1	0,2284	25	5,70996
49	IDOL_MINNIE_Su4_49.txt	0	0,00512	1	0,32827	1	0,32827
50	IDOL_MINNIE_Su4_50.txt	3	0,00409	1	0,43417	2	0,86835
51	IDOL_MINNIE_Su4_51.txt	26	0,00323	1	0,53532	25	13,38297
52	IDOL_MINNIE_Su4_52.txt	3	0,00619	1	0,63829	2	1,27657
53	IDOL_MINNIE_Su4_53.txt	3	0,00581	1	0,72228	2	1,44457
54	IDOL_MINNIE_Su4_54.txt	19	0,00492	1	0,81957	18	14,7522
55	IDOL_MINNIE_Su4_55.txt	22	0,00449	1	0,87378	21	18,3494
56	IDOL_MINNIE_Su4_56.txt	2	0,00376	1	0,98923	1	0,98923
57	IDOL_MINNIE_Su4_57.txt	2	0,00527	1	1,07756	1	1,07756
58	IDOL_MINNIE_Su4_58.txt	2	0,00887	2	1,16247	0	0
59	IDOL_MINNIE_Su4_59.txt	2	0,00866	2	1,09353	0	0
60	IDOL_MINNIE_Su4_60.txt	2	0,00615	2	1,03168	0	0
61	IDOL_MINNIE_Su4_61.txt	2	0,00747	2	0,97227	0	0
62	IDOL_MINNIE_Su4_62.txt	2	0,00464	2	0,93078	0	0
63	IDOL_MINNIE_Su4_63.txt	2	0,00492	2	0,88016	0	0
64	IDOL_MINNIE_Su4_64.txt	2	0,00315	2	0,88016	0	0
65	IDOL_MINNIE_Su4_65.txt	2	0,00411	2	0,83062	0	0
66	IDOL_MINNIE_Su4_66.txt	2	0,00482	2	0,78939	0	0
67	IDOL_MINNIE_Su4_67.txt	2	0,00402	2	0,74411	0	0
68	IDOL_MINNIE_Su4_68.txt	23	0,00439	2	0,72476	21	15,22002
69	IDOL_MINNIE_Su4_69.txt	23	0,00486	2	0,70153	21	14,73214
70	IDOL_MINNIE_Su4_70.txt	23	0,00464	2	0,68838	21	14,45599
71	IDOL_MINNIE_Su4_71.txt	2	0,00461	2	0,66824	0	0
72	IDOL_MINNIE_Su4_72.txt	2	0,00419	2	0,64805	0	0
73	IDOL_MINNIE_Su4_73.txt	2	0,00606	2	0,60836	0	0
74	IDOL_MINNIE_Su4_74.txt	2	0,00497	2	0,55246	0	0
75	IDOL_MINNIE_Su4_75.txt	2	0,00602	2	0,48131	0	0
76	IDOL_MINNIE_Su4_76.txt	2	0,00769	2	0,40088	0	0
77	IDOL_MINNIE_Su4_77.txt	3	0,00815	2	0,3134	1	0,3134
78	IDOL_MINNIE_Su4_78.txt	2	0,01046	2	0,21433	0	0
79	IDOL_MINNIE_Su4_79.txt	2	0,00605	2	0,31287	0	0
80	IDOL_MINNIE_Su4_80.txt	2	0,0076	2	0,44014	0	0
81	IDOL_MINNIE_Su4_81.txt	2	0,01039	2	0,54844	0	0
82	IDOL_MINNIE_Su4_82.txt	2	0,00721	2	0,65804	0	0
83	IDOL_MINNIE_Su4_83.txt	2	0,00901	2	0,76262	0	0
84	IDOL_MINNIE_Su4_84.txt	2	0,00745	2	0,8691	0	0
85	IDOL_MINNIE_Su4_85.txt	2	0,00713	2	0,97643	0	0
86	IDOL_MINNIE_Su4_86.txt	2	0,01006	2	1,08276	0	0
87	IDOL_MINNIE_Su4_87.txt	2	0,00896	2	1,1899	0	0
88	IDOL_MINNIE_Su4_88.txt	2	0,00982	2	1,29623	0	0
89	IDOL_MINNIE_Su4_89.txt	2	0,00451	2	1,39742	0	0
90	IDOL_MINNIE_Su4_90.txt	2	0,01112	2	1,49294	0	0
91	IDOL_MINNIE_Su4_91.txt	2	0,00879	2	1,49294	0	0
92	IDOL_MINNIE_Su4_92.txt	2	0,00913	2	1,60409	0	0
93	IDOL_MINNIE_Su4_93.txt	2	0,00847	0	1,66212	2	3,32425
94	IDOL_MINNIE_Su4_94.txt	2	0,00669	0	1,60386	2	3,20772
95	IDOL_MINNIE_Su4_95.txt	2	0,008	0	1,52995	2	3,05989
96	IDOL_MINNIE_Su4_96.txt	2	0,00592	0	1,46172	2	2,92345
97	IDOL_MINNIE_Su4_97.txt	2	0,00412	0	1,38815	2	2,77631
98	IDOL_MINNIE_Su4_98.txt	26	0,00379	0	1,29584	26	33,69173
99	IDOL_MINNIE_Su4_99.txt	3	0,00585	0	1,21078	3	3,63235
100	IDOL_MINNIE_Su4_100.txt	3	0,00838	0	1,09439	3	3,28316
101	IDOL_MINNIE_Su4_101.txt	3	0,01266	0	0,99749	3	2,99247
102	IDOL_MINNIE_Su4_102.txt	3	0,01409	0	0,90745	3	2,72236
103	IDOL_MINNIE_Su4_103.txt	3	0,01586	0	0,8091	3	2,42731
104	IDOL_MINNIE_Su4_104.txt	3	0,01185	0	0,71094	3	2,13281
105	IDOL_MINNIE_Su4_105.txt	3	0,00782	0	0,61965	3	1,85896
106	IDOL_MINNIE_Su4_106.txt	3	0,00611	0	0,53859	3	1,61577
107	IDOL_MINNIE_Su4_107.txt	3	0,00457	0	0,53859	3	1,61577
108	IDOL_MINNIE_Su4_108.txt	3	0,00527	0	0,47754	3	1,43261
109	IDOL_MINNIE_Su4_109.txt	7	0,00732	0	0,50761	7	3,55325
110	IDOL_MINNIE_Su4_110.txt	7	0,00543	0	0,51074	7	3,57519
111	IDOL_MINNIE_Su4_111.txt	7	0,00599	0	0,54702	7	3,82916
112	IDOL_MINNIE_Su4_112.txt	7	0,00711	3	0,41154	4	1,64615
113	IDOL_MINNIE_Su4_113.txt	3	0,01284	3	0,30853	0	0
114	IDOL_MINNIE_Su4_114.txt	3	0,00708	3	0,21609	0	0
115	IDOL_MINNIE_Su4_115.txt	3	0,01026	3	0,1674	0	0
116	IDOL_MINNIE_Su4_116.txt	3	0,00963	3	0,16349	0	0
117	IDOL_MINNIE_Su4_117.txt	3	0,00972	3	0,22725	0	0
118	IDOL_MINNIE_Su4_118.txt	3	0,00571	3	0,33168	0	0
119	IDOL_MINNIE_Su4_119.txt	20	0,00296	3	0,42883	17	7,29004
120	IDOL_MINNIE_Su4_120.txt	4	0,00254	3	0,53793	1	0,53793
121	IDOL_MINNIE_Su4_121.txt	10	0,00092	3	0,63881	7	4,47168
122	IDOL_MINNIE_Su4_122.txt	10	0,00155	3	0,73742	7	5,16192
123	IDOL_MINNIE_Su4_123.txt	10	0,00165	3	0,73742	7	5,16192
124	IDOL_MINNIE_Su4_124.txt	10	0,00165	3	0,84502	7	5,91514
125	IDOL_MINNIE_Su4_125.txt	10	0,00218	3	0,98063	7	6,86441
126	IDOL_MINNIE_Su4_126.txt	10	0,00222	3	1,09214	7	7,64501
127	IDOL_MINNIE_Su4_127.txt	10	0,002	3	1,19269	7	8,34881
128	IDOL_MINNIE_Su4_128.txt	10	0,00194	27	1,13736	17	19,33508
129	IDOL_MINNIE_Su4_129.txt	10	0,00218	27	1,00492	17	17,08361
130	IDOL_MINNIE_Su4_130.txt	10	0,00113	27	0,8987	17	15,27784
131	IDOL_MINNIE_Su4_131.txt	10	0,00302	27	0,77344	17	13,14855
132	IDOL_MINNIE_Su4_132.txt	12	0,005	27	0,66875	15	10,03118
133	IDOL_MINNIE_Su4_133.txt	10	0,00148	27	0,55903	17	9,50352
134	IDOL_MINNIE_Su4_134.txt	10	0,00405	27	0,46968	17	7,98451
135	IDOL_MINNIE_Su4_135.txt	10	0,00347	27	0,35543	17	6,04233
136	IDOL_MINNIE_Su4_136.txt	12	0,00345	27	0,25814	15	3,87208
137	IDOL_MINNIE_Su4_137.txt	12	0,00242	27	0,15403	15	2,31044
138	IDOL_MINNIE_Su4_138.txt	4	0,00572	27	0,05305	23	1,22019
139	IDOL_MINNIE_Su4_139.txt	4	0,00548	27	0,05305	23	1,22019
140	IDOL_MINNIE_Su4_140.txt	4	0,00557	27	0,06881	23	1,58269
141	IDOL_MINNIE_Su4_141.txt	4	0,00505	27	0,16864	23	3,87874
142	IDOL_MINNIE_Su4_142.txt	4	0,00416	27	0,27211	23	6,25846
143	IDOL_MINNIE_Su4_143.txt	4	0,00447	27	0,37791	23	8,692
144	IDOL_MINNIE_Su4_144.txt	4	0,00246	27	0,47534	23	10,93271
145	IDOL_MINNIE_Su4_145.txt	27	0,00416	27	0,58085	0	0
146	IDOL_MINNIE_Su4_146.txt	27	0,00275	27	0,68209	0	0
147	IDOL_MINNIE_Su4_147.txt	27	0,00549	27	0,76171	0	0
148	IDOL_MINNIE_Su4_148.txt	26	0,00538	27	0,91087	1	0,91087
149	IDOL_MINNIE_Su4_149.txt	27	0,00363	27	1,01412	0	0
150	IDOL_MINNIE_Su4_150.txt	27	0,00385	27	1,122	0	0
151	IDOL_MINNIE_Su4_151.txt	27	0,00517	4	1,14283	23	26,28507
152	IDOL_MINNIE_Su4_152.txt	3	0,00507	4	1,0378	1	1,0378
153	IDOL_MINNIE_Su4_153.txt	3	0,00609	4	0,92747	1	0,92747
154	IDOL_MINNIE_Su4_154.txt	20	0,00532	4	0,83417	16	13,34677
155	IDOL_MINNIE_Su4_155.txt	20	0,00228	4	0,83417	16	13,34677
156	IDOL_MINNIE_Su4_156.txt	20	0,00406	4	0,73308	16	11,72936
157	IDOL_MINNIE_Su4_157.txt	12	0,00378	4	0,63188	8	5,05506
158	IDOL_MINNIE_Su4_158.txt	10	0,0024	4	0,51894	6	3,11365
159	IDOL_MINNIE_Su4_159.txt	10	0,00215	4	0,36159	6	2,16956
160	IDOL_MINNIE_Su4_160.txt	10	0,00354	4	0,26137	6	1,56822
161	IDOL_MINNIE_Su4_161.txt	10	0,00157	4	0,1736	6	1,04159
162	IDOL_MINNIE_Su4_162.txt	10	0,00167	4	0,11556	6	0,69337
163	IDOL_MINNIE_Su4_163.txt	10	0,00185	4	0,14455	6	0,86731
164	IDOL_MINNIE_Su4_164.txt	10	0,00201	4	0,23689	6	1,42134
165	IDOL_MINNIE_Su4_165.txt	10	0,00216	4	0,32866	6	1,97199
166	IDOL_MINNIE_Su4_166.txt	12	0,00334	4	0,42422	8	3,39375
167	IDOL_MINNIE_Su4_167.txt	4	0,00467	4	0,53571	0	0
168	IDOL_MINNIE_Su4_168.txt	10	0,00151	4	0,63411	6	3,80468
169	IDOL_MINNIE_Su4_169.txt	12	0,00346	4	0,74222	8	5,93778
170	IDOL_MINNIE_Su4_170.txt	4	0,00244	4	0,84843	0	0
171	IDOL_MINNIE_Su4_171.txt	20	0,00402	4	0,84843	16	13,57482
172	IDOL_MINNIE_Su4_172.txt	4	0,00344	4	0,95132	0	0
173	IDOL_MINNIE_Su4_173.txt	21	0,0048	26	1,05758	5	5,28789
174	IDOL_MINNIE_Su4_174.txt	4	0,00398	26	1,14355	22	25,15807
175	IDOL_MINNIE_Su4_175.txt	11	0,00792	26	1,23584	15	18,53767
176	IDOL_MINNIE_Su4_176.txt	21	0,00438	26	1,32922	5	6,64611
177	IDOL_MINNIE_Su4_177.txt	11	0,00588	26	1,43026	15	21,45392
178	IDOL_MINNIE_Su4_178.txt	11	0,0057	26	1,52445	15	22,86674
179	IDOL_MINNIE_Su4_179.txt	11	0,00655	26	1,61919	15	24,28789
180	IDOL_MINNIE_Su4_180.txt	4	0,00615	9	1,70857	5	8,54286
181	IDOL_MINNIE_Su4_181.txt	12	0,00157	9	1,62151	3	4,86454
182	IDOL_MINNIE_Su4_182.txt	10	0,00158	9	1,53515	1	1,53515
183	IDOL_MINNIE_Su4_183.txt	12	0,00097	9	1,43994	3	4,31983
184	IDOL_MINNIE_Su4_184.txt	12	0,00255	9	1,35993	3	4,07979
185	IDOL_MINNIE_Su4_185.txt	12	0,00442	9	1,28179	3	3,84537
186	IDOL_MINNIE_Su4_186.txt	12	0,00236	9	1,28179	3	3,84537
187	IDOL_MINNIE_Su4_187.txt	4	0,00611	9	1,21212	5	6,06059
188	IDOL_MINNIE_Su4_188.txt	12	0,00263	9	1,13958	3	3,41875
189	IDOL_MINNIE_Su4_189.txt	11	0,0055	9	1,06221	2	2,12441
190	IDOL_MINNIE_Su4_190.txt	11	0,00624	9	0,98002	2	1,96003
191	IDOL_MINNIE_Su4_191.txt	11	0,00623	9	0,88091	2	1,76182
192	IDOL_MINNIE_Su4_192.txt	3	0,0045	9	0,78384	6	4,70307
193	IDOL_MINNIE_Su4_193.txt	9	0,00436	9	0,69411	0	0
194	IDOL_MINNIE_Su4_194.txt	9	0,00591	9	0,58521	0	0
195	IDOL_MINNIE_Su4_195.txt	19	0,0059	9	0,47531	10	4,7531
196	IDOL_MINNIE_Su4_196.txt	3	0,00597	9	0,40088	6	2,40528
197	IDOL_MINNIE_Su4_197.txt	9	0,00454	9	0,30651	0	0
198	IDOL_MINNIE_Su4_198.txt	23	0,00399	9	0,21822	14	3,05514
199	IDOL_MINNIE_Su4_199.txt	14	0,00381	9	0,13724	5	0,68618
200	IDOL_MINNIE_Su4_200.txt	5	0,00587	9	0,1164	4	0,4656
201	IDOL_MINNIE_Su4_201.txt	5	0,00297	9	0,16135	4	0,64539
202	IDOL_MINNIE_Su4_202.txt	5	0,00577	9	0,16135	4	0,64539
203	IDOL_MINNIE_Su4_203.txt	5	0,00321	9	0,24752	4	0,99006
204	IDOL_MINNIE_Su4_204.txt	8	0,00735	9	0,29531	1	0,29531
205	IDOL_MINNIE_Su4_205.txt	3	0,0076	9	0,40907	6	2,45444
206	IDOL_MINNIE_Su4_206.txt	3	0,00684	5	0,49909	2	0,99818
207	IDOL_MINNIE_Su4_207.txt	8	0,00841	5	0,40184	3	1,20551
208	IDOL_MINNIE_Su4_208.txt	3	0,00799	5	0,33865	2	0,67731
209	IDOL_MINNIE_Su4_209.txt	3	0,01186	5	0,26203	2	0,52407
210	IDOL_MINNIE_Su4_210.txt	3	0,00561	5	0,20229	2	0,40457
211	IDOL_MINNIE_Su4_211.txt	14	0,00418	5	0,17985	9	1,61865
212	IDOL_MINNIE_Su4_212.txt	5	0,00598	5	0,22057	0	0
213	IDOL_MINNIE_Su4_213.txt	5	0,00838	5	0,27645	0	0
214	IDOL_MINNIE_Su4_214.txt	5	0,0051	5	0,35519	0	0
215	IDOL_MINNIE_Su4_215.txt	5	0,00322	5	0,42819	0	0
216	IDOL_MINNIE_Su4_216.txt	13	0,00761	5	0,51649	8	4,13192
217	IDOL_MINNIE_Su4_217.txt	2	0,00715	5	0,62097	3	1,86291
218	IDOL_MINNIE_Su4_218.txt	2	0,00303	5	0,62097	3	1,86291
219	IDOL_MINNIE_Su4_219.txt	2	0,00738	5	0,72685	3	2,18056
220	IDOL_MINNIE_Su4_220.txt	2	0,00627	5	0,8354	3	2,50621
221	IDOL_MINNIE_Su4_221.txt	2	0,00476	5	0,95406	3	2,86217
222	IDOL_MINNIE_Su4_222.txt	2	0,00373	5	1,06425	3	3,19274
223	IDOL_MINNIE_Su4_223.txt	2	0,00473	6	1,10324	4	4,41294
224	IDOL_MINNIE_Su4_224.txt	8	0,00507	6	1,03087	2	2,06173
225	IDOL_MINNIE_Su4_225.txt	5	0,00375	6	0,95976	1	0,95976
226	IDOL_MINNIE_Su4_226.txt	5	0,00452	6	0,86638	1	0,86638
227	IDOL_MINNIE_Su4_227.txt	5	0,00651	6	0,80276	1	0,80276
228	IDOL_MINNIE_Su4_228.txt	5	0,00601	6	0,70809	1	0,70809
229	IDOL_MINNIE_Su4_229.txt	14	0,00942	6	0,61559	8	4,9247
230	IDOL_MINNIE_Su4_230.txt	6	0,00927	6	0,47656	0	0
231	IDOL_MINNIE_Su4_231.txt	6	0,00723	6	0,38474	0	0
232	IDOL_MINNIE_Su4_232.txt	6	0,00606	6	0,29026	0	0
233	IDOL_MINNIE_Su4_233.txt	6	0,00368	6	0,20238	0	0
234	IDOL_MINNIE_Su4_234.txt	23	0,00358	6	0,20238	17	3,44054
235	IDOL_MINNIE_Su4_235.txt	6	0,00614	6	0,13061	0	0
236	IDOL_MINNIE_Su4_236.txt	6	0,00581	6	0,12853	0	0
237	IDOL_MINNIE_Su4_237.txt	6	0,00608	6	0,18625	0	0
238	IDOL_MINNIE_Su4_238.txt	2	0,00878	6	0,26535	4	1,06138
239	IDOL_MINNIE_Su4_239.txt	6	0,00531	6	0,36173	0	0
240	IDOL_MINNIE_Su4_240.txt	14	0,00568	6	0,46416	8	3,7133
241	IDOL_MINNIE_Su4_241.txt	2	0,00553	8	0,40896	6	2,45374
242	IDOL_MINNIE_Su4_242.txt	2	0,0052	8	0,31057	6	1,86344
243	IDOL_MINNIE_Su4_243.txt	13	0,00521	8	0,21816	5	1,09081
244	IDOL_MINNIE_Su4_244.txt	6	0,00526	8	0,15406	2	0,30812
245	IDOL_MINNIE_Su4_245.txt	7	0,00604	8	0,16515	1	0,16515
246	IDOL_MINNIE_Su4_246.txt	7	0,00761	8	0,23747	1	0,23747
247	IDOL_MINNIE_Su4_247.txt	7	0,00413	8	0,34435	1	0,34435
248	IDOL_MINNIE_Su4_248.txt	7	0,00403	8	0,42036	1	0,42036
249	IDOL_MINNIE_Su4_249.txt	7	0,00558	8	0,50474	1	0,50474
250	IDOL_MINNIE_Su4_250.txt	7	0,00655	8	0,50474	1	0,50474
251	IDOL_MINNIE_Su4_251.txt	7	0,00635	8	0,60869	1	0,60869
252	IDOL_MINNIE_Su4_252.txt	7	0,00644	7	0,67231	0	0
253	IDOL_MINNIE_Su4_253.txt	7	0,00646	7	0,66254	0	0
254	IDOL_MINNIE_Su4_254.txt	7	0,00639	7	0,64813	0	0
255	IDOL_MINNIE_Su4_255.txt	7	0,00695	7	0,63988	0	0
256	IDOL_MINNIE_Su4_256.txt	7	0,00834	7	0,65975	0	0
257	IDOL_MINNIE_Su4_257.txt	7	0,0069	7	0,65669	0	0
258	IDOL_MINNIE_Su4_258.txt	7	0,0068	7	0,65312	0	0
259	IDOL_MINNIE_Su4_259.txt	7	0,00643	7	0,65628	0	0
260	IDOL_MINNIE_Su4_260.txt	7	0,0033	7	0,64459	0	0
261	IDOL_MINNIE_Su4_261.txt	7	0,00341	7	0,62815	0	0
262	IDOL_MINNIE_Su4_262.txt	6	0,0054	7	0,6082	1	0,6082
263	IDOL_MINNIE_Su4_263.txt	23	0,00412	7	0,5852	16	9,36319
264	IDOL_MINNIE_Su4_264.txt	23	0,00477	7	0,56406	16	9,02492
265	IDOL_MINNIE_Su4_265.txt	23	0,00489	7	0,53592	16	8,57467
266	IDOL_MINNIE_Su4_266.txt	23	0,00466	7	0,53592	16	8,57467
267	IDOL_MINNIE_Su4_267.txt	23	0,00463	7	0,52347	16	8,3755
268	IDOL_MINNIE_Su4_268.txt	9	0,0041	7	0,51358	2	1,02715
269	IDOL_MINNIE_Su4_269.txt	23	0,00391	7	0,50124	16	8,01991
270	IDOL_MINNIE_Su4_270.txt	23	0,00379	7	0,48158	16	7,70523
271	IDOL_MINNIE_Su4_271.txt	9	0,00444	7	0,46186	2	0,92373
272	IDOL_MINNIE_Su4_272.txt	9	0,00414	7	0,44248	2	0,88497
273	IDOL_MINNIE_Su4_273.txt	9	0,00376	7	0,42276	2	0,84551
274	IDOL_MINNIE_Su4_274.txt	23	0,00311	7	0,40311	16	6,44973
275	IDOL_MINNIE_Su4_275.txt	23	0,00372	7	0,38226	16	6,11618
276	IDOL_MINNIE_Su4_276.txt	6	0,00555	7	0,36508	1	0,36508
277	IDOL_MINNIE_Su4_277.txt	6	0,00563	7	0,33697	1	0,33697
278	IDOL_MINNIE_Su4_278.txt	16	0,00927	7	0,30592	9	2,75327
279	IDOL_MINNIE_Su4_279.txt	16	0,01015	7	0,26211	9	2,35895
280	IDOL_MINNIE_Su4_280.txt	23	0,009	7	0,20441	16	3,27053
281	IDOL_MINNIE_Su4_281.txt	23	0,00799	7	0,16052	16	2,56834
282	IDOL_MINNIE_Su4_282.txt	23	0,00458	7	0,16052	16	2,56834
283	IDOL_MINNIE_Su4_283.txt	22	0,0058	7	0,09152	15	1,37285
284	IDOL_MINNIE_Su4_284.txt	3	0,00949	7	0,06133	4	0,24531
285	IDOL_MINNIE_Su4_285.txt	3	0,01058	7	0,13536	4	0,54145
286	IDOL_MINNIE_Su4_286.txt	8	0,00732	7	0,23628	1	0,23628
287	IDOL_MINNIE_Su4_287.txt	3	0,00786	7	0,34223	4	1,36892
288	IDOL_MINNIE_Su4_288.txt	8	0,00588	7	0,43257	1	0,43257
289	IDOL_MINNIE_Su4_289.txt	8	0,00537	8	0,4585	0	0
290	IDOL_MINNIE_Su4_290.txt	8	0,00409	8	0,36669	0	0
291	IDOL_MINNIE_Su4_291.txt	8	0,0042	8	0,27792	0	0
292	IDOL_MINNIE_Su4_292.txt	2	0,00417	8	0,20122	6	1,20731
293	IDOL_MINNIE_Su4_293.txt	8	0,00717	8	0,14531	0	0
294	IDOL_MINNIE_Su4_294.txt	8	0,00713	8	0,15473	0	0
295	IDOL_MINNIE_Su4_295.txt	8	0,00583	8	0,22305	0	0
296	IDOL_MINNIE_Su4_296.txt	8	0,00525	8	0,32583	0	0
297	IDOL_MINNIE_Su4_297.txt	23	0,00711	8	0,42915	15	6,43721
298	IDOL_MINNIE_Su4_298.txt	23	0,00571	8	0,42915	15	6,43721
299	IDOL_MINNIE_Su4_299.txt	13	0,00504	6	0,45751	7	3,20255
300	IDOL_MINNIE_Su4_300.txt	23	0,00407	6	0,3558	17	6,04865
301	IDOL_MINNIE_Su4_301.txt	23	0,0039	6	0,26257	17	4,46377
302	IDOL_MINNIE_Su4_302.txt	9	0,00524	6	0,15957	3	0,4787
303	IDOL_MINNIE_Su4_303.txt	8	0,0057	6	0,08525	2	0,1705
304	IDOL_MINNIE_Su4_304.txt	9	0,0046	6	0,09067	3	0,272
305	IDOL_MINNIE_Su4_305.txt	9	0,00433	6	0,17565	3	0,52695
306	IDOL_MINNIE_Su4_306.txt	9	0,007	6	0,27623	3	0,82869
307	IDOL_MINNIE_Su4_307.txt	3	0,01206	6	0,37556	3	1,12667
308	IDOL_MINNIE_Su4_308.txt	3	0,01255	6	0,48038	3	1,44113
309	IDOL_MINNIE_Su4_309.txt	3	0,01625	6	0,58064	3	1,74191
310	IDOL_MINNIE_Su4_310.txt	3	0,0147	6	0,67352	3	2,02056
311	IDOL_MINNIE_Su4_311.txt	3	0,01269	6	0,7694	3	2,30819
312	IDOL_MINNIE_Su4_312.txt	9	0,00867	6	0,86636	3	2,59907
313	IDOL_MINNIE_Su4_313.txt	9	0,00863	6	0,96876	3	2,90628
314	IDOL_MINNIE_Su4_314.txt	3	0,00915	6	0,96876	3	2,90628
315	IDOL_MINNIE_Su4_315.txt	3	0,00638	6	1,0483	3	3,1449
316	IDOL_MINNIE_Su4_316.txt	3	0,00794	5	0,94909	2	1,89818
317	IDOL_MINNIE_Su4_317.txt	9	0,00597	5	0,83685	4	3,34741
318	IDOL_MINNIE_Su4_318.txt	9	0,00376	5	0,74468	4	2,97871
319	IDOL_MINNIE_Su4_319.txt	9	0,00725	5	0,66085	4	2,6434
320	IDOL_MINNIE_Su4_320.txt	3	0,01194	5	0,56339	2	1,12679
321	IDOL_MINNIE_Su4_321.txt	3	0,0122	5	0,47302	2	0,94604
322	IDOL_MINNIE_Su4_322.txt	3	0,00938	5	0,37701	2	0,75403
323	IDOL_MINNIE_Su4_323.txt	9	0,0048	5	0,27889	4	1,11557
324	IDOL_MINNIE_Su4_324.txt	9	0,00413	5	0,19046	4	0,76183
325	IDOL_MINNIE_Su4_325.txt	9	0,00421	5	0,11571	4	0,46283
326	IDOL_MINNIE_Su4_326.txt	9	0,00476	5	0,10781	4	0,43124
327	IDOL_MINNIE_Su4_327.txt	9	0,00739	5	0,33941	4	1,35764
328	IDOL_MINNIE_Su4_328.txt	9	0,00402	5	0,39596	4	1,58385
329	IDOL_MINNIE_Su4_329.txt	9	0,00891	5	0,39596	4	1,58385
330	IDOL_MINNIE_Su4_330.txt	9	0,00656	5	0,48312	4	1,93247
331	IDOL_MINNIE_Su4_331.txt	9	0,00495	9	0,44732	0	0
332	IDOL_MINNIE_Su4_332.txt	9	0,01122	9	0,37027	0	0
333	IDOL_MINNIE_Su4_333.txt	9	0,01007	9	0,28636	0	0
334	IDOL_MINNIE_Su4_334.txt	9	0,01141	9	0,17997	0	0
335	IDOL_MINNIE_Su4_335.txt	9	0,00704	9	0,07916	0	0
336	IDOL_MINNIE_Su4_336.txt	9	0,00752	9	0,04868	0	0
337	IDOL_MINNIE_Su4_337.txt	9	0,00939	9	0,15327	0	0
338	IDOL_MINNIE_Su4_338.txt	9	0,0054	9	0,25655	0	0
339	IDOL_MINNIE_Su4_339.txt	9	0,00404	9	0,37711	0	0
340	IDOL_MINNIE_Su4_340.txt	9	0,00355	9	0,46912	0	0
341	IDOL_MINNIE_Su4_341.txt	9	0,00605	9	0,57911	0	0
342	IDOL_MINNIE_Su4_342.txt	19	0,01389	21	0,59447	2	1,18893
343	IDOL_MINNIE_Su4_343.txt	19	0,00596	21	0,51897	2	1,03794
344	IDOL_MINNIE_Su4_344.txt	19	0,00762	21	0,44798	2	0,89596
345	IDOL_MINNIE_Su4_345.txt	7	0,00575	21	0,44798	14	6,27174
346	IDOL_MINNIE_Su4_346.txt	3	0,01057	21	0,36869	18	6,63638
347	IDOL_MINNIE_Su4_347.txt	3	0,01176	21	0,31049	18	5,58878
348	IDOL_MINNIE_Su4_348.txt	3	0,00703	21	0,27349	18	4,92278
349	IDOL_MINNIE_Su4_349.txt	26	0,00905	10	0,20667	16	3,30671
350	IDOL_MINNIE_Su4_350.txt	26	0,00778	10	0,09789	16	1,56629
351	IDOL_MINNIE_Su4_351.txt	3	0,00977	10	0,0142	7	0,0994
352	IDOL_MINNIE_Su4_352.txt	3	0,00481	10	0,11595	7	0,81164
353	IDOL_MINNIE_Su4_353.txt	20	0,00325	11	0,23833	9	2,14496
354	IDOL_MINNIE_Su4_354.txt	4	0,00407	11	0,1545	7	1,08148
355	IDOL_MINNIE_Su4_355.txt	12	0,00245	11	0,09672	1	0,09672
356	IDOL_MINNIE_Su4_356.txt	4	0,00422	11	0,12719	7	0,89033
357	IDOL_MINNIE_Su4_357.txt	12	0,00245	11	0,20878	1	0,20878
358	IDOL_MINNIE_Su4_358.txt	4	0,0056	11	0,30938	7	2,16565
359	IDOL_MINNIE_Su4_359.txt	27	0,00269	11	0,41862	16	6,69787
360	IDOL_MINNIE_Su4_360.txt	27	0,0046	11	0,52068	16	8,33095
361	IDOL_MINNIE_Su4_361.txt	12	0,00383	11	0,52068	1	0,52068
362	IDOL_MINNIE_Su4_362.txt	4	0,00334	11	0,62187	7	4,35309
363	IDOL_MINNIE_Su4_363.txt	12	0,0031	11	0,72844	1	0,72844
364	IDOL_MINNIE_Su4_364.txt	10	0,00155	11	0,83489	1	0,83489
365	IDOL_MINNIE_Su4_365.txt	12	0,00135	11	0,93699	1	0,93699
366	IDOL_MINNIE_Su4_366.txt	12	0,00305	11	1,04158	1	1,04158
367	IDOL_MINNIE_Su4_367.txt	27	0,00228	11	1,14788	16	18,36604
368	IDOL_MINNIE_Su4_368.txt	11	0,004	11	1,24737	0	0
369	IDOL_MINNIE_Su4_369.txt	11	0,00341	12	1,19003	1	1,19003
370	IDOL_MINNIE_Su4_370.txt	21	0,00362	12	1,10021	9	9,90185
371	IDOL_MINNIE_Su4_371.txt	4	0,00406	12	0,98633	8	7,89066
372	IDOL_MINNIE_Su4_372.txt	4	0,00403	12	0,87507	8	7,00058
373	IDOL_MINNIE_Su4_373.txt	4	0,00359	12	0,77496	8	6,19967
374	IDOL_MINNIE_Su4_374.txt	4	0,00306	12	0,6643	8	5,31443
375	IDOL_MINNIE_Su4_375.txt	4	0,00316	12	0,56138	8	4,49102
376	IDOL_MINNIE_Su4_376.txt	12	0,00182	12	0,45769	0	0
377	IDOL_MINNIE_Su4_377.txt	10	0,00096	12	0,45769	2	0,91537
378	IDOL_MINNIE_Su4_378.txt	10	0,00111	12	0,35682	2	0,71364
379	IDOL_MINNIE_Su4_379.txt	12	0,00207	12	0,24956	0	0
380	IDOL_MINNIE_Su4_380.txt	4	0,00553	12	0,1529	8	1,22321
381	IDOL_MINNIE_Su4_381.txt	12	0,00271	12	0,08636	0	0
382	IDOL_MINNIE_Su4_382.txt	21	0,00551	12	0,11075	9	0,99678
383	IDOL_MINNIE_Su4_383.txt	4	0,00484	12	0,20953	8	1,67622
384	IDOL_MINNIE_Su4_384.txt	21	0,00292	12	0,31213	9	2,80915
385	IDOL_MINNIE_Su4_385.txt	21	0,00297	12	0,41889	9	3,77001
386	IDOL_MINNIE_Su4_386.txt	11	0,00378	12	0,50803	1	0,50803
387	IDOL_MINNIE_Su4_387.txt	11	0,00261	12	0,61999	1	0,61999
388	IDOL_MINNIE_Su4_388.txt	21	0,00394	12	0,71882	9	6,46934
389	IDOL_MINNIE_Su4_389.txt	4	0,00506	12	0,82497	8	6,59979
390	IDOL_MINNIE_Su4_390.txt	4	0,00562	12	0,93441	8	7,47529
391	IDOL_MINNIE_Su4_391.txt	4	0,00475	12	1,04806	8	8,38452
392	IDOL_MINNIE_Su4_392.txt	10	0,00217	12	1,15698	2	2,31397
393	IDOL_MINNIE_Su4_393.txt	10	0,00239	12	1,15698	2	2,31397
394	IDOL_MINNIE_Su4_394.txt	10	0,00322	12	1,27079	2	2,54157
395	IDOL_MINNIE_Su4_395.txt	10	0,00301	13	1,25656	3	3,76968
396	IDOL_MINNIE_Su4_396.txt	12	0,0019	13	1,18864	1	1,18864
397	IDOL_MINNIE_Su4_397.txt	12	0,00171	13	1,11089	1	1,11089
398	IDOL_MINNIE_Su4_398.txt	12	0,00248	13	1,02288	1	1,02288
399	IDOL_MINNIE_Su4_399.txt	4	0,00564	13	0,93753	9	8,43778
400	IDOL_MINNIE_Su4_400.txt	11	0,00361	13	0,83984	2	1,67968
401	IDOL_MINNIE_Su4_401.txt	3	0,00559	13	0,74132	10	7,41323
402	IDOL_MINNIE_Su4_402.txt	3	0,00398	13	0,65327	10	6,53273
403	IDOL_MINNIE_Su4_403.txt	3	0,0064	13	0,56561	10	5,65607
404	IDOL_MINNIE_Su4_404.txt	3	0,00709	13	0,45654	10	4,56536
405	IDOL_MINNIE_Su4_405.txt	3	0,00398	13	0,35985	10	3,59854
406	IDOL_MINNIE_Su4_406.txt	19	0,00643	13	0,26956	6	1,61735
407	IDOL_MINNIE_Su4_407.txt	22	0,00469	13	0,17629	9	1,58659
408	IDOL_MINNIE_Su4_408.txt	8	0,00612	13	0,10417	5	0,52085
409	IDOL_MINNIE_Su4_409.txt	8	0,00424	13	0,0901	5	0,45052
410	IDOL_MINNIE_Su4_410.txt	8	0,00381	13	0,0901	5	0,45052
411	IDOL_MINNIE_Su4_411.txt	23	0,00475	13	0,17421	10	1,74211
412	IDOL_MINNIE_Su4_412.txt	8	0,0056	13	0,26571	5	1,32853
413	IDOL_MINNIE_Su4_413.txt	13	0,00424	13	0,36432	0	0
414	IDOL_MINNIE_Su4_414.txt	22	0,00521	13	0,462	9	4,158
415	IDOL_MINNIE_Su4_415.txt	13	0,00548	18	0,47309	5	2,36543
416	IDOL_MINNIE_Su4_416.txt	13	0,00524	18	0,37121	5	1,85605
417	IDOL_MINNIE_Su4_417.txt	14	0,00619	18	0,28154	4	1,12617
418	IDOL_MINNIE_Su4_418.txt	13	0,00554	18	0,19907	5	0,99534
419	IDOL_MINNIE_Su4_419.txt	13	0,00411	18	0,1506	5	0,753
420	IDOL_MINNIE_Su4_420.txt	13	0,00616	18	0,17119	5	0,85595
421	IDOL_MINNIE_Su4_421.txt	13	0,00468	18	0,2385	5	1,19252
422	IDOL_MINNIE_Su4_422.txt	13	0,00378	14	0,18862	1	0,18862
423	IDOL_MINNIE_Su4_423.txt	14	0,00406	14	0,14329	0	0
424	IDOL_MINNIE_Su4_424.txt	13	0,00426	14	0,1475	1	0,1475
425	IDOL_MINNIE_Su4_425.txt	13	0,00454	14	0,19326	1	0,19326
426	IDOL_MINNIE_Su4_426.txt	8	0,00439	14	0,19326	6	1,15955
427	IDOL_MINNIE_Su4_427.txt	13	0,00399	14	0,28133	1	0,28133
428	IDOL_MINNIE_Su4_428.txt	14	0,00434	14	0,38225	0	0
429	IDOL_MINNIE_Su4_429.txt	14	0,0031	14	0,48858	0	0
430	IDOL_MINNIE_Su4_430.txt	13	0,00511	15	0,48317	2	0,96633
431	IDOL_MINNIE_Su4_431.txt	24	0,00745	15	0,37465	9	3,37182
432	IDOL_MINNIE_Su4_432.txt	24	0,00689	15	0,25819	9	2,32373
433	IDOL_MINNIE_Su4_433.txt	24	0,00885	15	0,16739	9	1,50652
434	IDOL_MINNIE_Su4_434.txt	26	0,00697	15	0,06347	11	0,69812
435	IDOL_MINNIE_Su4_435.txt	24	0,0076	15	0,04413	9	0,39718
436	IDOL_MINNIE_Su4_436.txt	14	0,00397	15	0,16281	1	0,16281
437	IDOL_MINNIE_Su4_437.txt	14	0,00309	15	0,26976	1	0,26976
438	IDOL_MINNIE_Su4_438.txt	14	0,00328	15	0,37739	1	0,37739
439	IDOL_MINNIE_Su4_439.txt	14	0,00261	17	0,28506	3	0,85519
440	IDOL_MINNIE_Su4_440.txt	14	0,00304	17	0,20905	3	0,62715
441	IDOL_MINNIE_Su4_441.txt	14	0,00336	17	0,18924	3	0,56773
442	IDOL_MINNIE_Su4_442.txt	8	0,0041	17	0,22995	9	2,06951
443	IDOL_MINNIE_Su4_443.txt	8	0,00457	17	0,22995	9	2,06951
444	IDOL_MINNIE_Su4_444.txt	23	0,0065	17	0,31177	6	1,87062
445	IDOL_MINNIE_Su4_445.txt	23	0,00728	16	0,21443	7	1,50098
446	IDOL_MINNIE_Su4_446.txt	23	0,00433	16	0,10456	7	0,7319
447	IDOL_MINNIE_Su4_447.txt	23	0,00385	16	0,03166	7	0,22165
448	IDOL_MINNIE_Su4_448.txt	23	0,00414	16	0,11919	7	0,83436
449	IDOL_MINNIE_Su4_449.txt	23	0,00676	16	0,21092	7	1,47644
450	IDOL_MINNIE_Su4_450.txt	23	0,00754	16	0,2851	7	1,99569
451	IDOL_MINNIE_Su4_451.txt	16	0,00626	16	0,34765	0	0
452	IDOL_MINNIE_Su4_452.txt	23	0,0049	16	0,39464	7	2,76248
453	IDOL_MINNIE_Su4_453.txt	23	0,00409	16	0,43779	7	3,06451
454	IDOL_MINNIE_Su4_454.txt	23	0,00407	16	0,46433	7	3,25034
455	IDOL_MINNIE_Su4_455.txt	23	0,0042	16	0,47919	7	3,35435
456	IDOL_MINNIE_Su4_456.txt	23	0,00386	16	0,48476	7	3,39333
457	IDOL_MINNIE_Su4_457.txt	23	0,00493	16	0,48549	7	3,39845
458	IDOL_MINNIE_Su4_458.txt	23	0,00363	16	0,47236	7	3,30652
459	IDOL_MINNIE_Su4_459.txt	23	0,0038	16	0,46812	7	3,27686
460	IDOL_MINNIE_Su4_460.txt	23	0,00431	16	0,46812	7	3,27686
461	IDOL_MINNIE_Su4_461.txt	16	0,00638	16	0,46298	0	0
462	IDOL_MINNIE_Su4_462.txt	16	0,01489	16	0,45613	0	0
463	IDOL_MINNIE_Su4_463.txt	16	0,006	16	0,44801	0	0
464	IDOL_MINNIE_Su4_464.txt	23	0,00555	16	0,43377	7	3,03636
465	IDOL_MINNIE_Su4_465.txt	23	0,00431	16	0,42358	7	2,96507
466	IDOL_MINNIE_Su4_466.txt	23	0,0041	16	0,40968	7	2,86775
467	IDOL_MINNIE_Su4_467.txt	16	0,00478	16	0,3954	0	0
468	IDOL_MINNIE_Su4_468.txt	16	0,00457	16	0,38316	0	0
469	IDOL_MINNIE_Su4_469.txt	6	0,0076	16	0,38276	10	3,8276
470	IDOL_MINNIE_Su4_470.txt	6	0,01411	16	0,36901	10	3,69011
471	IDOL_MINNIE_Su4_471.txt	6	0,01677	16	0,35407	10	3,54074
472	IDOL_MINNIE_Su4_472.txt	6	0,01704	16	0,33679	10	3,36791
473	IDOL_MINNIE_Su4_473.txt	6	0,0184	16	0,31971	10	3,19712
474	IDOL_MINNIE_Su4_474.txt	6	0,01626	16	0,29969	10	2,99686
475	IDOL_MINNIE_Su4_475.txt	6	0,00843	16	0,28099	10	2,80988
476	IDOL_MINNIE_Su4_476.txt	14	0,00624	16	0,28099	2	0,56198
477	IDOL_MINNIE_Su4_477.txt	8	0,00471	16	0,26344	8	2,10755
478	IDOL_MINNIE_Su4_478.txt	14	0,00409	16	0,24495	2	0,4899
479	IDOL_MINNIE_Su4_479.txt	5	0,00525	16	0,22488	11	2,47369
480	IDOL_MINNIE_Su4_480.txt	14	0,00889	16	0,20557	2	0,41114
481	IDOL_MINNIE_Su4_481.txt	16	0,00963	16	0,18609	0	0
482	IDOL_MINNIE_Su4_482.txt	14	0,00577	16	0,15883	2	0,31766
483	IDOL_MINNIE_Su4_483.txt	14	0,0052	16	0,13369	2	0,26739
484	IDOL_MINNIE_Su4_484.txt	8	0,00517	16	0,11666	8	0,93328
485	IDOL_MINNIE_Su4_485.txt	23	0,00447	16	0,10066	7	0,70463
486	IDOL_MINNIE_Su4_486.txt	3	0,00669	16	0,09009	13	1,17121
487	IDOL_MINNIE_Su4_487.txt	3	0,00526	16	0,08407	13	1,09295
488	IDOL_MINNIE_Su4_488.txt	11	0,00626	16	0,08206	5	0,4103
489	IDOL_MINNIE_Su4_489.txt	26	0,01016	16	0,07893	10	0,78928
490	IDOL_MINNIE_Su4_490.txt	26	0,01181	16	0,06938	10	0,69375
491	IDOL_MINNIE_Su4_491.txt	23	0,01185	16	0,06077	7	0,42539
492	IDOL_MINNIE_Su4_492.txt	23	0,0107	16	0,06077	7	0,42539
493	IDOL_MINNIE_Su4_493.txt	23	0,0111	16	0,08664	7	0,60651
494	IDOL_MINNIE_Su4_494.txt	23	0,01425	16	0,11616	7	0,81313
495	IDOL_MINNIE_Su4_495.txt	23	0,0101	16	0,17104	7	1,1973
496	IDOL_MINNIE_Su4_496.txt	23	0,01091	16	0,24925	7	1,74476
497	IDOL_MINNIE_Su4_497.txt	23	0,00545	17	0,30595	6	1,83567
498	IDOL_MINNIE_Su4_498.txt	8	0,00477	17	0,21577	9	1,94197
499	IDOL_MINNIE_Su4_499.txt	23	0,00499	17	0,1246	6	0,74763
500	IDOL_MINNIE_Su4_500.txt	8	0,00434	17	0,057	9	0,51296
501	IDOL_MINNIE_Su4_501.txt	23	0,00413	17	0,11597	6	0,69581
502	IDOL_MINNIE_Su4_502.txt	23	0,0057	17	0,21291	6	1,27746
503	IDOL_MINNIE_Su4_503.txt	22	0,00812	17	0,29977	5	1,49884
504	IDOL_MINNIE_Su4_504.txt	20	0,00538	17	0,39563	3	1,18689
505	IDOL_MINNIE_Su4_505.txt	0	0,0057	15	0,33332	15	4,9998
506	IDOL_MINNIE_Su4_506.txt	27	0,00603	15	0,23341	12	2,80096
507	IDOL_MINNIE_Su4_507.txt	26	0,00529	15	0,14215	11	1,56361
508	IDOL_MINNIE_Su4_508.txt	3	0,01056	15	0,14215	12	1,70576
509	IDOL_MINNIE_Su4_509.txt	3	0,01379	15	0,08174	12	0,98084
510	IDOL_MINNIE_Su4_510.txt	3	0,00747	15	0,12892	12	1,54706
511	IDOL_MINNIE_Su4_511.txt	3	0,00986	15	0,22433	12	2,6919
512	IDOL_MINNIE_Su4_512.txt	3	0,00605	15	0,33142	12	3,977
513	IDOL_MINNIE_Su4_513.txt	9	0,00677	15	0,44151	6	2,64903
514	IDOL_MINNIE_Su4_514.txt	9	0,00567	15	0,54498	6	3,26985
515	IDOL_MINNIE_Su4_515.txt	3	0,00757	14	0,4514	11	4,96536
516	IDOL_MINNIE_Su4_516.txt	25	0,00472	14	0,36957	11	4,06525
517	IDOL_MINNIE_Su4_517.txt	25	0,00383	14	0,29303	11	3,22337
518	IDOL_MINNIE_Su4_518.txt	25	0,00783	14	0,24861	11	2,73474
519	IDOL_MINNIE_Su4_519.txt	25	0,003	14	0,23896	11	2,62851
520	IDOL_MINNIE_Su4_520.txt	25	0,00264	18	0,25038	7	1,75266
521	IDOL_MINNIE_Su4_521.txt	17	0,00377	18	0,16071	1	0,16071
522	IDOL_MINNIE_Su4_522.txt	25	0,00278	18	0,08557	7	0,599
523	IDOL_MINNIE_Su4_523.txt	17	0,00344	18	0,08557	1	0,08557
524	IDOL_MINNIE_Su4_524.txt	25	0,0031	18	0,1065	7	0,7455
525	IDOL_MINNIE_Su4_525.txt	25	0,0012	18	0,21345	7	1,49418
526	IDOL_MINNIE_Su4_526.txt	17	0,00296	18	0,30982	1	0,30982
527	IDOL_MINNIE_Su4_527.txt	25	0,00196	18	0,41214	7	2,88497
528	IDOL_MINNIE_Su4_528.txt	25	0,00431	18	0,50536	7	3,53753
529	IDOL_MINNIE_Su4_529.txt	25	0,00253	13	0,3996	12	4,79517
530	IDOL_MINNIE_Su4_530.txt	25	0,00216	13	0,28347	12	3,40168
531	IDOL_MINNIE_Su4_531.txt	25	0,00275	13	0,17789	12	2,13468
532	IDOL_MINNIE_Su4_532.txt	17	0,00318	13	0,06369	4	0,25476
533	IDOL_MINNIE_Su4_533.txt	17	0,00311	13	0,02636	4	0,10543
534	IDOL_MINNIE_Su4_534.txt	17	0,00295	13	0,12159	4	0,48635
535	IDOL_MINNIE_Su4_535.txt	25	0,00199	13	0,24246	12	2,90947
536	IDOL_MINNIE_Su4_536.txt	25	0,00266	13	0,33161	12	3,97929
537	IDOL_MINNIE_Su4_537.txt	25	0,00421	13	0,4597	12	5,51635
538	IDOL_MINNIE_Su4_538.txt	17	0,00334	13	0,56078	4	2,24313
539	IDOL_MINNIE_Su4_539.txt	25	0,00249	13	0,56078	12	6,7294
540	IDOL_MINNIE_Su4_540.txt	25	0,00242	13	0,64093	12	7,69114
541	IDOL_MINNIE_Su4_541.txt	27	0,00522	19	0,69814	8	5,58513
542	IDOL_MINNIE_Su4_542.txt	27	0,00563	19	0,5973	8	4,77842
543	IDOL_MINNIE_Su4_543.txt	20	0,008	19	0,51746	1	0,51746
544	IDOL_MINNIE_Su4_544.txt	3	0,00525	19	0,43238	16	6,91809
545	IDOL_MINNIE_Su4_545.txt	3	0,00685	19	0,36565	16	5,85037
546	IDOL_MINNIE_Su4_546.txt	7	0,00576	19	0,30227	12	3,62727
547	IDOL_MINNIE_Su4_547.txt	7	0,00514	19	0,26278	12	3,1534
548	IDOL_MINNIE_Su4_548.txt	7	0,00493	19	0,26582	12	3,18987
549	IDOL_MINNIE_Su4_549.txt	19	0,0084	19	0,2958	0	0
550	IDOL_MINNIE_Su4_550.txt	19	0,00871	19	0,34601	0	0
551	IDOL_MINNIE_Su4_551.txt	19	0,00713	19	0,41247	0	0
552	IDOL_MINNIE_Su4_552.txt	19	0,00743	20	0,39236	1	0,39236
553	IDOL_MINNIE_Su4_553.txt	27	0,0041	20	0,40175	7	2,81224
554	IDOL_MINNIE_Su4_554.txt	10	0,00247	20	0,42967	10	4,29671
555	IDOL_MINNIE_Su4_555.txt	12	0,00231	20	0,4899	8	3,9192
556	IDOL_MINNIE_Su4_556.txt	12	0,00331	20	0,54157	8	4,33258
557	IDOL_MINNIE_Su4_557.txt	4	0,00384	20	0,6026	16	9,64153
558	IDOL_MINNIE_Su4_558.txt	21	0,00359	20	0,64186	1	0,64186
559	IDOL_MINNIE_Su4_559.txt	26	0,0051	20	0,68484	6	4,10904
560	IDOL_MINNIE_Su4_560.txt	3	0,00691	20	0,70892	17	12,05159
561	IDOL_MINNIE_Su4_561.txt	22	0,00504	20	0,76139	2	1,52277
562	IDOL_MINNIE_Su4_562.txt	2	0,00597	20	0,77524	18	13,95439
563	IDOL_MINNIE_Su4_563.txt	2	0,00645	20	0,80374	18	14,46733
564	IDOL_MINNIE_Su4_564.txt	2	0,00595	20	0,83594	18	15,04691
565	IDOL_MINNIE_Su4_565.txt	7	0,0056	20	0,87681	13	11,39847
566	IDOL_MINNIE_Su4_566.txt	13	0,00772	20	0,9217	7	6,45193
567	IDOL_MINNIE_Su4_567.txt	2	0,00806	20	0,95235	18	17,14228
568	IDOL_MINNIE_Su4_568.txt	2	0,00797	20	0,95235	18	17,14228
569	IDOL_MINNIE_Su4_569.txt	2	0,00809	20	0,97062	18	17,4711
570	IDOL_MINNIE_Su4_570.txt	2	0,00521	20	0,97621	18	17,57181
571	IDOL_MINNIE_Su4_571.txt	2	0,00524	20	0,97492	18	17,54859
572	IDOL_MINNIE_Su4_572.txt	9	0,00532	20	0,97331	11	10,70638
573	IDOL_MINNIE_Su4_573.txt	3	0,00708	20	0,95914	17	16,30531
574	IDOL_MINNIE_Su4_574.txt	3	0,00592	20	0,9408	17	15,99366
575	IDOL_MINNIE_Su4_575.txt	3	0,00584	20	0,93389	17	15,87619
576	IDOL_MINNIE_Su4_576.txt	3	0,00593	20	0,91435	17	15,54398
577	IDOL_MINNIE_Su4_577.txt	3	0,01107	20	0,89441	17	15,20493
578	IDOL_MINNIE_Su4_578.txt	3	0,012	20	0,87432	17	14,86344
579	IDOL_MINNIE_Su4_579.txt	3	0,00659	20	0,85473	17	14,53041
580	IDOL_MINNIE_Su4_580.txt	3	0,00934	20	0,82871	17	14,08803
581	IDOL_MINNIE_Su4_581.txt	3	0,00474	20	0,79308	17	13,48228
582	IDOL_MINNIE_Su4_582.txt	3	0,00481	20	0,77868	17	13,23759
583	IDOL_MINNIE_Su4_583.txt	3	0,00526	20	0,77868	17	13,23759
584	IDOL_MINNIE_Su4_584.txt	3	0,00513	20	0,75455	17	12,82733
585	IDOL_MINNIE_Su4_585.txt	20	0,00483	20	0,73891	0	0
586	IDOL_MINNIE_Su4_586.txt	20	0,00266	20	0,71417	0	0
587	IDOL_MINNIE_Su4_587.txt	4	0,0033	20	0,67972	16	10,87549
588	IDOL_MINNIE_Su4_588.txt	12	0,00228	19	0,07799	7	0,5459
589	IDOL_MINNIE_Su4_589.txt	12	0,00281	19	0,1942	7	1,3594
590	IDOL_MINNIE_Su4_590.txt	12	0,00257	19	0,28347	7	1,98432
591	IDOL_MINNIE_Su4_591.txt	10	0,00195	19	0,39161	9	3,52453
592	IDOL_MINNIE_Su4_592.txt	12	0,00459	19	0,50161	7	3,51126
593	IDOL_MINNIE_Su4_593.txt	12	0,00495	19	0,61827	7	4,32791
594	IDOL_MINNIE_Su4_594.txt	4	0,00621	19	0,73146	15	10,9719
595	IDOL_MINNIE_Su4_595.txt	4	0,00555	19	0,83914	15	12,58717
596	IDOL_MINNIE_Su4_596.txt	12	0,00339	19	0,94395	7	6,60768
597	IDOL_MINNIE_Su4_597.txt	21	0,00744	19	1,05019	2	2,10037
598	IDOL_MINNIE_Su4_598.txt	21	0,00703	13	1,13663	8	9,09302
599	IDOL_MINNIE_Su4_599.txt	21	0,0052	13	1,18434	8	9,47473
600	IDOL_MINNIE_Su4_600.txt	12	0,00417	13	1,23571	1	1,23571
601	IDOL_MINNIE_Su4_601.txt	4	0,00483	13	1,29756	9	11,67808
602	IDOL_MINNIE_Su4_602.txt	12	0,00205	13	1,29756	1	1,29756
603	IDOL_MINNIE_Su4_603.txt	4	0,00598	12	1,23894	8	9,91149
604	IDOL_MINNIE_Su4_604.txt	21	0,00578	12	1,13637	9	10,22736
605	IDOL_MINNIE_Su4_605.txt	12	0,00273	12	1,03106	0	0
606	IDOL_MINNIE_Su4_606.txt	4	0,00388	12	0,93189	8	7,45512
607	IDOL_MINNIE_Su4_607.txt	4	0,00582	12	0,83347	8	6,66777
608	IDOL_MINNIE_Su4_608.txt	4	0,00661	12	0,69876	8	5,59006
609	IDOL_MINNIE_Su4_609.txt	11	0,00669	12	0,59392	1	0,59392
610	IDOL_MINNIE_Su4_610.txt	4	0,00487	12	0,49062	8	3,92492
611	IDOL_MINNIE_Su4_611.txt	10	0,00213	12	0,37764	2	0,75529
612	IDOL_MINNIE_Su4_612.txt	10	0,00156	12	0,2973	2	0,5946
613	IDOL_MINNIE_Su4_613.txt	11	0,00778	12	0,23307	1	0,23307
614	IDOL_MINNIE_Su4_614.txt	11	0,00781	12	0,20516	1	0,20516
615	IDOL_MINNIE_Su4_615.txt	11	0,00547	12	0,22307	1	0,22307
616	IDOL_MINNIE_Su4_616.txt	12	0,00383	12	0,28641	0	0
617	IDOL_MINNIE_Su4_617.txt	4	0,00451	12	0,36748	8	2,93985
618	IDOL_MINNIE_Su4_618.txt	20	0,00457	12	0,36748	8	2,93985
619	IDOL_MINNIE_Su4_619.txt	4	0,00538	12	0,45245	8	3,61961
620	IDOL_MINNIE_Su4_620.txt	4	0,0043	12	0,55954	8	4,47633
621	IDOL_MINNIE_Su4_621.txt	12	0,00445	12	0,65799	0	0
622	IDOL_MINNIE_Su4_622.txt	21	0,00542	12	0,75986	9	6,8387
623	IDOL_MINNIE_Su4_623.txt	11	0,00699	12	0,85936	1	0,85936
624	IDOL_MINNIE_Su4_624.txt	12	0,00485	12	0,95963	0	0
625	IDOL_MINNIE_Su4_625.txt	4	0,00479	12	1,05829	8	8,46635
626	IDOL_MINNIE_Su4_626.txt	4	0,00328	12	1,16545	8	9,32363
627	IDOL_MINNIE_Su4_627.txt	12	0,00523	12	1,26619	0	0
628	IDOL_MINNIE_Su4_628.txt	12	0,00375	11	1,22065	1	1,22065
629	IDOL_MINNIE_Su4_629.txt	4	0,00456	11	1,11318	7	7,79224
630	IDOL_MINNIE_Su4_630.txt	12	0,00324	11	1,01446	1	1,01446
631	IDOL_MINNIE_Su4_631.txt	12	0,00347	11	0,91146	1	0,91146
632	IDOL_MINNIE_Su4_632.txt	4	0,00672	11	0,82126	7	5,74882
633	IDOL_MINNIE_Su4_633.txt	4	0,0052	11	0,7214	7	5,0498
634	IDOL_MINNIE_Su4_634.txt	4	0,00501	11	0,7214	7	5,0498
635	IDOL_MINNIE_Su4_635.txt	4	0,00476	11	0,62147	7	4,35027
636	IDOL_MINNIE_Su4_636.txt	12	0,00343	11	0,51155	1	0,51155
637	IDOL_MINNIE_Su4_637.txt	4	0,0072	11	0,41724	7	2,92069
638	IDOL_MINNIE_Su4_638.txt	12	0,00262	11	0,30716	1	0,30716
639	IDOL_MINNIE_Su4_639.txt	4	0,00549	11	0,22264	7	1,55848
640	IDOL_MINNIE_Su4_640.txt	21	0,00669	11	0,17263	10	1,72633
641	IDOL_MINNIE_Su4_641.txt	4	0,00469	11	0,18179	7	1,27251
642	IDOL_MINNIE_Su4_642.txt	4	0,00462	11	0,23867	7	1,6707
643	IDOL_MINNIE_Su4_643.txt	12	0,00432	21	0,29265	9	2,63388
644	IDOL_MINNIE_Su4_644.txt	4	0,00661	21	0,19149	17	3,2554
645	IDOL_MINNIE_Su4_645.txt	4	0,00583	21	0,08583	17	1,45904
646	IDOL_MINNIE_Su4_646.txt	4	0,00543	21	0,06714	17	1,1413
647	IDOL_MINNIE_Su4_647.txt	4	0,00449	21	0,14758	17	2,50881
648	IDOL_MINNIE_Su4_648.txt	4	0,00387	21	0,25169	17	4,27872
649	IDOL_MINNIE_Su4_649.txt	4	0,00538	21	0,34956	17	5,94256
650	IDOL_MINNIE_Su4_650.txt	4	0,0038	21	0,34956	17	5,94256
651	IDOL_MINNIE_Su4_651.txt	4	0,00424	21	0,4523	17	7,68911
652	IDOL_MINNIE_Su4_652.txt	4	0,00474	21	0,55701	17	9,46915
653	IDOL_MINNIE_Su4_653.txt	4	0,00431	21	0,66524	17	11,30914
654	IDOL_MINNIE_Su4_654.txt	4	0,00465	21	0,76143	17	12,94427
655	IDOL_MINNIE_Su4_655.txt	4	0,00409	9	0,83551	5	4,17753
656	IDOL_MINNIE_Su4_656.txt	4	0,00477	9	0,85635	5	4,28176
657	IDOL_MINNIE_Su4_657.txt	4	0,0047	9	0,88739	5	4,43697
658	IDOL_MINNIE_Su4_658.txt	21	0,00367	9	0,92672	12	11,1207
659	IDOL_MINNIE_Su4_659.txt	4	0,00575	9	0,9688	5	4,84399
660	IDOL_MINNIE_Su4_660.txt	11	0,00377	9	1,01735	2	2,0347
661	IDOL_MINNIE_Su4_661.txt	12	0,00167	9	1,07667	3	3,23
662	IDOL_MINNIE_Su4_662.txt	12	0,00427	9	1,13927	3	3,41781
663	IDOL_MINNIE_Su4_663.txt	4	0,00526	9	1,21058	5	6,05288
664	IDOL_MINNIE_Su4_664.txt	4	0,00422	9	1,29062	5	6,45309
665	IDOL_MINNIE_Su4_665.txt	21	0,00482	9	1,3674	12	16,40881
666	IDOL_MINNIE_Su4_666.txt	12	0,00313	9	1,3674	3	4,1022
667	IDOL_MINNIE_Su4_667.txt	21	0,00529	9	1,44723	12	17,36672
668	IDOL_MINNIE_Su4_668.txt	11	0,00638	9	1,53582	2	3,07165
669	IDOL_MINNIE_Su4_669.txt	4	0,00627	9	1,62202	5	8,11008
670	IDOL_MINNIE_Su4_670.txt	11	0,00642	9	1,70892	2	3,41784
671	IDOL_MINNIE_Su4_671.txt	21	0,00499	26	1,63831	5	8,19154
672	IDOL_MINNIE_Su4_672.txt	21	0,00457	4	1,54076	17	26,19299
673	IDOL_MINNIE_Su4_673.txt	12	0,00388	4	1,37346	8	10,9877
674	IDOL_MINNIE_Su4_674.txt	21	0,00363	4	1,26338	17	21,4775
675	IDOL_MINNIE_Su4_675.txt	4	0,00451	4	1,1589	0	0
676	IDOL_MINNIE_Su4_676.txt	12	0,00459	4	1,04775	8	8,38201
677	IDOL_MINNIE_Su4_677.txt	4	0,0041	4	0,93866	0	0
678	IDOL_MINNIE_Su4_678.txt	12	0,00288	4	0,83398	8	6,67187
679	IDOL_MINNIE_Su4_679.txt	4	0,00417	4	0,73373	0	0
680	IDOL_MINNIE_Su4_680.txt	4	0,00428	4	0,63079	0	0
681	IDOL_MINNIE_Su4_681.txt	11	0,00574	4	0,53565	7	3,74954
682	IDOL_MINNIE_Su4_682.txt	21	0,00649	4	0,45166	17	7,67821
683	IDOL_MINNIE_Su4_683.txt	11	0,0066	4	0,45166	7	3,16162
684	IDOL_MINNIE_Su4_684.txt	3	0,00647	4	0,39516	1	0,39516
685	IDOL_MINNIE_Su4_685.txt	25	0,00718	4	0,35639	21	7,48422
686	IDOL_MINNIE_Su4_686.txt	3	0,01562	4	0,36169	1	0,36169
687	IDOL_MINNIE_Su4_687.txt	3	0,00667	4	0,37767	1	0,37767
688	IDOL_MINNIE_Su4_688.txt	9	0,00523	4	0,40118	5	2,00592
689	IDOL_MINNIE_Su4_689.txt	3	0,00621	26	0,40236	23	9,25417
690	IDOL_MINNIE_Su4_690.txt	7	0,00612	26	0,39008	19	7,4115
691	IDOL_MINNIE_Su4_691.txt	3	0,0045	26	0,39368	23	9,05473
692	IDOL_MINNIE_Su4_692.txt	9	0,00773	26	0,41404	17	7,03871
693	IDOL_MINNIE_Su4_693.txt	9	0,00472	26	0,4311	17	7,32877
694	IDOL_MINNIE_Su4_694.txt	22	0,00303	26	0,43539	4	1,74155
695	IDOL_MINNIE_Su4_695.txt	22	0,00475	26	0,42013	4	1,68053
696	IDOL_MINNIE_Su4_696.txt	22	0,00507	26	0,38433	4	1,53734
697	IDOL_MINNIE_Su4_697.txt	22	0,00492	26	0,33583	4	1,34333
698	IDOL_MINNIE_Su4_698.txt	22	0,00541	26	0,28362	4	1,1345
699	IDOL_MINNIE_Su4_699.txt	22	0,00606	26	0,22958	4	0,91831
700	IDOL_MINNIE_Su4_700.txt	22	0,00606	26	0,17305	4	0,69221
701	IDOL_MINNIE_Su4_701.txt	22	0,00768	26	0,17305	4	0,69221
702	IDOL_MINNIE_Su4_702.txt	22	0,00384	26	0,18176	4	0,72705
703	IDOL_MINNIE_Su4_703.txt	22	0,00475	26	0,24591	4	0,98366
704	IDOL_MINNIE_Su4_704.txt	22	0,00316	26	0,3435	4	1,374
705	IDOL_MINNIE_Su4_705.txt	22	0,00588	26	0,44347	4	1,77386
706	IDOL_MINNIE_Su4_706.txt	8	0,00401	26	0,54943	18	9,88978
707	IDOL_MINNIE_Su4_707.txt	22	0,00372	22	0,48964	0	0
708	IDOL_MINNIE_Su4_708.txt	22	0,00367	22	0,40315	0	0
709	IDOL_MINNIE_Su4_709.txt	23	0,00544	22	0,32141	1	0,32141
710	IDOL_MINNIE_Su4_710.txt	23	0,00799	22	0,24537	1	0,24537
711	IDOL_MINNIE_Su4_711.txt	23	0,0082	22	0,1799	1	0,1799
712	IDOL_MINNIE_Su4_712.txt	5	0,00872	22	0,15784	17	2,68327
713	IDOL_MINNIE_Su4_713.txt	23	0,00451	22	0,18507	1	0,18507
714	IDOL_MINNIE_Su4_714.txt	22	0,00431	22	0,26064	0	0
715	IDOL_MINNIE_Su4_715.txt	22	0,0045	22	0,35233	0	0
716	IDOL_MINNIE_Su4_716.txt	22	0,0047	22	0,45702	0	0
717	IDOL_MINNIE_Su4_717.txt	22	0,00482	22	0,45702	0	0
718	IDOL_MINNIE_Su4_718.txt	22	0,00518	22	0,56294	0	0
719	IDOL_MINNIE_Su4_719.txt	22	0,00396	25	0,49454	3	1,48363
720	IDOL_MINNIE_Su4_720.txt	22	0,00427	25	0,39029	3	1,17088
721	IDOL_MINNIE_Su4_721.txt	22	0,00398	25	0,28223	3	0,84668
722	IDOL_MINNIE_Su4_722.txt	22	0,00431	25	0,17258	3	0,51775
723	IDOL_MINNIE_Su4_723.txt	22	0,00556	25	0,10028	3	0,30085
724	IDOL_MINNIE_Su4_724.txt	22	0,00661	25	0,12114	3	0,36342
725	IDOL_MINNIE_Su4_725.txt	22	0,00827	25	0,21961	3	0,65882
726	IDOL_MINNIE_Su4_726.txt	22	0,00528	25	0,29985	3	0,89955
727	IDOL_MINNIE_Su4_727.txt	22	0,00379	25	0,38795	3	1,16386
728	IDOL_MINNIE_Su4_728.txt	22	0,00459	25	0,43323	3	1,29968
729	IDOL_MINNIE_Su4_729.txt	8	0,00433	25	0,48498	17	8,24465
730	IDOL_MINNIE_Su4_730.txt	8	0,00425	25	0,54058	17	9,18985
731	IDOL_MINNIE_Su4_731.txt	22	0,00631	25	0,57565	3	1,72695
732	IDOL_MINNIE_Su4_732.txt	22	0,00629	25	0,60944	3	1,82832
733	IDOL_MINNIE_Su4_733.txt	22	0,00634	25	0,60944	3	1,82832
734	IDOL_MINNIE_Su4_734.txt	8	0,00468	25	0,66	17	11,22003
735	IDOL_MINNIE_Su4_735.txt	14	0,00398	25	0,72732	11	8,00054
736	IDOL_MINNIE_Su4_736.txt	6	0,00577	25	0,80162	19	15,2307
737	IDOL_MINNIE_Su4_737.txt	6	0,0057	25	0,88733	19	16,85932
738	IDOL_MINNIE_Su4_738.txt	6	0,00525	25	0,98307	19	18,67831
739	IDOL_MINNIE_Su4_739.txt	23	0,00557	25	1,07345	2	2,1469
740	IDOL_MINNIE_Su4_740.txt	6	0,00643	25	1,16852	19	22,2018
741	IDOL_MINNIE_Su4_741.txt	5	0,01382	25	1,25345	20	25,069
742	IDOL_MINNIE_Su4_742.txt	23	0,01191	23	1,23987	0	0
743	IDOL_MINNIE_Su4_743.txt	23	0,00848	23	1,15013	0	0
744	IDOL_MINNIE_Su4_744.txt	6	0,00749	23	1,0753	17	18,2801
745	IDOL_MINNIE_Su4_745.txt	8	0,00538	23	1,00536	15	15,08036
746	IDOL_MINNIE_Su4_746.txt	23	0,00414	23	0,94062	0	0
747	IDOL_MINNIE_Su4_747.txt	23	0,00475	23	0,87518	0	0
748	IDOL_MINNIE_Su4_748.txt	23	0,00402	23	0,80559	0	0
749	IDOL_MINNIE_Su4_749.txt	23	0,00468	23	0,80559	0	0
750	IDOL_MINNIE_Su4_750.txt	23	0,00372	23	0,73679	0	0
751	IDOL_MINNIE_Su4_751.txt	8	0,00414	23	0,67441	15	10,11616
752	IDOL_MINNIE_Su4_752.txt	16	0,0044	23	0,61494	7	4,30455
753	IDOL_MINNIE_Su4_753.txt	16	0,00449	23	0,5667	7	3,96689
754	IDOL_MINNIE_Su4_754.txt	16	0,00377	23	0,52145	7	3,65017
755	IDOL_MINNIE_Su4_755.txt	16	0,00465	23	0,47322	7	3,31252
756	IDOL_MINNIE_Su4_756.txt	23	0,00458	23	0,42632	0	0
757	IDOL_MINNIE_Su4_757.txt	23	0,00281	23	0,37214	0	0
758	IDOL_MINNIE_Su4_758.txt	23	0,0036	23	0,30817	0	0
759	IDOL_MINNIE_Su4_759.txt	23	0,00399	23	0,23922	0	0
760	IDOL_MINNIE_Su4_760.txt	23	0,00751	23	0,18152	0	0
761	IDOL_MINNIE_Su4_761.txt	23	0,01378	23	0,13617	0	0
762	IDOL_MINNIE_Su4_762.txt	23	0,01787	23	0,10942	0	0
763	IDOL_MINNIE_Su4_763.txt	23	0,00996	23	0,13438	0	0
764	IDOL_MINNIE_Su4_764.txt	23	0,00706	23	0,18241	0	0
765	IDOL_MINNIE_Su4_765.txt	8	0,0055	23	0,18241	15	2,73612
766	IDOL_MINNIE_Su4_766.txt	23	0,00548	23	0,24788	0	0
767	IDOL_MINNIE_Su4_767.txt	22	0,00391	23	0,33235	1	0,33235
768	IDOL_MINNIE_Su4_768.txt	22	0,00736	23	0,42912	1	0,42912
769	IDOL_MINNIE_Su4_769.txt	22	0,00662	23	0,52918	1	0,52918
770	IDOL_MINNIE_Su4_770.txt	22	0,00754	23	0,6184	1	0,6184
771	IDOL_MINNIE_Su4_771.txt	22	0,00493	23	0,71384	1	0,71384
772	IDOL_MINNIE_Su4_772.txt	22	0,007	23	0,80411	1	0,80411
773	IDOL_MINNIE_Su4_773.txt	22	0,00603	23	0,89858	1	0,89858
774	IDOL_MINNIE_Su4_774.txt	22	0,00445	24	0,97317	2	1,94635
775	IDOL_MINNIE_Su4_775.txt	22	0,00421	24	0,87075	2	1,7415
776	IDOL_MINNIE_Su4_776.txt	1	0,00457	24	0,76829	23	17,6706
777	IDOL_MINNIE_Su4_777.txt	22	0,00305	24	0,65512	2	1,31024
778	IDOL_MINNIE_Su4_778.txt	1	0,00524	24	0,54928	23	12,63333
779	IDOL_MINNIE_Su4_779.txt	24	0,00757	24	0,43247	0	0
780	IDOL_MINNIE_Su4_780.txt	24	0,00826	24	0,33035	0	0
781	IDOL_MINNIE_Su4_781.txt	24	0,00723	24	0,22753	0	0
782	IDOL_MINNIE_Su4_782.txt	24	0,00769	24	0,22753	0	0
783	IDOL_MINNIE_Su4_783.txt	24	0,00669	24	0,12911	0	0
784	IDOL_MINNIE_Su4_784.txt	24	0,00996	24	0,03238	0	0
785	IDOL_MINNIE_Su4_785.txt	24	0,01004	24	0,10304	0	0
786	IDOL_MINNIE_Su4_786.txt	24	0,0108	24	0,20041	0	0
787	IDOL_MINNIE_Su4_787.txt	24	0,00739	24	0,30322	0	0
788	IDOL_MINNIE_Su4_788.txt	24	0,00418	24	0,40861	0	0
789	IDOL_MINNIE_Su4_789.txt	2	0,00435	24	0,50969	22	11,21316
790	IDOL_MINNIE_Su4_790.txt	2	0,00543	24	0,60758	22	13,36681
791	IDOL_MINNIE_Su4_791.txt	2	0,00488	24	0,70455	22	15,50006
792	IDOL_MINNIE_Su4_792.txt	2	0,00788	24	0,7953	22	17,49652
793	IDOL_MINNIE_Su4_793.txt	2	0,00415	24	0,89647	22	19,72236
794	IDOL_MINNIE_Su4_794.txt	13	0,00532	24	0,99058	11	10,89642
795	IDOL_MINNIE_Su4_795.txt	2	0,00472	24	1,07841	22	23,72508
796	IDOL_MINNIE_Su4_796.txt	2	0,00659	24	1,1598	22	25,51571
797	IDOL_MINNIE_Su4_797.txt	2	0,0069	24	1,23288	22	27,12335
798	IDOL_MINNIE_Su4_798.txt	2	0,00885	24	1,31726	22	28,97981
799	IDOL_MINNIE_Su4_799.txt	24	0,01321	24	1,36086	0	0
800	IDOL_MINNIE_Su4_800.txt	2	0,00415	24	1,41583	22	31,14836
801	IDOL_MINNIE_Su4_801.txt	2	0,00737	24	1,46781	22	32,29171
802	IDOL_MINNIE_Su4_802.txt	22	0,00611	24	1,46781	2	2,93561
803	IDOL_MINNIE_Su4_803.txt	23	0,00654	24	1,52774	1	1,52774
804	IDOL_MINNIE_Su4_804.txt	20	0,00545	25	1,45089	5	7,25447
805	IDOL_MINNIE_Su4_805.txt	11	0,00551	25	1,34644	14	18,85011
806	IDOL_MINNIE_Su4_806.txt	26	0,00447	25	1,24652	1	1,24652
807	IDOL_MINNIE_Su4_807.txt	17	0,00148	25	1,14705	8	9,17636
808	IDOL_MINNIE_Su4_808.txt	17	0,00141	25	1,03561	8	8,2849
809	IDOL_MINNIE_Su4_809.txt	17	0,0013	25	0,9367	8	7,4936
810	IDOL_MINNIE_Su4_810.txt	17	0,00243	25	0,81627	8	6,53015
811	IDOL_MINNIE_Su4_811.txt	17	0,00116	25	0,70839	8	5,66715
812	IDOL_MINNIE_Su4_812.txt	17	0,00204	25	0,60593	8	4,84741
813	IDOL_MINNIE_Su4_813.txt	3	0,00523	25	0,49986	22	10,99688
814	IDOL_MINNIE_Su4_814.txt	3	0,00385	25	0,39437	22	8,67609
815	IDOL_MINNIE_Su4_815.txt	18	0,00389	25	0,25348	7	1,77436
816	IDOL_MINNIE_Su4_816.txt	0	0,00524	25	0,15352	25	3,8379
817	IDOL_MINNIE_Su4_817.txt	18	0,0045	25	0,07258	7	0,50806
818	IDOL_MINNIE_Su4_818.txt	3	0,00646	25	0,07495	22	1,6488
819	IDOL_MINNIE_Su4_819.txt	25	0,0068	25	0,16776	0	0
820	IDOL_MINNIE_Su4_820.txt	25	0,00268	25	0,27497	0	0
821	IDOL_MINNIE_Su4_821.txt	17	0,00294	25	0,27497	8	2,19979
822	IDOL_MINNIE_Su4_822.txt	25	0,00257	25	0,37266	0	0
823	IDOL_MINNIE_Su4_823.txt	17	0,00232	25	0,47345	8	3,78761
824	IDOL_MINNIE_Su4_824.txt	25	0,00172	22	0,5598	3	1,67941
825	IDOL_MINNIE_Su4_825.txt	25	0,00313	22	0,45923	3	1,3777
826	IDOL_MINNIE_Su4_826.txt	25	0,00305	22	0,36155	3	1,08464
827	IDOL_MINNIE_Su4_827.txt	17	0,00362	22	0,26421	5	1,32107
828	IDOL_MINNIE_Su4_828.txt	17	0,00318	22	0,17332	5	0,86659
829	IDOL_MINNIE_Su4_829.txt	17	0,00305	22	0,10771	5	0,53855
830	IDOL_MINNIE_Su4_830.txt	17	0,00357	22	0,11899	5	0,59496
831	IDOL_MINNIE_Su4_831.txt	25	0,00169	22	0,19478	3	0,58434
832	IDOL_MINNIE_Su4_832.txt	25	0,00264	22	0,28765	3	0,86296
833	IDOL_MINNIE_Su4_833.txt	25	0,00311	22	0,38352	3	1,15057
834	IDOL_MINNIE_Su4_834.txt	25	0,00294	22	0,48233	3	1,44698
835	IDOL_MINNIE_Su4_835.txt	18	0,00326	26	0,54957	8	4,39659
836	IDOL_MINNIE_Su4_836.txt	27	0,00403	26	0,45642	1	0,45642
837	IDOL_MINNIE_Su4_837.txt	18	0,00494	26	0,45642	8	3,65134
838	IDOL_MINNIE_Su4_838.txt	25	0,00491	26	0,37742	1	0,37742
839	IDOL_MINNIE_Su4_839.txt	18	0,0035	26	0,35648	8	2,85187
840	IDOL_MINNIE_Su4_840.txt	18	0,00466	26	0,31191	8	2,49528
841	IDOL_MINNIE_Su4_841.txt	26	0,00473	26	0,32981	0	0
842	IDOL_MINNIE_Su4_842.txt	22	0,00449	26	0,36276	4	1,45103
843	IDOL_MINNIE_Su4_843.txt	22	0,00501	26	0,40724	4	1,62897
844	IDOL_MINNIE_Su4_844.txt	3	0,00647	4	0,36393	1	0,36393
845	IDOL_MINNIE_Su4_845.txt	3	0,01134	4	0,26568	1	0,26568
846	IDOL_MINNIE_Su4_846.txt	19	0,01058	4	0,18547	15	2,78211
847	IDOL_MINNIE_Su4_847.txt	19	0,00794	4	0,10067	15	1,5101
848	IDOL_MINNIE_Su4_848.txt	19	0,00494	4	0,11102	15	1,66525
849	IDOL_MINNIE_Su4_849.txt	19	0,00731	4	0,19917	15	2,98756
850	IDOL_MINNIE_Su4_850.txt	3	0,00622	4	0,29611	1	0,29611
851	IDOL_MINNIE_Su4_851.txt	18	0,00463	4	0,4106	14	5,74845
852	IDOL_MINNIE_Su4_852.txt	18	0,00289	4	0,50397	14	7,05552
853	IDOL_MINNIE_Su4_853.txt	11	0,00353	4	0,6092	7	4,26439
854	IDOL_MINNIE_Su4_854.txt	11	0,01126	4	0,71136	7	4,9795
855	IDOL_MINNIE_Su4_855.txt	11	0,00518	4	0,82006	7	5,74045
856	IDOL_MINNIE_Su4_856.txt	11	0,00814	4	0,82006	7	5,74045
857	IDOL_MINNIE_Su4_857.txt	11	0,00509	4	0,92086	7	6,446
858	IDOL_MINNIE_Su4_858.txt	11	0,00547	4	1,02555	7	7,17888
859	IDOL_MINNIE_Su4_859.txt	11	0,00217	4	1,13686	7	7,95801
860	IDOL_MINNIE_Su4_860.txt	21	0,00308	27	1,15255	6	6,91527
861	IDOL_MINNIE_Su4_861.txt	11	0,00483	27	1,05387	16	16,86199
862	IDOL_MINNIE_Su4_862.txt	11	0,00627	27	0,95347	16	15,25549
863	IDOL_MINNIE_Su4_863.txt	21	0,00646	27	0,85717	6	5,14301
864	IDOL_MINNIE_Su4_864.txt	21	0,00498	27	0,76861	6	4,61165
865	IDOL_MINNIE_Su4_865.txt	4	0,00456	27	0,70787	23	16,28109
866	IDOL_MINNIE_Su4_866.txt	27	0,00494	27	0,6339	0	0
867	IDOL_MINNIE_Su4_867.txt	11	0,00698	27	0,49368	16	7,89885
868	IDOL_MINNIE_Su4_868.txt	11	0,00695	27	0,42489	16	6,79818
869	IDOL_MINNIE_Su4_869.txt	11	0,00904	27	0,36281	16	5,805
870	IDOL_MINNIE_Su4_870.txt	11	0,01053	27	0,29443	16	4,71086
871	IDOL_MINNIE_Su4_871.txt	27	0,00371	27	0,28943	0	0
872	IDOL_MINNIE_Su4_872.txt	11	0,00492	27	0,32113	16	5,1381
873	IDOL_MINNIE_Su4_873.txt	11	0,0071	27	0,32113	16	5,1381
874	IDOL_MINNIE_Su4_874.txt	11	0,00616	27	0,38804	16	6,20868
875	IDOL_MINNIE_Su4_875.txt	11	0,0039	27	0,46656	16	7,46502
876	IDOL_MINNIE_Su4_876.txt	11	0,00468	27	0,55735	16	8,9176
877	IDOL_MINNIE_Su4_877.txt	21	0,00456	27	0,65273	6	3,91639
878	IDOL_MINNIE_Su4_878.txt	11	0,00329	27	0,76005	16	12,16079
879	IDOL_MINNIE_Su4_879.txt	4	0,00338	27	0,86199	23	19,82568
880	IDOL_MINNIE_Su4_880.txt	12	0,00536	27	0,96456	15	14,46843
881	IDOL_MINNIE_Su4_881.txt	27	0,00255	27	1,07041	0	0
882	IDOL_MINNIE_Su4_882.txt	27	0,00456	27	1,16931	0	0
883	IDOL_MINNIE_Su4_883.txt	27	0,00258	3	1,17437	24	28,18476
884	IDOL_MINNIE_Su4_884.txt	27	0,00322	3	1,06866	24	25,64775
885	IDOL_MINNIE_Su4_885.txt	27	0,00261	3	0,74181	24	17,80349
886	IDOL_MINNIE_Su4_886.txt	27	0,0037	3	0,64091	24	15,38189
887	IDOL_MINNIE_Su4_887.txt	27	0,0054	3	0,55958	24	13,42983
888	IDOL_MINNIE_Su4_888.txt	27	0,00444	3	0,49287	24	11,82897
889	IDOL_MINNIE_Su4_889.txt	27	0,00382	3	0,43936	24	10,54461
890	IDOL_MINNIE_Su4_890.txt	27	0,00441	3	0,39778	24	9,54683
