#	ImageName	Similar Node	Distance	Near Node	Distance	Transitions	Evaluation
1	IDOL_MINNIE_Su2_1.txt	27	0,00518	3	0,23523	24	5,64552
2	IDOL_MINNIE_Su2_2.txt	18	0,00564	3	0,23523	15	3,52845
3	IDOL_MINNIE_Su2_3.txt	27	0,00627	3	0,1718	24	4,12329
4	IDOL_MINNIE_Su2_4.txt	27	0,00461	3	0,14679	24	3,52296
5	IDOL_MINNIE_Su2_5.txt	4	0,00558	3	0,19983	1	0,19983
6	IDOL_MINNIE_Su2_6.txt	3	0,00726	3	0,30046	0	0
7	IDOL_MINNIE_Su2_7.txt	3	0,00878	3	0,41021	0	0
8	IDOL_MINNIE_Su2_8.txt	3	0,01395	3	0,50603	0	0
9	IDOL_MINNIE_Su2_9.txt	7	0,01235	0	0,44402	7	3,10816
10	IDOL_MINNIE_Su2_10.txt	3	0,01308	0	0,38635	3	1,15906
11	IDOL_MINNIE_Su2_11.txt	3	0,00772	0	0,31125	3	0,93376
12	IDOL_MINNIE_Su2_12.txt	25	0,0073	0	0,21848	25	5,46202
13	IDOL_MINNIE_Su2_13.txt	25	0,00338	0	0,19374	25	4,84361
14	IDOL_MINNIE_Su2_14.txt	27	0,00541	0	0,23524	27	6,35161
15	IDOL_MINNIE_Su2_15.txt	27	0,00408	0	0,3131	27	8,45366
16	IDOL_MINNIE_Su2_16.txt	27	0,00425	0	0,40639	27	10,97253
17	IDOL_MINNIE_Su2_17.txt	27	0,00384	0	0,51113	27	13,80052
18	IDOL_MINNIE_Su2_18.txt	27	0,00379	0	0,51113	27	13,80052
19	IDOL_MINNIE_Su2_19.txt	27	0,00373	0	0,61038	27	16,48017
20	IDOL_MINNIE_Su2_20.txt	27	0,00403	0	0,71152	27	19,21112
21	IDOL_MINNIE_Su2_21.txt	27	0,0046	0	0,81423	27	21,98429
22	IDOL_MINNIE_Su2_22.txt	0	0,00449	0	0,91066	0	0
23	IDOL_MINNIE_Su2_23.txt	26	0,00496	0	1,03391	26	26,8816
24	IDOL_MINNIE_Su2_24.txt	26	0,00499	0	1,13704	26	29,56301
25	IDOL_MINNIE_Su2_25.txt	3	0,00471	0	1,22991	3	3,68972
26	IDOL_MINNIE_Su2_26.txt	0	0,00446	1	1,27505	1	1,27505
27	IDOL_MINNIE_Su2_27.txt	0	0,00535	1	1,17491	1	1,17491
28	IDOL_MINNIE_Su2_28.txt	1	0,0056	1	1,04191	0	0
29	IDOL_MINNIE_Su2_29.txt	3	0,00498	1	0,9283	2	1,8566
30	IDOL_MINNIE_Su2_30.txt	3	0,00519	1	0,80477	2	1,60955
31	IDOL_MINNIE_Su2_31.txt	3	0,00576	1	0,68279	2	1,36558
32	IDOL_MINNIE_Su2_32.txt	3	0,00605	1	0,56875	2	1,13751
33	IDOL_MINNIE_Su2_33.txt	3	0,00584	1	0,45653	2	0,91306
34	IDOL_MINNIE_Su2_34.txt	3	0,0058	1	0,45653	2	0,91306
35	IDOL_MINNIE_Su2_35.txt	0	0,00538	1	0,34588	1	0,34588
36	IDOL_MINNIE_Su2_36.txt	0	0,0057	1	0,28135	1	0,28135
37	IDOL_MINNIE_Su2_37.txt	3	0,00524	1	0,08265	2	0,1653
38	IDOL_MINNIE_Su2_38.txt	3	0,00539	1	0,19995	2	0,3999
39	IDOL_MINNIE_Su2_39.txt	3	0,00596	1	0,28013	2	0,56026
40	IDOL_MINNIE_Su2_40.txt	23	0,0055	1	0,41477	22	9,12484
41	IDOL_MINNIE_Su2_41.txt	22	0,00823	1	0,47456	21	9,96583
42	IDOL_MINNIE_Su2_42.txt	9	0,00592	1	0,47456	8	3,79651
43	IDOL_MINNIE_Su2_43.txt	18	0,00249	1	0,56347	17	9,57898
44	IDOL_MINNIE_Su2_44.txt	3	0,00419	1	0,64972	2	1,29944
45	IDOL_MINNIE_Su2_45.txt	3	0,00493	1	0,78334	2	1,56668
46	IDOL_MINNIE_Su2_46.txt	3	0,00549	1	0,86599	2	1,73199
47	IDOL_MINNIE_Su2_47.txt	3	0,00604	1	0,93599	2	1,87198
48	IDOL_MINNIE_Su2_48.txt	19	0,00448	1	0,98159	18	17,66864
49	IDOL_MINNIE_Su2_49.txt	19	0,00537	1	1,03103	18	18,55849
50	IDOL_MINNIE_Su2_50.txt	2	0,00494	1	1,09502	1	1,09502
51	IDOL_MINNIE_Su2_51.txt	2	0,00518	1	1,16589	1	1,16589
52	IDOL_MINNIE_Su2_52.txt	2	0,00882	1	1,23068	1	1,23068
53	IDOL_MINNIE_Su2_53.txt	2	0,00632	1	1,27057	1	1,27057
54	IDOL_MINNIE_Su2_54.txt	22	0,00706	2	1,28969	20	25,79378
55	IDOL_MINNIE_Su2_55.txt	2	0,00648	2	1,26459	0	0
56	IDOL_MINNIE_Su2_56.txt	2	0,00707	2	1,22503	0	0
57	IDOL_MINNIE_Su2_57.txt	2	0,00851	2	1,20519	0	0
58	IDOL_MINNIE_Su2_58.txt	2	0,00636	2	1,20519	0	0
59	IDOL_MINNIE_Su2_59.txt	2	0,00605	2	1,20771	0	0
60	IDOL_MINNIE_Su2_60.txt	2	0,00329	2	1,15911	0	0
61	IDOL_MINNIE_Su2_61.txt	2	0,00751	2	1,08958	0	0
62	IDOL_MINNIE_Su2_62.txt	2	0,01065	2	0,9391	0	0
63	IDOL_MINNIE_Su2_63.txt	2	0,00527	2	0,89235	0	0
64	IDOL_MINNIE_Su2_64.txt	2	0,00772	2	0,79779	0	0
65	IDOL_MINNIE_Su2_65.txt	2	0,00624	2	0,67969	0	0
66	IDOL_MINNIE_Su2_66.txt	2	0,00446	2	0,57762	0	0
67	IDOL_MINNIE_Su2_67.txt	2	0,0028	2	0,45427	0	0
68	IDOL_MINNIE_Su2_68.txt	2	0,00469	2	0,35044	0	0
69	IDOL_MINNIE_Su2_69.txt	3	0,0115	2	0,2444	1	0,2444
70	IDOL_MINNIE_Su2_70.txt	3	0,01609	2	0,14917	1	0,14917
71	IDOL_MINNIE_Su2_71.txt	3	0,02037	2	0,09362	1	0,09362
72	IDOL_MINNIE_Su2_72.txt	3	0,01684	2	0,13159	1	0,13159
73	IDOL_MINNIE_Su2_73.txt	3	0,01454	2	0,21497	1	0,21497
74	IDOL_MINNIE_Su2_74.txt	2	0,00866	2	0,3172	0	0
75	IDOL_MINNIE_Su2_75.txt	3	0,01526	2	0,3172	1	0,3172
76	IDOL_MINNIE_Su2_76.txt	2	0,00901	2	0,42949	0	0
77	IDOL_MINNIE_Su2_77.txt	2	0,00775	2	0,51982	0	0
78	IDOL_MINNIE_Su2_78.txt	2	0,00646	2	0,58552	0	0
79	IDOL_MINNIE_Su2_79.txt	2	0,00473	2	0,68351	0	0
80	IDOL_MINNIE_Su2_80.txt	2	0,006	2	0,84574	0	0
81	IDOL_MINNIE_Su2_81.txt	2	0,00983	2	0,93858	0	0
82	IDOL_MINNIE_Su2_82.txt	2	0,00636	2	1,03943	0	0
83	IDOL_MINNIE_Su2_83.txt	22	0,00544	2	1,13217	20	22,64337
84	IDOL_MINNIE_Su2_84.txt	2	0,01247	2	1,22485	0	0
85	IDOL_MINNIE_Su2_85.txt	2	0,00715	2	1,32671	0	0
86	IDOL_MINNIE_Su2_86.txt	2	0,01115	2	1,5027	0	0
87	IDOL_MINNIE_Su2_87.txt	2	0,00407	2	1,59676	0	0
88	IDOL_MINNIE_Su2_88.txt	2	0,00866	0	1,62662	2	3,25324
89	IDOL_MINNIE_Su2_89.txt	2	0,00842	0	1,5619	2	3,1238
90	IDOL_MINNIE_Su2_90.txt	2	0,0138	0	1,50282	2	3,00565
91	IDOL_MINNIE_Su2_91.txt	2	0,00664	0	1,50282	2	3,00565
92	IDOL_MINNIE_Su2_92.txt	2	0,00725	0	1,44607	2	2,89213
93	IDOL_MINNIE_Su2_93.txt	2	0,00705	0	1,38603	2	2,77205
94	IDOL_MINNIE_Su2_94.txt	2	0,00574	0	1,30172	2	2,60344
95	IDOL_MINNIE_Su2_95.txt	3	0,00522	0	1,23858	3	3,71574
96	IDOL_MINNIE_Su2_96.txt	3	0,00685	0	1,19086	3	3,57257
97	IDOL_MINNIE_Su2_97.txt	3	0,00893	0	1,11655	3	3,34966
98	IDOL_MINNIE_Su2_98.txt	3	0,01221	0	1,03834	3	3,11501
99	IDOL_MINNIE_Su2_99.txt	3	0,01651	0	0,95812	3	2,87436
100	IDOL_MINNIE_Su2_100.txt	3	0,01553	0	0,88169	3	2,64506
101	IDOL_MINNIE_Su2_101.txt	3	0,01084	0	0,76082	3	2,28246
102	IDOL_MINNIE_Su2_102.txt	3	0,00873	0	0,71174	3	2,13522
103	IDOL_MINNIE_Su2_103.txt	3	0,00847	0	0,68592	3	2,05776
104	IDOL_MINNIE_Su2_104.txt	7	0,00909	0	0,69539	7	4,86776
105	IDOL_MINNIE_Su2_105.txt	7	0,008	3	0,65087	4	2,6035
106	IDOL_MINNIE_Su2_106.txt	3	0,01385	3	0,57196	0	0
107	IDOL_MINNIE_Su2_107.txt	3	0,01255	3	0,57196	0	0
108	IDOL_MINNIE_Su2_108.txt	3	0,01119	3	0,46215	0	0
109	IDOL_MINNIE_Su2_109.txt	3	0,01002	3	0,41394	0	0
110	IDOL_MINNIE_Su2_110.txt	0	0,00655	3	0,37527	3	1,12582
111	IDOL_MINNIE_Su2_111.txt	25	0,00316	3	0,36052	22	7,93148
112	IDOL_MINNIE_Su2_112.txt	26	0,00475	3	0,37735	23	8,67908
113	IDOL_MINNIE_Su2_113.txt	18	0,00454	3	0,45273	15	6,79092
114	IDOL_MINNIE_Su2_114.txt	20	0,00262	3	0,52294	17	8,89
115	IDOL_MINNIE_Su2_115.txt	20	0,00438	3	0,60172	17	10,22921
116	IDOL_MINNIE_Su2_116.txt	4	0,00467	3	0,62003	1	0,62003
117	IDOL_MINNIE_Su2_117.txt	20	0,00449	3	0,6997	17	11,89493
118	IDOL_MINNIE_Su2_118.txt	4	0,00453	3	0,74501	1	0,74501
119	IDOL_MINNIE_Su2_119.txt	4	0,00578	3	0,83212	1	0,83212
120	IDOL_MINNIE_Su2_120.txt	20	0,00554	3	0,91001	17	15,47018
121	IDOL_MINNIE_Su2_121.txt	12	0,00345	3	1,07545	9	9,67905
122	IDOL_MINNIE_Su2_122.txt	12	0,00423	3	1,17357	9	10,5621
123	IDOL_MINNIE_Su2_123.txt	12	0,00272	27	1,06802	15	16,02027
124	IDOL_MINNIE_Su2_124.txt	4	0,00393	27	0,8771	23	20,17333
125	IDOL_MINNIE_Su2_125.txt	12	0,00321	27	0,73215	15	10,98223
126	IDOL_MINNIE_Su2_126.txt	4	0,00268	27	0,73215	23	16,83942
127	IDOL_MINNIE_Su2_127.txt	12	0,00375	27	0,63816	15	9,57233
128	IDOL_MINNIE_Su2_128.txt	10	0,00169	27	0,54604	17	9,28261
129	IDOL_MINNIE_Su2_129.txt	12	0,00238	27	0,41623	15	6,24347
130	IDOL_MINNIE_Su2_130.txt	10	0,00063	27	0,34122	17	5,80075
131	IDOL_MINNIE_Su2_131.txt	10	0,00176	27	0,28091	17	4,77544
132	IDOL_MINNIE_Su2_132.txt	10	0,00125	27	0,24103	17	4,0975
133	IDOL_MINNIE_Su2_133.txt	10	0,00151	27	0,23909	17	4,06449
134	IDOL_MINNIE_Su2_134.txt	12	0,00184	27	0,27438	15	4,1157
135	IDOL_MINNIE_Su2_135.txt	12	0,00178	27	0,33531	15	5,02959
136	IDOL_MINNIE_Su2_136.txt	12	0,0034	27	0,40801	15	6,12015
137	IDOL_MINNIE_Su2_137.txt	12	0,00264	27	0,51629	15	7,74439
138	IDOL_MINNIE_Su2_138.txt	4	0,00207	27	0,62221	23	14,31093
139	IDOL_MINNIE_Su2_139.txt	4	0,00452	27	0,71502	23	16,44549
140	IDOL_MINNIE_Su2_140.txt	21	0,00403	27	0,81447	6	4,88685
141	IDOL_MINNIE_Su2_141.txt	21	0,00443	27	0,92856	6	5,57137
142	IDOL_MINNIE_Su2_142.txt	4	0,0031	27	0,92856	23	21,35691
143	IDOL_MINNIE_Su2_143.txt	21	0,00366	27	1,01838	6	6,11029
144	IDOL_MINNIE_Su2_144.txt	21	0,00373	27	1,11097	6	6,6658
145	IDOL_MINNIE_Su2_145.txt	4	0,00287	4	1,17774	0	0
146	IDOL_MINNIE_Su2_146.txt	20	0,00341	4	1,04685	16	16,74956
147	IDOL_MINNIE_Su2_147.txt	20	0,0048	4	0,94981	16	15,19699
148	IDOL_MINNIE_Su2_148.txt	4	0,00428	4	0,85565	0	0
149	IDOL_MINNIE_Su2_149.txt	12	0,0023	4	0,74499	8	5,95989
150	IDOL_MINNIE_Su2_150.txt	10	0,00203	4	0,62541	6	3,75249
151	IDOL_MINNIE_Su2_151.txt	12	0,00482	4	0,40155	8	3,21238
152	IDOL_MINNIE_Su2_152.txt	10	0,00252	4	0,28069	6	1,68414
153	IDOL_MINNIE_Su2_153.txt	12	0,00347	4	0,17101	8	1,36807
154	IDOL_MINNIE_Su2_154.txt	12	0,00303	4	0,06335	8	0,50682
155	IDOL_MINNIE_Su2_155.txt	12	0,00237	4	0,04554	8	0,36433
156	IDOL_MINNIE_Su2_156.txt	12	0,00373	4	0,16274	8	1,30191
157	IDOL_MINNIE_Su2_157.txt	4	0,00374	4	0,25638	0	0
158	IDOL_MINNIE_Su2_158.txt	4	0,00225	4	0,25638	0	0
159	IDOL_MINNIE_Su2_159.txt	4	0,00245	4	0,35151	0	0
160	IDOL_MINNIE_Su2_160.txt	4	0,00286	4	0,43444	0	0
161	IDOL_MINNIE_Su2_161.txt	21	0,00512	4	0,53444	17	9,08546
162	IDOL_MINNIE_Su2_162.txt	11	0,00544	4	0,63634	7	4,45438
163	IDOL_MINNIE_Su2_163.txt	4	0,00264	4	0,72614	0	0
164	IDOL_MINNIE_Su2_164.txt	21	0,00525	4	0,8264	17	14,04882
165	IDOL_MINNIE_Su2_165.txt	11	0,0053	4	0,91854	7	6,42981
166	IDOL_MINNIE_Su2_166.txt	11	0,00902	4	1,01376	7	7,09634
167	IDOL_MINNIE_Su2_167.txt	11	0,00576	4	1,10929	7	7,76505
168	IDOL_MINNIE_Su2_168.txt	11	0,00705	4	1,24475	7	8,71327
169	IDOL_MINNIE_Su2_169.txt	21	0,00668	4	1,3398	17	22,77657
170	IDOL_MINNIE_Su2_170.txt	11	0,00501	4	1,38644	7	9,70505
171	IDOL_MINNIE_Su2_171.txt	11	0,00882	4	1,50192	7	10,51344
172	IDOL_MINNIE_Su2_172.txt	4	0,00499	9	1,69723	5	8,48615
173	IDOL_MINNIE_Su2_173.txt	20	0,00354	9	1,55858	11	17,14439
174	IDOL_MINNIE_Su2_174.txt	4	0,00527	9	1,55858	5	7,79291
175	IDOL_MINNIE_Su2_175.txt	21	0,00551	9	1,48238	12	17,78859
176	IDOL_MINNIE_Su2_176.txt	4	0,00282	9	1,40484	5	7,02419
177	IDOL_MINNIE_Su2_177.txt	12	0,00171	9	1,27673	3	3,8302
178	IDOL_MINNIE_Su2_178.txt	4	0,00564	9	1,1954	5	5,97702
179	IDOL_MINNIE_Su2_179.txt	12	0,00337	9	1,11323	3	3,33969
180	IDOL_MINNIE_Su2_180.txt	12	0,00248	9	1,03631	3	3,10893
181	IDOL_MINNIE_Su2_181.txt	12	0,00211	9	0,94676	3	2,84029
182	IDOL_MINNIE_Su2_182.txt	4	0,00602	9	0,86427	5	4,32134
183	IDOL_MINNIE_Su2_183.txt	4	0,00341	9	0,76826	5	3,84128
184	IDOL_MINNIE_Su2_184.txt	9	0,00357	9	0,68898	0	0
185	IDOL_MINNIE_Su2_185.txt	3	0,00454	9	0,61997	6	3,71983
186	IDOL_MINNIE_Su2_186.txt	9	0,00653	9	0,52826	0	0
187	IDOL_MINNIE_Su2_187.txt	9	0,00662	9	0,44776	0	0
188	IDOL_MINNIE_Su2_188.txt	19	0,00518	9	0,31223	10	3,12231
189	IDOL_MINNIE_Su2_189.txt	9	0,00513	9	0,31223	0	0
190	IDOL_MINNIE_Su2_190.txt	22	0,00425	9	0,22601	13	2,93816
191	IDOL_MINNIE_Su2_191.txt	14	0,00442	9	0,17699	5	0,88494
192	IDOL_MINNIE_Su2_192.txt	8	0,00605	9	0,12609	1	0,12609
193	IDOL_MINNIE_Su2_193.txt	5	0,00677	9	0,13215	4	0,52862
194	IDOL_MINNIE_Su2_194.txt	5	0,0039	9	0,19826	4	0,79304
195	IDOL_MINNIE_Su2_195.txt	5	0,00512	9	0,29056	4	1,16226
196	IDOL_MINNIE_Su2_196.txt	14	0,00581	9	0,3837	5	1,91848
197	IDOL_MINNIE_Su2_197.txt	5	0,00419	9	0,4975	4	1,99001
198	IDOL_MINNIE_Su2_198.txt	6	0,0116	5	0,42915	1	0,42915
199	IDOL_MINNIE_Su2_199.txt	5	0,00325	5	0,32572	0	0
200	IDOL_MINNIE_Su2_200.txt	14	0,00437	5	0,20193	9	1,81735
201	IDOL_MINNIE_Su2_201.txt	5	0,00513	5	0,10454	0	0
202	IDOL_MINNIE_Su2_202.txt	5	0,00643	5	0,07462	0	0
203	IDOL_MINNIE_Su2_203.txt	5	0,00493	5	0,1615	0	0
204	IDOL_MINNIE_Su2_204.txt	5	0,00252	5	0,24408	0	0
205	IDOL_MINNIE_Su2_205.txt	5	0,00313	5	0,37174	0	0
206	IDOL_MINNIE_Su2_206.txt	5	0,00294	5	0,37174	0	0
207	IDOL_MINNIE_Su2_207.txt	5	0,00661	5	0,47952	0	0
208	IDOL_MINNIE_Su2_208.txt	5	0,00866	5	0,59234	0	0
209	IDOL_MINNIE_Su2_209.txt	5	0,00769	5	0,70044	0	0
210	IDOL_MINNIE_Su2_210.txt	14	0,00388	5	0,81142	9	7,3028
211	IDOL_MINNIE_Su2_211.txt	23	0,01072	5	0,91864	18	16,53559
212	IDOL_MINNIE_Su2_212.txt	23	0,01102	5	1,01081	18	18,19459
213	IDOL_MINNIE_Su2_213.txt	13	0,00778	6	1,06269	7	7,43883
214	IDOL_MINNIE_Su2_214.txt	5	0,0037	6	0,97867	1	0,97867
215	IDOL_MINNIE_Su2_215.txt	5	0,00359	6	0,84776	1	0,84776
216	IDOL_MINNIE_Su2_216.txt	5	0,00647	6	0,77345	1	0,77345
217	IDOL_MINNIE_Su2_217.txt	5	0,00677	6	0,64026	1	0,64026
218	IDOL_MINNIE_Su2_218.txt	14	0,00954	6	0,56139	8	4,4911
219	IDOL_MINNIE_Su2_219.txt	6	0,00804	6	0,46622	0	0
220	IDOL_MINNIE_Su2_220.txt	14	0,00809	6	0,35423	8	2,8338
221	IDOL_MINNIE_Su2_221.txt	6	0,00537	6	0,26843	0	0
222	IDOL_MINNIE_Su2_222.txt	6	0,0033	6	0,15031	0	0
223	IDOL_MINNIE_Su2_223.txt	6	0,00342	6	0,09563	0	0
224	IDOL_MINNIE_Su2_224.txt	23	0,00436	6	0,09563	17	1,62566
225	IDOL_MINNIE_Su2_225.txt	23	0,00452	6	0,05029	17	0,8549
226	IDOL_MINNIE_Su2_226.txt	23	0,00375	6	0,17114	17	2,9093
227	IDOL_MINNIE_Su2_227.txt	6	0,00715	6	0,27464	0	0
228	IDOL_MINNIE_Su2_228.txt	6	0,00421	6	0,38137	0	0
229	IDOL_MINNIE_Su2_229.txt	6	0,00506	8	0,48805	2	0,97609
230	IDOL_MINNIE_Su2_230.txt	7	0,00342	8	0,38062	1	0,38062
231	IDOL_MINNIE_Su2_231.txt	7	0,0036	8	0,2756	1	0,2756
232	IDOL_MINNIE_Su2_232.txt	7	0,00253	8	0,16582	1	0,16582
233	IDOL_MINNIE_Su2_233.txt	7	0,00408	8	0,06004	1	0,06004
234	IDOL_MINNIE_Su2_234.txt	7	0,00718	8	0,11494	1	0,11494
235	IDOL_MINNIE_Su2_235.txt	7	0,00694	8	0,17793	1	0,17793
236	IDOL_MINNIE_Su2_236.txt	7	0,00653	8	0,27537	1	0,27537
237	IDOL_MINNIE_Su2_237.txt	7	0,005	8	0,39243	1	0,39243
238	IDOL_MINNIE_Su2_238.txt	7	0,00688	7	0,41597	0	0
239	IDOL_MINNIE_Su2_239.txt	7	0,00642	7	0,30563	0	0
240	IDOL_MINNIE_Su2_240.txt	7	0,00259	7	0,30563	0	0
241	IDOL_MINNIE_Su2_241.txt	7	0,00441	7	0,22546	0	0
242	IDOL_MINNIE_Su2_242.txt	22	0,00395	7	0,16757	15	2,51349
243	IDOL_MINNIE_Su2_243.txt	8	0,00465	7	0,15189	1	0,15189
244	IDOL_MINNIE_Su2_244.txt	23	0,00357	7	0,16355	16	2,61675
245	IDOL_MINNIE_Su2_245.txt	22	0,00463	7	0,18862	15	2,82936
246	IDOL_MINNIE_Su2_246.txt	6	0,0055	7	0,2004	1	0,2004
247	IDOL_MINNIE_Su2_247.txt	8	0,00534	7	0,22654	1	0,22654
248	IDOL_MINNIE_Su2_248.txt	8	0,0055	7	0,24251	1	0,24251
249	IDOL_MINNIE_Su2_249.txt	8	0,00625	7	0,25096	1	0,25096
250	IDOL_MINNIE_Su2_250.txt	8	0,00787	7	0,26017	1	0,26017
251	IDOL_MINNIE_Su2_251.txt	8	0,00728	7	0,26411	1	0,26411
252	IDOL_MINNIE_Su2_252.txt	8	0,00473	7	0,27176	1	0,27176
253	IDOL_MINNIE_Su2_253.txt	6	0,00467	7	0,2661	1	0,2661
254	IDOL_MINNIE_Su2_254.txt	6	0,00749	7	0,27272	1	0,27272
255	IDOL_MINNIE_Su2_255.txt	6	0,01046	7	0,28253	1	0,28253
256	IDOL_MINNIE_Su2_256.txt	14	0,00788	7	0,28958	7	2,02708
257	IDOL_MINNIE_Su2_257.txt	6	0,00622	7	0,28958	1	0,28958
258	IDOL_MINNIE_Su2_258.txt	6	0,00472	7	0,3004	1	0,3004
259	IDOL_MINNIE_Su2_259.txt	8	0,00427	7	0,30837	1	0,30837
260	IDOL_MINNIE_Su2_260.txt	14	0,00401	7	0,31561	7	2,20929
261	IDOL_MINNIE_Su2_261.txt	8	0,00383	7	0,32424	1	0,32424
262	IDOL_MINNIE_Su2_262.txt	23	0,00515	7	0,3258	16	5,21278
263	IDOL_MINNIE_Su2_263.txt	8	0,00532	7	0,33271	1	0,33271
264	IDOL_MINNIE_Su2_264.txt	7	0,00728	7	0,34337	0	0
265	IDOL_MINNIE_Su2_265.txt	8	0,0079	7	0,34918	1	0,34918
266	IDOL_MINNIE_Su2_266.txt	8	0,00486	7	0,35117	1	0,35117
267	IDOL_MINNIE_Su2_267.txt	23	0,00513	7	0,34518	16	5,52291
268	IDOL_MINNIE_Su2_268.txt	26	0,00643	7	0,36847	19	7,00086
269	IDOL_MINNIE_Su2_269.txt	2	0,00455	7	0,37817	5	1,89087
270	IDOL_MINNIE_Su2_270.txt	2	0,00476	7	0,38689	5	1,93443
271	IDOL_MINNIE_Su2_271.txt	13	0,00626	7	0,41323	6	2,47939
272	IDOL_MINNIE_Su2_272.txt	13	0,00433	7	0,45825	6	2,74949
273	IDOL_MINNIE_Su2_273.txt	2	0,00525	8	0,40344	6	2,42062
274	IDOL_MINNIE_Su2_274.txt	2	0,00443	8	0,40344	6	2,42062
275	IDOL_MINNIE_Su2_275.txt	2	0,00424	8	0,32653	6	1,95916
276	IDOL_MINNIE_Su2_276.txt	2	0,00492	8	0,24956	6	1,49733
277	IDOL_MINNIE_Su2_277.txt	2	0,00596	8	0,15554	6	0,93325
278	IDOL_MINNIE_Su2_278.txt	2	0,00546	8	0,09469	6	0,56812
279	IDOL_MINNIE_Su2_279.txt	2	0,00615	8	0,13317	6	0,79903
280	IDOL_MINNIE_Su2_280.txt	2	0,00442	8	0,22947	6	1,37683
281	IDOL_MINNIE_Su2_281.txt	2	0,00395	8	0,33817	6	2,029
282	IDOL_MINNIE_Su2_282.txt	26	0,00651	8	0,45269	18	8,1485
283	IDOL_MINNIE_Su2_283.txt	3	0,00957	6	0,43554	3	1,30663
284	IDOL_MINNIE_Su2_284.txt	26	0,00842	6	0,32575	20	6,51503
285	IDOL_MINNIE_Su2_285.txt	19	0,00806	6	0,22679	13	2,9483
286	IDOL_MINNIE_Su2_286.txt	19	0,00686	6	0,14424	13	1,87509
287	IDOL_MINNIE_Su2_287.txt	19	0,00581	6	0,11768	13	1,52985
288	IDOL_MINNIE_Su2_288.txt	3	0,00676	6	0,18375	3	0,55125
289	IDOL_MINNIE_Su2_289.txt	3	0,0075	6	0,27725	3	0,83175
290	IDOL_MINNIE_Su2_290.txt	3	0,00766	6	0,38711	3	1,16132
291	IDOL_MINNIE_Su2_291.txt	9	0,00433	6	0,50308	3	1,50924
292	IDOL_MINNIE_Su2_292.txt	9	0,00427	6	0,61481	3	1,84442
293	IDOL_MINNIE_Su2_293.txt	3	0,01043	6	0,61481	3	1,84442
294	IDOL_MINNIE_Su2_294.txt	9	0,00919	6	0,73045	3	2,19136
295	IDOL_MINNIE_Su2_295.txt	9	0,00564	6	0,83668	3	2,51004
296	IDOL_MINNIE_Su2_296.txt	9	0,00888	6	0,93284	3	2,79853
297	IDOL_MINNIE_Su2_297.txt	9	0,00884	6	1,04573	3	3,13719
298	IDOL_MINNIE_Su2_298.txt	9	0,00878	5	0,95827	4	3,8331
299	IDOL_MINNIE_Su2_299.txt	9	0,00562	5	0,85408	4	3,41631
300	IDOL_MINNIE_Su2_300.txt	9	0,00685	5	0,76911	4	3,07644
301	IDOL_MINNIE_Su2_301.txt	9	0,00627	5	0,6401	4	2,56042
302	IDOL_MINNIE_Su2_302.txt	9	0,00365	5	0,53944	4	2,15775
303	IDOL_MINNIE_Su2_303.txt	9	0,00355	5	0,45298	4	1,81192
304	IDOL_MINNIE_Su2_304.txt	3	0,00948	5	0,35753	2	0,71506
305	IDOL_MINNIE_Su2_305.txt	3	0,00985	5	0,27304	2	0,54607
306	IDOL_MINNIE_Su2_306.txt	3	0,01291	5	0,21566	2	0,43132
307	IDOL_MINNIE_Su2_307.txt	3	0,01209	5	0,17474	2	0,34949
308	IDOL_MINNIE_Su2_308.txt	9	0,0079	5	0,18237	4	0,72947
309	IDOL_MINNIE_Su2_309.txt	9	0,00348	5	0,24586	4	0,98344
310	IDOL_MINNIE_Su2_310.txt	9	0,00559	5	0,32064	4	1,28257
311	IDOL_MINNIE_Su2_311.txt	9	0,00534	5	0,42369	4	1,69475
312	IDOL_MINNIE_Su2_312.txt	9	0,00609	9	0,50741	0	0
313	IDOL_MINNIE_Su2_313.txt	9	0,00758	9	0,39233	0	0
314	IDOL_MINNIE_Su2_314.txt	9	0,00534	9	0,29626	0	0
315	IDOL_MINNIE_Su2_315.txt	9	0,00525	9	0,17764	0	0
316	IDOL_MINNIE_Su2_316.txt	9	0,00915	9	0,09398	0	0
317	IDOL_MINNIE_Su2_317.txt	9	0,00442	9	0,10222	0	0
318	IDOL_MINNIE_Su2_318.txt	9	0,00494	9	0,20017	0	0
319	IDOL_MINNIE_Su2_319.txt	9	0,00384	9	0,30431	0	0
320	IDOL_MINNIE_Su2_320.txt	9	0,00382	9	0,30431	0	0
321	IDOL_MINNIE_Su2_321.txt	9	0,0072	9	0,42935	0	0
322	IDOL_MINNIE_Su2_322.txt	9	0,0059	9	0,52493	0	0
323	IDOL_MINNIE_Su2_323.txt	9	0,00519	21	0,53126	12	6,37513
324	IDOL_MINNIE_Su2_324.txt	9	0,00443	21	0,43403	12	5,20835
325	IDOL_MINNIE_Su2_325.txt	22	0,0042	21	0,33586	1	0,33586
326	IDOL_MINNIE_Su2_326.txt	22	0,0049	21	0,24148	1	0,24148
327	IDOL_MINNIE_Su2_327.txt	13	0,00712	21	0,14387	8	1,15096
328	IDOL_MINNIE_Su2_328.txt	13	0,00753	21	0,08263	8	0,66105
329	IDOL_MINNIE_Su2_329.txt	26	0,0085	21	0,11417	5	0,57083
330	IDOL_MINNIE_Su2_330.txt	20	0,00489	10	0,18265	10	1,82653
331	IDOL_MINNIE_Su2_331.txt	20	0,00403	10	0,22623	10	2,26226
332	IDOL_MINNIE_Su2_332.txt	4	0,00427	11	0,18298	7	1,28089
333	IDOL_MINNIE_Su2_333.txt	4	0,00459	11	0,05774	7	0,4042
334	IDOL_MINNIE_Su2_334.txt	12	0,0036	11	0,13437	1	0,13437
335	IDOL_MINNIE_Su2_335.txt	4	0,00288	11	0,22998	7	1,60985
336	IDOL_MINNIE_Su2_336.txt	21	0,00378	11	0,22998	10	2,29979
337	IDOL_MINNIE_Su2_337.txt	21	0,00234	11	0,32714	10	3,27139
338	IDOL_MINNIE_Su2_338.txt	11	0,00727	11	0,47575	0	0
339	IDOL_MINNIE_Su2_339.txt	12	0,00211	11	0,56616	1	0,56616
340	IDOL_MINNIE_Su2_340.txt	10	0,00179	11	0,68865	1	0,68865
341	IDOL_MINNIE_Su2_341.txt	10	0,00345	11	0,80233	1	0,80233
342	IDOL_MINNIE_Su2_342.txt	10	0,0037	11	0,82557	1	0,82557
343	IDOL_MINNIE_Su2_343.txt	10	0,00287	11	0,93658	1	0,93658
344	IDOL_MINNIE_Su2_344.txt	10	0,00177	11	1,04636	1	1,04636
345	IDOL_MINNIE_Su2_345.txt	10	0,0024	11	1,1114	1	1,1114
346	IDOL_MINNIE_Su2_346.txt	10	0,00414	11	1,22558	1	1,22558
347	IDOL_MINNIE_Su2_347.txt	10	0,00324	12	1,2245	2	2,44901
348	IDOL_MINNIE_Su2_348.txt	10	0,00316	12	1,09716	2	2,19433
349	IDOL_MINNIE_Su2_349.txt	10	0,00256	12	1,00729	2	2,01457
350	IDOL_MINNIE_Su2_350.txt	10	0,00344	12	0,84596	2	1,69192
351	IDOL_MINNIE_Su2_351.txt	10	0,00189	12	0,71594	2	1,43188
352	IDOL_MINNIE_Su2_352.txt	10	0,00116	12	0,62205	2	1,2441
353	IDOL_MINNIE_Su2_353.txt	10	0,00204	12	0,62205	2	1,2441
354	IDOL_MINNIE_Su2_354.txt	10	0,0017	12	0,53061	2	1,06122
355	IDOL_MINNIE_Su2_355.txt	10	0,00155	12	0,43444	2	0,86887
356	IDOL_MINNIE_Su2_356.txt	12	0,00412	12	0,33983	0	0
357	IDOL_MINNIE_Su2_357.txt	10	0,00116	12	0,24723	2	0,49446
358	IDOL_MINNIE_Su2_358.txt	10	0,00041	12	0,16309	2	0,32619
359	IDOL_MINNIE_Su2_359.txt	10	0,00118	12	0,10224	2	0,20448
360	IDOL_MINNIE_Su2_360.txt	10	0,00205	12	0,09116	2	0,18231
361	IDOL_MINNIE_Su2_361.txt	10	0,0016	12	0,17609	2	0,35218
362	IDOL_MINNIE_Su2_362.txt	10	0,00055	12	0,27718	2	0,55435
363	IDOL_MINNIE_Su2_363.txt	10	0,00084	12	0,38527	2	0,77053
364	IDOL_MINNIE_Su2_364.txt	12	0,00178	12	0,5003	0	0
365	IDOL_MINNIE_Su2_365.txt	10	0,00153	12	0,61929	2	1,23859
366	IDOL_MINNIE_Su2_366.txt	10	0,00168	12	0,70898	2	1,41796
367	IDOL_MINNIE_Su2_367.txt	12	0,00225	12	0,80099	0	0
368	IDOL_MINNIE_Su2_368.txt	10	0,00162	12	0,92849	2	1,85698
369	IDOL_MINNIE_Su2_369.txt	12	0,00242	12	1,02637	0	0
370	IDOL_MINNIE_Su2_370.txt	12	0,0019	12	1,02637	0	0
371	IDOL_MINNIE_Su2_371.txt	12	0,00254	12	1,15555	0	0
372	IDOL_MINNIE_Su2_372.txt	12	0,00163	12	1,27886	0	0
373	IDOL_MINNIE_Su2_373.txt	10	0,00145	13	1,33115	3	3,99346
374	IDOL_MINNIE_Su2_374.txt	10	0,00148	13	1,25901	3	3,77703
375	IDOL_MINNIE_Su2_375.txt	12	0,00275	13	1,20981	1	1,20981
376	IDOL_MINNIE_Su2_376.txt	4	0,00445	19	1,11354	15	16,70316
377	IDOL_MINNIE_Su2_377.txt	20	0,00514	19	1,02493	1	1,02493
378	IDOL_MINNIE_Su2_378.txt	11	0,00339	19	0,94453	8	7,55627
379	IDOL_MINNIE_Su2_379.txt	26	0,00597	13	0,87578	13	11,38508
380	IDOL_MINNIE_Su2_380.txt	3	0,0042	13	0,79626	10	7,96261
381	IDOL_MINNIE_Su2_381.txt	3	0,0065	13	0,66842	10	6,68419
382	IDOL_MINNIE_Su2_382.txt	3	0,00516	13	0,57488	10	5,7488
383	IDOL_MINNIE_Su2_383.txt	3	0,00347	13	0,49264	10	4,92643
384	IDOL_MINNIE_Su2_384.txt	3	0,00473	13	0,45216	10	4,52161
385	IDOL_MINNIE_Su2_385.txt	3	0,00513	13	0,42719	10	4,27186
386	IDOL_MINNIE_Su2_386.txt	23	0,00486	13	0,3966	10	3,966
387	IDOL_MINNIE_Su2_387.txt	23	0,00521	13	0,34002	10	3,40022
388	IDOL_MINNIE_Su2_388.txt	26	0,00526	13	0,34002	13	4,42028
389	IDOL_MINNIE_Su2_389.txt	22	0,00571	13	0,30207	9	2,71866
390	IDOL_MINNIE_Su2_390.txt	13	0,00467	13	0,25382	0	0
391	IDOL_MINNIE_Su2_391.txt	20	0,00732	13	0,21449	7	1,50146
392	IDOL_MINNIE_Su2_392.txt	20	0,00582	13	0,16807	7	1,1765
393	IDOL_MINNIE_Su2_393.txt	20	0,0119	13	0,13894	7	0,97256
394	IDOL_MINNIE_Su2_394.txt	20	0,01163	13	0,15568	7	1,08977
395	IDOL_MINNIE_Su2_395.txt	13	0,00647	13	0,14142	0	0
396	IDOL_MINNIE_Su2_396.txt	13	0,00646	13	0,14717	0	0
397	IDOL_MINNIE_Su2_397.txt	13	0,00648	13	0,2095	0	0
398	IDOL_MINNIE_Su2_398.txt	15	0,00744	13	0,26346	2	0,52692
399	IDOL_MINNIE_Su2_399.txt	15	0,00821	13	0,40483	2	0,80966
400	IDOL_MINNIE_Su2_400.txt	13	0,00728	13	0,50435	0	0
401	IDOL_MINNIE_Su2_401.txt	13	0,00635	18	0,40563	5	2,02816
402	IDOL_MINNIE_Su2_402.txt	13	0,00339	18	0,36183	5	1,80916
403	IDOL_MINNIE_Su2_403.txt	14	0,00403	18	0,26851	4	1,07405
404	IDOL_MINNIE_Su2_404.txt	8	0,0045	18	0,21481	10	2,14807
405	IDOL_MINNIE_Su2_405.txt	23	0,00414	18	0,21056	5	1,05279
406	IDOL_MINNIE_Su2_406.txt	14	0,00539	18	0,21056	4	0,84223
407	IDOL_MINNIE_Su2_407.txt	14	0,00545	18	0,28922	4	1,15687
408	IDOL_MINNIE_Su2_408.txt	8	0,00555	14	0,17056	6	1,02337
409	IDOL_MINNIE_Su2_409.txt	16	0,008	14	0,11619	2	0,23237
410	IDOL_MINNIE_Su2_410.txt	14	0,00419	14	0,02873	0	0
411	IDOL_MINNIE_Su2_411.txt	8	0,00611	14	0,0706	6	0,42358
412	IDOL_MINNIE_Su2_412.txt	8	0,00385	14	0,12222	6	0,73332
413	IDOL_MINNIE_Su2_413.txt	22	0,00421	14	0,2136	8	1,7088
414	IDOL_MINNIE_Su2_414.txt	13	0,00659	14	0,31071	1	0,31071
415	IDOL_MINNIE_Su2_415.txt	15	0,00537	14	0,4694	1	0,4694
416	IDOL_MINNIE_Su2_416.txt	15	0,00363	15	0,52214	0	0
417	IDOL_MINNIE_Su2_417.txt	15	0,00439	15	0,42569	0	0
418	IDOL_MINNIE_Su2_418.txt	15	0,00312	15	0,31842	0	0
419	IDOL_MINNIE_Su2_419.txt	15	0,00229	15	0,21644	0	0
420	IDOL_MINNIE_Su2_420.txt	15	0,00289	15	0,10196	0	0
421	IDOL_MINNIE_Su2_421.txt	15	0,00274	15	0,01836	0	0
422	IDOL_MINNIE_Su2_422.txt	15	0,00212	15	0,09468	0	0
423	IDOL_MINNIE_Su2_423.txt	15	0,0046	15	0,25485	0	0
424	IDOL_MINNIE_Su2_424.txt	15	0,00463	15	0,35457	0	0
425	IDOL_MINNIE_Su2_425.txt	15	0,00639	17	0,30526	2	0,61052
426	IDOL_MINNIE_Su2_426.txt	9	0,00499	17	0,30526	8	2,44206
427	IDOL_MINNIE_Su2_427.txt	23	0,00438	17	0,21662	6	1,2997
428	IDOL_MINNIE_Su2_428.txt	6	0,00387	17	0,09447	11	1,03914
429	IDOL_MINNIE_Su2_429.txt	6	0,00399	17	0,20671	11	2,27376
430	IDOL_MINNIE_Su2_430.txt	23	0,00395	17	0,29683	6	1,78099
431	IDOL_MINNIE_Su2_431.txt	23	0,00461	16	0,22634	7	1,58438
432	IDOL_MINNIE_Su2_432.txt	23	0,00476	16	0,12733	7	0,8913
433	IDOL_MINNIE_Su2_433.txt	23	0,00659	16	0,09699	7	0,6789
434	IDOL_MINNIE_Su2_434.txt	23	0,00446	16	0,22751	7	1,59256
435	IDOL_MINNIE_Su2_435.txt	23	0,005	16	0,33356	7	2,33495
436	IDOL_MINNIE_Su2_436.txt	23	0,0051	16	0,41377	7	2,89642
437	IDOL_MINNIE_Su2_437.txt	23	0,00457	16	0,4916	7	3,44119
438	IDOL_MINNIE_Su2_438.txt	23	0,004	16	0,54395	7	3,80762
439	IDOL_MINNIE_Su2_439.txt	6	0,00558	16	0,57717	10	5,7717
440	IDOL_MINNIE_Su2_440.txt	6	0,00523	16	0,58548	10	5,85481
441	IDOL_MINNIE_Su2_441.txt	14	0,0055	16	0,45258	2	0,90516
442	IDOL_MINNIE_Su2_442.txt	8	0,00486	16	0,43038	8	3,44303
443	IDOL_MINNIE_Su2_443.txt	6	0,00502	16	0,42773	10	4,27727
444	IDOL_MINNIE_Su2_444.txt	16	0,00622	16	0,42293	0	0
445	IDOL_MINNIE_Su2_445.txt	6	0,00676	16	0,41104	10	4,11039
446	IDOL_MINNIE_Su2_446.txt	6	0,01057	16	0,39751	10	3,97508
447	IDOL_MINNIE_Su2_447.txt	6	0,01613	16	0,4333	10	4,33301
448	IDOL_MINNIE_Su2_448.txt	6	0,01515	16	0,41918	10	4,19184
449	IDOL_MINNIE_Su2_449.txt	6	0,01778	16	0,40663	10	4,06632
450	IDOL_MINNIE_Su2_450.txt	6	0,00833	16	0,39777	10	3,97773
451	IDOL_MINNIE_Su2_451.txt	16	0,00845	16	0,37945	0	0
452	IDOL_MINNIE_Su2_452.txt	16	0,01543	16	0,36227	0	0
453	IDOL_MINNIE_Su2_453.txt	23	0,00957	16	0,3332	7	2,3324
454	IDOL_MINNIE_Su2_454.txt	8	0,00745	16	0,31112	8	2,48896
455	IDOL_MINNIE_Su2_455.txt	8	0,00689	16	0,29263	8	2,34103
456	IDOL_MINNIE_Su2_456.txt	14	0,00685	16	0,26838	2	0,53675
457	IDOL_MINNIE_Su2_457.txt	14	0,00483	16	0,2486	2	0,49721
458	IDOL_MINNIE_Su2_458.txt	14	0,00485	16	0,22817	2	0,45635
459	IDOL_MINNIE_Su2_459.txt	13	0,00588	16	0,20926	3	0,62778
460	IDOL_MINNIE_Su2_460.txt	13	0,00592	16	0,18945	3	0,56835
461	IDOL_MINNIE_Su2_461.txt	23	0,00646	16	0,18945	7	1,32616
462	IDOL_MINNIE_Su2_462.txt	26	0,00677	16	0,17655	10	1,76548
463	IDOL_MINNIE_Su2_463.txt	26	0,00511	16	0,16674	10	1,66738
464	IDOL_MINNIE_Su2_464.txt	0	0,00506	16	0,13922	16	2,22753
465	IDOL_MINNIE_Su2_465.txt	0	0,00503	16	0,14829	16	2,37266
466	IDOL_MINNIE_Su2_466.txt	0	0,00524	16	0,19023	16	3,04362
467	IDOL_MINNIE_Su2_467.txt	18	0,00464	16	0,1887	2	0,37739
468	IDOL_MINNIE_Su2_468.txt	18	0,00547	16	0,24229	2	0,48458
469	IDOL_MINNIE_Su2_469.txt	11	0,00445	16	0,36507	5	1,82537
470	IDOL_MINNIE_Su2_470.txt	11	0,00746	17	0,36739	6	2,20437
471	IDOL_MINNIE_Su2_471.txt	11	0,00561	17	0,31088	6	1,86526
472	IDOL_MINNIE_Su2_472.txt	23	0,0112	17	0,26477	6	1,58864
473	IDOL_MINNIE_Su2_473.txt	23	0,01086	17	0,24445	6	1,46669
474	IDOL_MINNIE_Su2_474.txt	23	0,01177	17	0,27572	6	1,65432
475	IDOL_MINNIE_Su2_475.txt	23	0,01016	17	0,27572	6	1,65432
476	IDOL_MINNIE_Su2_476.txt	23	0,01197	17	0,34522	6	2,07134
477	IDOL_MINNIE_Su2_477.txt	23	0,00883	15	0,35095	8	2,80758
478	IDOL_MINNIE_Su2_478.txt	23	0,00997	15	0,26873	8	2,14985
479	IDOL_MINNIE_Su2_479.txt	20	0,00736	15	0,19436	5	0,97178
480	IDOL_MINNIE_Su2_480.txt	20	0,00582	15	0,15412	5	0,7706
481	IDOL_MINNIE_Su2_481.txt	11	0,00633	15	0,16842	4	0,67367
482	IDOL_MINNIE_Su2_482.txt	3	0,0103	15	0,24257	12	2,91089
483	IDOL_MINNIE_Su2_483.txt	27	0,0063	15	0,31961	12	3,83531
484	IDOL_MINNIE_Su2_484.txt	25	0,00376	15	0,42328	10	4,23283
485	IDOL_MINNIE_Su2_485.txt	25	0,00373	15	0,52419	10	5,2419
486	IDOL_MINNIE_Su2_486.txt	25	0,00291	14	0,56096	11	6,17053
487	IDOL_MINNIE_Su2_487.txt	25	0,00297	14	0,48233	11	5,30562
488	IDOL_MINNIE_Su2_488.txt	25	0,00193	14	0,39303	11	4,3233
489	IDOL_MINNIE_Su2_489.txt	3	0,00562	14	0,31434	11	3,45771
490	IDOL_MINNIE_Su2_490.txt	3	0,00603	14	0,2691	11	2,9601
491	IDOL_MINNIE_Su2_491.txt	25	0,00618	14	0,27333	11	3,0066
492	IDOL_MINNIE_Su2_492.txt	3	0,00561	14	0,27333	11	3,0066
493	IDOL_MINNIE_Su2_493.txt	3	0,004	18	0,18263	15	2,73941
494	IDOL_MINNIE_Su2_494.txt	3	0,00503	18	0,08018	15	1,20275
495	IDOL_MINNIE_Su2_495.txt	26	0,00518	18	0,07785	8	0,62284
496	IDOL_MINNIE_Su2_496.txt	25	0,00649	18	0,15475	7	1,08326
497	IDOL_MINNIE_Su2_497.txt	25	0,00296	18	0,27758	7	1,94308
498	IDOL_MINNIE_Su2_498.txt	25	0,00983	18	0,38521	7	2,69648
499	IDOL_MINNIE_Su2_499.txt	25	0,00665	18	0,4953	7	3,46708
500	IDOL_MINNIE_Su2_500.txt	25	0,00345	13	0,41043	12	4,92516
501	IDOL_MINNIE_Su2_501.txt	25	0,00596	13	0,33165	12	3,97976
502	IDOL_MINNIE_Su2_502.txt	25	0,00506	13	0,19946	12	2,39356
503	IDOL_MINNIE_Su2_503.txt	25	0,00699	13	0,10961	12	1,31538
504	IDOL_MINNIE_Su2_504.txt	25	0,00611	13	0,07349	12	0,88192
505	IDOL_MINNIE_Su2_505.txt	25	0,00507	13	0,13599	12	1,63193
506	IDOL_MINNIE_Su2_506.txt	25	0,00596	13	0,23708	12	2,8449
507	IDOL_MINNIE_Su2_507.txt	25	0,00668	13	0,33596	12	4,03158
508	IDOL_MINNIE_Su2_508.txt	27	0,00682	13	0,47766	14	6,68731
509	IDOL_MINNIE_Su2_509.txt	3	0,00898	13	0,59158	10	5,91578
510	IDOL_MINNIE_Su2_510.txt	27	0,00563	13	0,66836	14	9,35709
511	IDOL_MINNIE_Su2_511.txt	27	0,00722	19	0,65201	8	5,21606
512	IDOL_MINNIE_Su2_512.txt	20	0,00614	19	0,56315	1	0,56315
513	IDOL_MINNIE_Su2_513.txt	26	0,0042	19	0,49471	7	3,46298
514	IDOL_MINNIE_Su2_514.txt	26	0,00576	19	0,49471	7	3,46298
515	IDOL_MINNIE_Su2_515.txt	19	0,00672	19	0,41515	0	0
516	IDOL_MINNIE_Su2_516.txt	7	0,00799	19	0,31537	12	3,78446
517	IDOL_MINNIE_Su2_517.txt	7	0,00537	19	0,241	12	2,89194
518	IDOL_MINNIE_Su2_518.txt	7	0,00571	19	0,07549	12	0,90583
519	IDOL_MINNIE_Su2_519.txt	3	0,00753	19	0,08457	16	1,35308
520	IDOL_MINNIE_Su2_520.txt	3	0,00941	19	0,16962	16	2,71387
521	IDOL_MINNIE_Su2_521.txt	3	0,00553	20	0,18435	17	3,13403
522	IDOL_MINNIE_Su2_522.txt	19	0,00589	20	0,13706	1	0,13706
523	IDOL_MINNIE_Su2_523.txt	21	0,00372	20	0,13706	1	0,13706
524	IDOL_MINNIE_Su2_524.txt	4	0,00406	20	0,10424	16	1,66789
525	IDOL_MINNIE_Su2_525.txt	10	0,00299	20	0,12432	10	1,24325
526	IDOL_MINNIE_Su2_526.txt	10	0,00222	20	0,18848	10	1,88485
527	IDOL_MINNIE_Su2_527.txt	12	0,00365	20	0,26768	8	2,14141
528	IDOL_MINNIE_Su2_528.txt	4	0,00368	20	0,31765	16	5,08235
529	IDOL_MINNIE_Su2_529.txt	20	0,00391	20	0,35043	0	0
530	IDOL_MINNIE_Su2_530.txt	9	0,00569	20	0,36913	11	4,06045
531	IDOL_MINNIE_Su2_531.txt	3	0,00788	20	0,37204	17	6,32476
532	IDOL_MINNIE_Su2_532.txt	3	0,00744	20	0,36613	17	6,22429
533	IDOL_MINNIE_Su2_533.txt	19	0,00666	20	0,3567	1	0,3567
534	IDOL_MINNIE_Su2_534.txt	7	0,00529	20	0,3442	13	4,47466
535	IDOL_MINNIE_Su2_535.txt	7	0,00459	20	0,33899	13	4,40685
536	IDOL_MINNIE_Su2_536.txt	7	0,00579	20	0,32438	13	4,21688
537	IDOL_MINNIE_Su2_537.txt	7	0,00688	20	0,31239	13	4,06104
538	IDOL_MINNIE_Su2_538.txt	7	0,00814	20	0,29944	13	3,89266
539	IDOL_MINNIE_Su2_539.txt	3	0,00571	20	0,29944	17	5,0904
540	IDOL_MINNIE_Su2_540.txt	3	0,01069	20	0,28832	17	4,90138
541	IDOL_MINNIE_Su2_541.txt	3	0,00942	20	0,27415	17	4,66052
542	IDOL_MINNIE_Su2_542.txt	19	0,00581	20	0,25421	1	0,25421
543	IDOL_MINNIE_Su2_543.txt	19	0,00688	20	0,23999	1	0,23999
544	IDOL_MINNIE_Su2_544.txt	19	0,00757	20	0,22405	1	0,22405
545	IDOL_MINNIE_Su2_545.txt	19	0,00776	20	0,20678	1	0,20678
546	IDOL_MINNIE_Su2_546.txt	19	0,00276	20	0,1896	1	0,1896
547	IDOL_MINNIE_Su2_547.txt	3	0,00692	20	0,17164	17	2,91788
548	IDOL_MINNIE_Su2_548.txt	3	0,0053	20	0,15331	17	2,60624
549	IDOL_MINNIE_Su2_549.txt	3	0,00576	20	0,1343	17	2,2831
550	IDOL_MINNIE_Su2_550.txt	3	0,00712	20	0,11579	17	1,96839
551	IDOL_MINNIE_Su2_551.txt	3	0,00869	20	0,09773	17	1,66144
552	IDOL_MINNIE_Su2_552.txt	20	0,00608	20	0,07775	0	0
553	IDOL_MINNIE_Su2_553.txt	4	0,00453	20	0,06526	16	1,04416
554	IDOL_MINNIE_Su2_554.txt	4	0,00263	20	0,04971	16	0,79528
555	IDOL_MINNIE_Su2_555.txt	4	0,00373	20	0,04971	16	0,79528
556	IDOL_MINNIE_Su2_556.txt	27	0,0044	20	0,04558	7	0,31909
557	IDOL_MINNIE_Su2_557.txt	27	0,00466	20	0,04536	7	0,31751
558	IDOL_MINNIE_Su2_558.txt	27	0,00224	20	0,04358	7	0,30509
559	IDOL_MINNIE_Su2_559.txt	27	0,0025	20	0,04926	7	0,34485
560	IDOL_MINNIE_Su2_560.txt	27	0,00314	20	0,10255	7	0,71782
561	IDOL_MINNIE_Su2_561.txt	12	0,00571	20	0,17516	8	1,40127
562	IDOL_MINNIE_Su2_562.txt	4	0,00541	19	0,18125	15	2,71881
563	IDOL_MINNIE_Su2_563.txt	12	0,00224	19	0,13476	7	0,94333
564	IDOL_MINNIE_Su2_564.txt	12	0,00244	19	0,14968	7	1,04773
565	IDOL_MINNIE_Su2_565.txt	4	0,0039	19	0,22198	15	3,32976
566	IDOL_MINNIE_Su2_566.txt	4	0,00362	19	0,2989	15	4,48356
567	IDOL_MINNIE_Su2_567.txt	4	0,00498	19	0,2714	15	4,07095
568	IDOL_MINNIE_Su2_568.txt	4	0,00344	19	0,35675	15	5,35123
569	IDOL_MINNIE_Su2_569.txt	10	0,0012	19	0,54279	9	4,88509
570	IDOL_MINNIE_Su2_570.txt	4	0,00672	19	0,67228	15	10,08425
571	IDOL_MINNIE_Su2_571.txt	21	0,00514	19	0,79835	2	1,5967
572	IDOL_MINNIE_Su2_572.txt	4	0,00682	19	0,79835	15	11,97523
573	IDOL_MINNIE_Su2_573.txt	21	0,00608	19	0,89052	2	1,78104
574	IDOL_MINNIE_Su2_574.txt	11	0,00826	19	0,98382	8	7,87058
575	IDOL_MINNIE_Su2_575.txt	4	0,00759	19	1,07603	15	16,14043
576	IDOL_MINNIE_Su2_576.txt	11	0,00757	13	1,15345	2	2,30689
577	IDOL_MINNIE_Su2_577.txt	21	0,00729	13	1,20638	8	9,65101
578	IDOL_MINNIE_Su2_578.txt	21	0,00597	13	1,28614	8	10,28911
579	IDOL_MINNIE_Su2_579.txt	10	0,00165	12	1,28368	2	2,56737
580	IDOL_MINNIE_Su2_580.txt	12	0,00269	12	1,18623	0	0
581	IDOL_MINNIE_Su2_581.txt	4	0,00474	12	1,09387	8	8,75097
582	IDOL_MINNIE_Su2_582.txt	12	0,00493	12	1,00877	0	0
583	IDOL_MINNIE_Su2_583.txt	21	0,00639	12	0,91201	9	8,20807
584	IDOL_MINNIE_Su2_584.txt	4	0,00457	12	0,75005	8	6,00044
585	IDOL_MINNIE_Su2_585.txt	4	0,006	12	0,61692	8	4,9354
586	IDOL_MINNIE_Su2_586.txt	10	0,00184	12	0,53021	2	1,06042
587	IDOL_MINNIE_Su2_587.txt	10	0,00174	12	0,41759	2	0,83518
588	IDOL_MINNIE_Su2_588.txt	10	0,00134	12	0,34007	2	0,68014
589	IDOL_MINNIE_Su2_589.txt	4	0,00682	12	0,34007	8	2,72056
590	IDOL_MINNIE_Su2_590.txt	12	0,00368	12	0,26702	0	0
591	IDOL_MINNIE_Su2_591.txt	12	0,00278	12	0,23177	0	0
592	IDOL_MINNIE_Su2_592.txt	12	0,00355	12	0,24155	0	0
593	IDOL_MINNIE_Su2_593.txt	12	0,00116	12	0,30111	0	0
594	IDOL_MINNIE_Su2_594.txt	12	0,00263	12	0,3788	0	0
595	IDOL_MINNIE_Su2_595.txt	12	0,00335	12	0,46494	0	0
596	IDOL_MINNIE_Su2_596.txt	12	0,00415	12	0,56072	0	0
597	IDOL_MINNIE_Su2_597.txt	4	0,00697	12	0,69028	8	5,52221
598	IDOL_MINNIE_Su2_598.txt	4	0,00509	12	0,79656	8	6,37244
599	IDOL_MINNIE_Su2_599.txt	11	0,00677	12	0,89931	1	0,89931
600	IDOL_MINNIE_Su2_600.txt	21	0,0077	12	1,00392	9	9,03531
601	IDOL_MINNIE_Su2_601.txt	21	0,00633	12	1,1249	9	10,1241
602	IDOL_MINNIE_Su2_602.txt	11	0,00699	12	1,21604	1	1,21604
603	IDOL_MINNIE_Su2_603.txt	11	0,00689	11	1,27796	0	0
604	IDOL_MINNIE_Su2_604.txt	12	0,00232	11	1,16767	1	1,16767
605	IDOL_MINNIE_Su2_605.txt	4	0,0054	11	1,07695	7	7,53865
606	IDOL_MINNIE_Su2_606.txt	4	0,00638	11	1,07695	7	7,53865
607	IDOL_MINNIE_Su2_607.txt	4	0,00483	11	0,98466	7	6,89261
608	IDOL_MINNIE_Su2_608.txt	11	0,00701	11	0,88627	0	0
609	IDOL_MINNIE_Su2_609.txt	4	0,0065	11	0,77898	7	5,45287
610	IDOL_MINNIE_Su2_610.txt	11	0,00833	11	0,69466	0	0
611	IDOL_MINNIE_Su2_611.txt	21	0,00386	11	0,61596	10	6,15962
612	IDOL_MINNIE_Su2_612.txt	21	0,00607	11	0,50649	10	5,06492
613	IDOL_MINNIE_Su2_613.txt	4	0,00663	11	0,4126	7	2,88822
614	IDOL_MINNIE_Su2_614.txt	4	0,00331	11	0,28409	7	1,98865
615	IDOL_MINNIE_Su2_615.txt	11	0,00464	11	0,25139	0	0
616	IDOL_MINNIE_Su2_616.txt	21	0,00416	11	0,24864	10	2,48639
617	IDOL_MINNIE_Su2_617.txt	11	0,00481	11	0,28197	0	0
618	IDOL_MINNIE_Su2_618.txt	21	0,00421	21	0,30732	0	0
619	IDOL_MINNIE_Su2_619.txt	21	0,00519	21	0,22571	0	0
620	IDOL_MINNIE_Su2_620.txt	11	0,00515	21	0,14849	10	1,48487
621	IDOL_MINNIE_Su2_621.txt	11	0,00984	21	0,13841	10	1,38406
622	IDOL_MINNIE_Su2_622.txt	11	0,01219	21	0,21356	10	2,1356
623	IDOL_MINNIE_Su2_623.txt	11	0,00533	21	0,31166	10	3,11663
624	IDOL_MINNIE_Su2_624.txt	11	0,01049	21	0,31166	10	3,11663
625	IDOL_MINNIE_Su2_625.txt	11	0,00506	21	0,41631	10	4,16313
626	IDOL_MINNIE_Su2_626.txt	4	0,0049	21	0,52291	17	8,88945
627	IDOL_MINNIE_Su2_627.txt	11	0,00325	9	0,61258	2	1,22516
628	IDOL_MINNIE_Su2_628.txt	11	0,00897	9	0,59557	2	1,19113
629	IDOL_MINNIE_Su2_629.txt	4	0,0034	9	0,5976	5	2,988
630	IDOL_MINNIE_Su2_630.txt	11	0,00424	9	0,61183	2	1,22366
631	IDOL_MINNIE_Su2_631.txt	4	0,0045	9	0,64208	5	3,21042
632	IDOL_MINNIE_Su2_632.txt	21	0,00505	9	0,6824	12	8,18876
633	IDOL_MINNIE_Su2_633.txt	11	0,00841	9	0,7372	2	1,47441
634	IDOL_MINNIE_Su2_634.txt	11	0,0041	9	0,79539	2	1,59077
635	IDOL_MINNIE_Su2_635.txt	11	0,00548	9	0,8628	2	1,7256
636	IDOL_MINNIE_Su2_636.txt	4	0,00556	9	0,9385	5	4,69249
637	IDOL_MINNIE_Su2_637.txt	11	0,00568	9	1,01173	2	2,02345
638	IDOL_MINNIE_Su2_638.txt	21	0,00532	9	1,09663	12	13,15961
639	IDOL_MINNIE_Su2_639.txt	4	0,00372	9	1,09663	5	5,48317
640	IDOL_MINNIE_Su2_640.txt	4	0,00465	9	1,17498	5	5,87488
641	IDOL_MINNIE_Su2_641.txt	4	0,00384	9	1,25962	5	6,2981
642	IDOL_MINNIE_Su2_642.txt	4	0,00427	9	1,49391	5	7,46954
643	IDOL_MINNIE_Su2_643.txt	27	0,00449	9	1,58401	18	28,5121
644	IDOL_MINNIE_Su2_644.txt	4	0,00568	9	1,71492	5	8,57462
645	IDOL_MINNIE_Su2_645.txt	12	0,00216	4	1,61753	8	12,94028
646	IDOL_MINNIE_Su2_646.txt	27	0,00455	4	1,51207	23	34,77753
647	IDOL_MINNIE_Su2_647.txt	4	0,00486	4	1,40667	0	0
648	IDOL_MINNIE_Su2_648.txt	4	0,00504	4	1,32637	0	0
649	IDOL_MINNIE_Su2_649.txt	11	0,00309	4	1,18752	7	8,31262
650	IDOL_MINNIE_Su2_650.txt	11	0,00512	26	1,05106	15	15,76589
651	IDOL_MINNIE_Su2_651.txt	11	0,00399	26	0,9964	15	14,94605
652	IDOL_MINNIE_Su2_652.txt	3	0,00275	26	0,90712	23	20,86379
653	IDOL_MINNIE_Su2_653.txt	18	0,00294	26	0,76894	8	6,15152
654	IDOL_MINNIE_Su2_654.txt	26	0,00377	26	0,70707	0	0
655	IDOL_MINNIE_Su2_655.txt	3	0,00509	26	0,63032	23	14,49735
656	IDOL_MINNIE_Su2_656.txt	26	0,00408	26	0,63032	0	0
657	IDOL_MINNIE_Su2_657.txt	22	0,00354	26	0,56984	4	2,27936
658	IDOL_MINNIE_Su2_658.txt	22	0,00384	26	0,54077	4	2,16307
659	IDOL_MINNIE_Su2_659.txt	22	0,00402	26	0,54334	4	2,17336
660	IDOL_MINNIE_Su2_660.txt	22	0,00322	26	0,57442	4	2,29768
661	IDOL_MINNIE_Su2_661.txt	22	0,00218	26	0,62869	4	2,51476
662	IDOL_MINNIE_Su2_662.txt	22	0,00262	22	0,57666	0	0
663	IDOL_MINNIE_Su2_663.txt	22	0,00376	22	0,49044	0	0
664	IDOL_MINNIE_Su2_664.txt	23	0,00468	22	0,39714	1	0,39714
665	IDOL_MINNIE_Su2_665.txt	22	0,00288	22	0,27605	0	0
666	IDOL_MINNIE_Su2_666.txt	22	0,00295	22	0,13784	0	0
667	IDOL_MINNIE_Su2_667.txt	22	0,00316	22	0,12308	0	0
668	IDOL_MINNIE_Su2_668.txt	22	0,00355	22	0,2141	0	0
669	IDOL_MINNIE_Su2_669.txt	22	0,00295	22	0,29377	0	0
670	IDOL_MINNIE_Su2_670.txt	22	0,00249	22	0,35367	0	0
671	IDOL_MINNIE_Su2_671.txt	22	0,00277	22	0,47837	0	0
672	IDOL_MINNIE_Su2_672.txt	24	0,00564	22	0,47837	2	0,95674
673	IDOL_MINNIE_Su2_673.txt	22	0,00485	22	0,58034	0	0
674	IDOL_MINNIE_Su2_674.txt	24	0,00823	25	0,5827	1	0,5827
675	IDOL_MINNIE_Su2_675.txt	24	0,01175	25	0,55064	1	0,55064
676	IDOL_MINNIE_Su2_676.txt	24	0,0122	25	0,5325	1	0,5325
677	IDOL_MINNIE_Su2_677.txt	24	0,01154	25	0,53086	1	0,53086
678	IDOL_MINNIE_Su2_678.txt	24	0,00877	25	0,54215	1	0,54215
679	IDOL_MINNIE_Su2_679.txt	24	0,0085	25	0,56106	1	0,56106
680	IDOL_MINNIE_Su2_680.txt	23	0,00407	25	0,58415	2	1,1683
681	IDOL_MINNIE_Su2_681.txt	2	0,00548	25	0,67719	23	15,57526
682	IDOL_MINNIE_Su2_682.txt	2	0,00472	25	0,73608	23	16,92981
683	IDOL_MINNIE_Su2_683.txt	22	0,00377	25	0,82097	3	2,46292
684	IDOL_MINNIE_Su2_684.txt	22	0,00409	25	0,86674	3	2,60022
685	IDOL_MINNIE_Su2_685.txt	22	0,0035	25	0,89705	3	2,69115
686	IDOL_MINNIE_Su2_686.txt	22	0,00651	25	0,95152	3	2,85456
687	IDOL_MINNIE_Su2_687.txt	22	0,00713	25	1,00668	3	3,02005
688	IDOL_MINNIE_Su2_688.txt	22	0,0078	25	1,02178	3	3,06535
689	IDOL_MINNIE_Su2_689.txt	22	0,0051	25	1,02178	3	3,06535
690	IDOL_MINNIE_Su2_690.txt	22	0,00482	25	1,03875	3	3,11625
691	IDOL_MINNIE_Su2_691.txt	22	0,00328	25	1,05378	3	3,16134
692	IDOL_MINNIE_Su2_692.txt	22	0,00494	25	1,08023	3	3,24068
693	IDOL_MINNIE_Su2_693.txt	23	0,00436	25	1,088	2	2,17599
694	IDOL_MINNIE_Su2_694.txt	23	0,00522	25	1,09308	2	2,18617
695	IDOL_MINNIE_Su2_695.txt	23	0,00526	25	1,097	2	2,19401
696	IDOL_MINNIE_Su2_696.txt	23	0,0121	25	1,09863	2	2,19727
697	IDOL_MINNIE_Su2_697.txt	23	0,00513	25	1,09588	2	2,19175
698	IDOL_MINNIE_Su2_698.txt	23	0,00516	25	1,09063	2	2,18126
699	IDOL_MINNIE_Su2_699.txt	23	0,00891	25	1,08147	2	2,16295
700	IDOL_MINNIE_Su2_700.txt	5	0,02082	25	1,06891	20	21,37818
701	IDOL_MINNIE_Su2_701.txt	5	0,0197	25	1,05555	20	21,11096
702	IDOL_MINNIE_Su2_702.txt	5	0,02391	25	1,04545	20	20,90898
703	IDOL_MINNIE_Su2_703.txt	5	0,02339	25	1,04531	20	20,90611
704	IDOL_MINNIE_Su2_704.txt	5	0,02049	25	1,06012	20	21,20232
705	IDOL_MINNIE_Su2_705.txt	5	0,02135	25	1,06012	20	21,20232
706	IDOL_MINNIE_Su2_706.txt	5	0,02324	25	1,09757	20	21,95141
707	IDOL_MINNIE_Su2_707.txt	5	0,02107	25	1,14638	20	22,92753
708	IDOL_MINNIE_Su2_708.txt	5	0,01852	25	1,20573	20	24,1146
709	IDOL_MINNIE_Su2_709.txt	5	0,01216	25	1,25965	20	25,19303
710	IDOL_MINNIE_Su2_710.txt	5	0,01257	23	1,30451	18	23,4812
711	IDOL_MINNIE_Su2_711.txt	5	0,00701	23	1,21555	18	21,87991
712	IDOL_MINNIE_Su2_712.txt	5	0,01067	23	1,13272	18	20,38892
713	IDOL_MINNIE_Su2_713.txt	14	0,00384	23	1,04881	9	9,43932
714	IDOL_MINNIE_Su2_714.txt	16	0,00436	23	0,95466	7	6,68262
715	IDOL_MINNIE_Su2_715.txt	16	0,00354	23	0,86217	7	6,03518
716	IDOL_MINNIE_Su2_716.txt	16	0,00381	23	0,77964	7	5,45747
717	IDOL_MINNIE_Su2_717.txt	16	0,00297	23	0,69667	7	4,87668
718	IDOL_MINNIE_Su2_718.txt	8	0,00612	23	0,62122	15	9,31829
719	IDOL_MINNIE_Su2_719.txt	23	0,00658	23	0,54555	0	0
720	IDOL_MINNIE_Su2_720.txt	23	0,0052	23	0,46906	0	0
721	IDOL_MINNIE_Su2_721.txt	23	0,01033	23	0,46906	0	0
722	IDOL_MINNIE_Su2_722.txt	23	0,0097	23	0,40428	0	0
723	IDOL_MINNIE_Su2_723.txt	23	0,00478	23	0,34591	0	0
724	IDOL_MINNIE_Su2_724.txt	23	0,00636	23	0,30736	0	0
725	IDOL_MINNIE_Su2_725.txt	23	0,00958	23	0,29521	0	0
726	IDOL_MINNIE_Su2_726.txt	23	0,00361	23	0,30679	0	0
727	IDOL_MINNIE_Su2_727.txt	23	0,00266	23	0,33579	0	0
728	IDOL_MINNIE_Su2_728.txt	23	0,0033	23	0,38644	0	0
729	IDOL_MINNIE_Su2_729.txt	23	0,00662	23	0,45573	0	0
730	IDOL_MINNIE_Su2_730.txt	8	0,00595	23	0,57277	15	8,59149
731	IDOL_MINNIE_Su2_731.txt	23	0,00657	23	0,66478	0	0
732	IDOL_MINNIE_Su2_732.txt	9	0,00846	23	0,75519	14	10,57266
733	IDOL_MINNIE_Su2_733.txt	9	0,00709	23	0,8487	14	11,88173
734	IDOL_MINNIE_Su2_734.txt	22	0,00502	23	0,99896	1	0,99896
735	IDOL_MINNIE_Su2_735.txt	23	0,00551	23	1,08127	0	0
736	IDOL_MINNIE_Su2_736.txt	22	0,00413	24	1,01836	2	2,03672
737	IDOL_MINNIE_Su2_737.txt	22	0,00486	24	0,91469	2	1,82938
738	IDOL_MINNIE_Su2_738.txt	22	0,00429	24	0,84721	2	1,69443
739	IDOL_MINNIE_Su2_739.txt	22	0,00431	24	0,75473	2	1,50946
740	IDOL_MINNIE_Su2_740.txt	22	0,00527	24	0,75473	2	1,50946
741	IDOL_MINNIE_Su2_741.txt	22	0,00862	24	0,66612	2	1,33223
742	IDOL_MINNIE_Su2_742.txt	22	0,0067	24	0,56764	2	1,13528
743	IDOL_MINNIE_Su2_743.txt	23	0,00561	24	0,49452	1	0,49452
744	IDOL_MINNIE_Su2_744.txt	16	0,0056	24	0,44185	8	3,53482
745	IDOL_MINNIE_Su2_745.txt	23	0,00533	24	0,40052	1	0,40052
746	IDOL_MINNIE_Su2_746.txt	1	0,00474	24	0,36817	23	8,46782
747	IDOL_MINNIE_Su2_747.txt	1	0,00414	24	0,35162	23	8,08716
748	IDOL_MINNIE_Su2_748.txt	2	0,00505	24	0,34932	22	7,68496
749	IDOL_MINNIE_Su2_749.txt	24	0,00747	24	0,36513	0	0
750	IDOL_MINNIE_Su2_750.txt	24	0,00378	24	0,54279	0	0
751	IDOL_MINNIE_Su2_751.txt	24	0,0051	24	0,56756	0	0
752	IDOL_MINNIE_Su2_752.txt	24	0,00536	24	0,59639	0	0
753	IDOL_MINNIE_Su2_753.txt	24	0,00434	24	0,64494	0	0
754	IDOL_MINNIE_Su2_754.txt	13	0,00589	24	0,69096	11	7,60051
755	IDOL_MINNIE_Su2_755.txt	2	0,00591	24	0,73377	22	16,14288
756	IDOL_MINNIE_Su2_756.txt	2	0,00363	24	0,73377	22	16,14288
757	IDOL_MINNIE_Su2_757.txt	2	0,00707	24	0,79196	22	17,42305
758	IDOL_MINNIE_Su2_758.txt	2	0,0044	24	0,84768	22	18,64891
759	IDOL_MINNIE_Su2_759.txt	24	0,01119	24	0,90269	0	0
760	IDOL_MINNIE_Su2_760.txt	24	0,01108	24	0,93464	0	0
761	IDOL_MINNIE_Su2_761.txt	23	0,00613	24	0,99816	1	0,99816
762	IDOL_MINNIE_Su2_762.txt	23	0,0069	24	1,03835	1	1,03835
763	IDOL_MINNIE_Su2_763.txt	22	0,00548	24	1,10191	2	2,20381
764	IDOL_MINNIE_Su2_764.txt	26	0,00514	24	1,18044	2	2,36088
765	IDOL_MINNIE_Su2_765.txt	26	0,00436	24	1,25831	2	2,51661
766	IDOL_MINNIE_Su2_766.txt	0	0,00567	24	1,29585	24	31,10037
767	IDOL_MINNIE_Su2_767.txt	0	0,00538	24	1,38159	24	33,15828
768	IDOL_MINNIE_Su2_768.txt	26	0,00495	24	1,43558	2	2,87116
769	IDOL_MINNIE_Su2_769.txt	26	0,00482	25	1,36498	1	1,36498
770	IDOL_MINNIE_Su2_770.txt	0	0,00636	25	1,27239	25	31,80975
771	IDOL_MINNIE_Su2_771.txt	27	0,00575	25	1,15119	2	2,30238
772	IDOL_MINNIE_Su2_772.txt	26	0,00963	25	1,15119	1	1,15119
773	IDOL_MINNIE_Su2_773.txt	17	0,00252	25	1,05655	8	8,45242
774	IDOL_MINNIE_Su2_774.txt	17	0,00264	25	0,95804	8	7,66428
775	IDOL_MINNIE_Su2_775.txt	17	0,00286	25	0,86497	8	6,91976
776	IDOL_MINNIE_Su2_776.txt	25	0,00325	25	0,7555	0	0
777	IDOL_MINNIE_Su2_777.txt	25	0,00281	25	0,65881	0	0
778	IDOL_MINNIE_Su2_778.txt	25	0,00298	25	0,47776	0	0
779	IDOL_MINNIE_Su2_779.txt	25	0,0064	25	0,38658	0	0
780	IDOL_MINNIE_Su2_780.txt	25	0,00257	25	0,29546	0	0
781	IDOL_MINNIE_Su2_781.txt	25	0,00541	25	0,21321	0	0
782	IDOL_MINNIE_Su2_782.txt	25	0,00181	25	0,15399	0	0
783	IDOL_MINNIE_Su2_783.txt	25	0,00335	25	0,13754	0	0
784	IDOL_MINNIE_Su2_784.txt	18	0,00159	25	0,18047	7	1,26329
785	IDOL_MINNIE_Su2_785.txt	17	0,00231	25	0,25781	8	2,06251
786	IDOL_MINNIE_Su2_786.txt	25	0,00345	25	0,34464	0	0
787	IDOL_MINNIE_Su2_787.txt	25	0,00228	25	0,4358	0	0
788	IDOL_MINNIE_Su2_788.txt	25	0,00119	25	0,52583	0	0
789	IDOL_MINNIE_Su2_789.txt	25	0,00423	22	0,51308	3	1,53925
790	IDOL_MINNIE_Su2_790.txt	17	0,00272	22	0,51308	5	2,56542
791	IDOL_MINNIE_Su2_791.txt	25	0,00229	22	0,41511	3	1,24532
792	IDOL_MINNIE_Su2_792.txt	25	0,0031	22	0,32564	3	0,97691
793	IDOL_MINNIE_Su2_793.txt	25	0,00809	22	0,22536	3	0,67609
794	IDOL_MINNIE_Su2_794.txt	25	0,00745	22	0,13801	3	0,41402
795	IDOL_MINNIE_Su2_795.txt	25	0,00888	22	0,0559	3	0,16771
796	IDOL_MINNIE_Su2_796.txt	3	0,00797	22	0,06444	19	1,22427
797	IDOL_MINNIE_Su2_797.txt	20	0,00346	22	0,14859	2	0,29718
798	IDOL_MINNIE_Su2_798.txt	20	0,00297	22	0,23871	2	0,47743
799	IDOL_MINNIE_Su2_799.txt	20	0,00368	22	0,33226	2	0,66452
800	IDOL_MINNIE_Su2_800.txt	22	0,00503	22	0,42429	0	0
801	IDOL_MINNIE_Su2_801.txt	26	0,00584	22	0,51132	4	2,04528
802	IDOL_MINNIE_Su2_802.txt	3	0,00861	26	0,46374	23	10,66603
803	IDOL_MINNIE_Su2_803.txt	3	0,00746	26	0,40125	23	9,22884
804	IDOL_MINNIE_Su2_804.txt	3	0,00588	26	0,36092	23	8,3011
805	IDOL_MINNIE_Su2_805.txt	26	0,00816	26	0,35169	0	0
806	IDOL_MINNIE_Su2_806.txt	3	0,00615	26	0,35169	23	8,08886
807	IDOL_MINNIE_Su2_807.txt	3	0,01163	26	0,37759	23	8,68455
808	IDOL_MINNIE_Su2_808.txt	26	0,00399	26	0,42939	0	0
809	IDOL_MINNIE_Su2_809.txt	3	0,00424	26	0,4961	23	11,41023
810	IDOL_MINNIE_Su2_810.txt	25	0,00615	26	0,56619	1	0,56619
811	IDOL_MINNIE_Su2_811.txt	27	0,00604	26	0,64071	1	0,64071
812	IDOL_MINNIE_Su2_812.txt	27	0,00258	26	0,73225	1	0,73225
813	IDOL_MINNIE_Su2_813.txt	11	0,00523	26	0,82497	15	12,37456
814	IDOL_MINNIE_Su2_814.txt	11	0,00855	26	0,91651	15	13,74772
815	IDOL_MINNIE_Su2_815.txt	4	0,00665	26	1,012	22	22,26408
816	IDOL_MINNIE_Su2_816.txt	11	0,00403	26	1,10918	15	16,6377
817	IDOL_MINNIE_Su2_817.txt	4	0,00431	26	1,19749	22	26,34477
818	IDOL_MINNIE_Su2_818.txt	4	0,00491	27	1,28067	23	29,45547
819	IDOL_MINNIE_Su2_819.txt	27	0,00232	27	1,19218	0	0
820	IDOL_MINNIE_Su2_820.txt	21	0,00401	27	1,09525	6	6,57148
821	IDOL_MINNIE_Su2_821.txt	11	0,0044	27	1,005	16	16,07999
822	IDOL_MINNIE_Su2_822.txt	4	0,00594	27	0,91604	23	21,06896
823	IDOL_MINNIE_Su2_823.txt	4	0,00368	27	0,81946	23	18,84763
824	IDOL_MINNIE_Su2_824.txt	21	0,00406	27	0,81946	6	4,91677
825	IDOL_MINNIE_Su2_825.txt	11	0,00784	27	0,50844	16	8,13505
826	IDOL_MINNIE_Su2_826.txt	11	0,00313	27	0,43785	16	7,00564
827	IDOL_MINNIE_Su2_827.txt	4	0,00334	27	0,35668	23	8,20361
828	IDOL_MINNIE_Su2_828.txt	11	0,0063	27	0,18892	16	3,02271
829	IDOL_MINNIE_Su2_829.txt	11	0,00678	27	0,06078	16	0,9725
830	IDOL_MINNIE_Su2_830.txt	11	0,00468	27	0,06481	16	1,03689
831	IDOL_MINNIE_Su2_831.txt	11	0,00584	27	0,19614	16	3,13824
832	IDOL_MINNIE_Su2_832.txt	4	0,00324	27	0,2904	23	6,67916
833	IDOL_MINNIE_Su2_833.txt	21	0,00544	27	0,42027	6	2,52161
834	IDOL_MINNIE_Su2_834.txt	21	0,00471	27	0,52426	6	3,14556
835	IDOL_MINNIE_Su2_835.txt	21	0,00372	27	0,61758	6	3,70546
836	IDOL_MINNIE_Su2_836.txt	4	0,00397	27	0,764	23	17,57208
837	IDOL_MINNIE_Su2_837.txt	21	0,00417	27	0,86661	6	5,19968
838	IDOL_MINNIE_Su2_838.txt	12	0,00206	27	0,97796	15	14,66947
839	IDOL_MINNIE_Su2_839.txt	12	0,00481	27	1,08372	15	16,25575
840	IDOL_MINNIE_Su2_840.txt	4	0,0049	27	1,19371	23	27,45532
841	IDOL_MINNIE_Su2_841.txt	4	0,00471	27	1,19371	23	27,45532
842	IDOL_MINNIE_Su2_842.txt	4	0,00373	3	1,13502	1	1,13502
843	IDOL_MINNIE_Su2_843.txt	12	0,00509	3	1,03751	9	9,33761
844	IDOL_MINNIE_Su2_844.txt	27	0,00577	3	0,91112	24	21,86677
845	IDOL_MINNIE_Su2_845.txt	27	0,00581	3	0,80119	24	19,22863
846	IDOL_MINNIE_Su2_846.txt	27	0,00435	3	0,7004	24	16,80956
847	IDOL_MINNIE_Su2_847.txt	27	0,00648	3	0,59709	24	14,33017
848	IDOL_MINNIE_Su2_848.txt	4	0,00638	3	0,47948	1	0,47948
849	IDOL_MINNIE_Su2_849.txt	27	0,00515	3	0,37759	24	9,06221
