#	ImageName	Similar Node	Distance	Near Node	Distance	Transitions	Evaluation
1	IDOL_MINNIE_Cl4_1.txt	27	0,0033	3	1,02283	24	24,54791
2	IDOL_MINNIE_Cl4_2.txt	27	0,00305	3	1,02283	24	24,54791
3	IDOL_MINNIE_Cl4_3.txt	27	0,00348	3	1,02283	24	24,54791
4	IDOL_MINNIE_Cl4_4.txt	27	0,00271	3	1,02226	24	24,53413
5	IDOL_MINNIE_Cl4_5.txt	27	0,00311	3	1,0156	24	24,37433
6	IDOL_MINNIE_Cl4_6.txt	27	0,00418	3	0,99766	24	23,94393
7	IDOL_MINNIE_Cl4_7.txt	27	0,00275	3	0,96396	24	23,13506
8	IDOL_MINNIE_Cl4_8.txt	27	0,00355	3	0,93969	24	22,55246
9	IDOL_MINNIE_Cl4_9.txt	27	0,00508	3	0,93969	24	22,55246
10	IDOL_MINNIE_Cl4_10.txt	4	0,00599	3	0,90332	1	0,90332
11	IDOL_MINNIE_Cl4_11.txt	12	0,007	3	0,84516	9	7,60648
12	IDOL_MINNIE_Cl4_12.txt	27	0,0046	3	0,76551	24	18,3723
13	IDOL_MINNIE_Cl4_13.txt	27	0,00638	3	0,67447	24	16,18739
14	IDOL_MINNIE_Cl4_14.txt	27	0,00442	3	0,58006	24	13,92148
15	IDOL_MINNIE_Cl4_15.txt	27	0,00568	3	0,48983	24	11,75597
16	IDOL_MINNIE_Cl4_16.txt	27	0,00752	3	0,41673	24	10,00157
17	IDOL_MINNIE_Cl4_17.txt	25	0,00834	3	0,36123	22	7,94699
18	IDOL_MINNIE_Cl4_18.txt	27	0,00612	3	0,32512	24	7,80297
19	IDOL_MINNIE_Cl4_19.txt	27	0,00594	3	0,33025	24	7,92612
20	IDOL_MINNIE_Cl4_20.txt	27	0,00611	3	0,37367	24	8,9681
21	IDOL_MINNIE_Cl4_21.txt	27	0,00471	3	0,43346	24	10,40297
22	IDOL_MINNIE_Cl4_22.txt	27	0,0056	3	0,5081	24	12,19448
23	IDOL_MINNIE_Cl4_23.txt	27	0,00511	0	0,44738	27	12,07936
24	IDOL_MINNIE_Cl4_24.txt	27	0,00382	0	0,33047	27	8,92271
25	IDOL_MINNIE_Cl4_25.txt	18	0,00536	0	0,33047	18	5,94847
26	IDOL_MINNIE_Cl4_26.txt	27	0,00542	0	0,23023	27	6,21623
27	IDOL_MINNIE_Cl4_27.txt	27	0,00486	0	0,15278	27	4,12518
28	IDOL_MINNIE_Cl4_28.txt	27	0,00507	0	0,12277	27	3,31491
29	IDOL_MINNIE_Cl4_29.txt	0	0,00424	0	0,18146	0	0
30	IDOL_MINNIE_Cl4_30.txt	27	0,00503	0	0,28204	27	7,61521
31	IDOL_MINNIE_Cl4_31.txt	0	0,0047	0	0,38732	0	0
32	IDOL_MINNIE_Cl4_32.txt	0	0,00431	0	0,48273	0	0
33	IDOL_MINNIE_Cl4_33.txt	18	0,00335	0	0,59795	18	10,76311
34	IDOL_MINNIE_Cl4_34.txt	18	0,00463	0	0,71937	18	12,94873
35	IDOL_MINNIE_Cl4_35.txt	26	0,00534	0	0,81253	26	21,12588
36	IDOL_MINNIE_Cl4_36.txt	1	0,00425	0	0,92766	1	0,92766
37	IDOL_MINNIE_Cl4_37.txt	0	0,00448	0	1,02985	0	0
38	IDOL_MINNIE_Cl4_38.txt	1	0,00502	0	1,13749	1	1,13749
39	IDOL_MINNIE_Cl4_39.txt	0	0,00418	0	1,25348	0	0
40	IDOL_MINNIE_Cl4_40.txt	0	0,00426	1	1,27349	1	1,27349
41	IDOL_MINNIE_Cl4_41.txt	18	0,00287	1	1,27349	17	21,64937
42	IDOL_MINNIE_Cl4_42.txt	25	0,00154	1	1,17628	24	28,23078
43	IDOL_MINNIE_Cl4_43.txt	18	0,00375	1	1,08629	17	18,46694
44	IDOL_MINNIE_Cl4_44.txt	25	0,00178	1	0,99189	24	23,80528
45	IDOL_MINNIE_Cl4_45.txt	18	0,00239	1	0,90497	17	15,38446
46	IDOL_MINNIE_Cl4_46.txt	25	0,00543	1	0,78972	24	18,95325
47	IDOL_MINNIE_Cl4_47.txt	26	0,00468	1	0,67691	25	16,92283
48	IDOL_MINNIE_Cl4_48.txt	25	0,00247	1	0,58272	24	13,9852
49	IDOL_MINNIE_Cl4_49.txt	25	0,00409	1	0,50726	24	12,1742
50	IDOL_MINNIE_Cl4_50.txt	17	0,00277	1	0,44494	16	7,11905
51	IDOL_MINNIE_Cl4_51.txt	25	0,00126	1	0,40597	24	9,74327
52	IDOL_MINNIE_Cl4_52.txt	18	0,0017	1	0,38925	17	6,61733
53	IDOL_MINNIE_Cl4_53.txt	25	0,00235	1	0,41374	24	9,92981
54	IDOL_MINNIE_Cl4_54.txt	25	0,00169	1	0,45313	24	10,87519
55	IDOL_MINNIE_Cl4_55.txt	3	0,00575	1	0,52772	2	1,05545
56	IDOL_MINNIE_Cl4_56.txt	3	0,00415	1	0,62367	2	1,24734
57	IDOL_MINNIE_Cl4_57.txt	26	0,00416	1	0,62367	25	15,5918
58	IDOL_MINNIE_Cl4_58.txt	3	0,00401	1	0,7166	2	1,43319
59	IDOL_MINNIE_Cl4_59.txt	19	0,00709	1	0,80864	18	14,55547
60	IDOL_MINNIE_Cl4_60.txt	19	0,00565	1	0,90786	18	16,34145
61	IDOL_MINNIE_Cl4_61.txt	22	0,00576	1	1,01476	21	21,31004
62	IDOL_MINNIE_Cl4_62.txt	2	0,00491	1	1,1141	1	1,1141
63	IDOL_MINNIE_Cl4_63.txt	2	0,00453	2	1,18054	0	0
64	IDOL_MINNIE_Cl4_64.txt	2	0,00445	2	1,17032	0	0
65	IDOL_MINNIE_Cl4_65.txt	2	0,00493	2	1,13775	0	0
66	IDOL_MINNIE_Cl4_66.txt	2	0,00644	2	1,11888	0	0
67	IDOL_MINNIE_Cl4_67.txt	2	0,00596	2	1,10326	0	0
68	IDOL_MINNIE_Cl4_68.txt	2	0,00658	2	1,07163	0	0
69	IDOL_MINNIE_Cl4_69.txt	2	0,0101	2	1,04478	0	0
70	IDOL_MINNIE_Cl4_70.txt	2	0,00683	2	1,02016	0	0
71	IDOL_MINNIE_Cl4_71.txt	2	0,005	2	0,99719	0	0
72	IDOL_MINNIE_Cl4_72.txt	2	0,00408	2	0,97097	0	0
73	IDOL_MINNIE_Cl4_73.txt	2	0,00558	2	0,97097	0	0
74	IDOL_MINNIE_Cl4_74.txt	2	0,0035	2	0,93738	0	0
75	IDOL_MINNIE_Cl4_75.txt	9	0,00554	2	0,90309	7	6,32164
76	IDOL_MINNIE_Cl4_76.txt	2	0,00599	2	0,84921	0	0
77	IDOL_MINNIE_Cl4_77.txt	2	0,00661	2	0,7866	0	0
78	IDOL_MINNIE_Cl4_78.txt	6	0,00622	2	0,7138	4	2,85519
79	IDOL_MINNIE_Cl4_79.txt	23	0,00521	2	0,6166	21	12,94868
80	IDOL_MINNIE_Cl4_80.txt	9	0,00481	2	0,54905	7	3,84335
81	IDOL_MINNIE_Cl4_81.txt	9	0,00447	2	0,49534	7	3,46735
82	IDOL_MINNIE_Cl4_82.txt	9	0,00761	2	0,44877	7	3,14138
83	IDOL_MINNIE_Cl4_83.txt	3	0,00872	2	0,41035	1	0,41035
84	IDOL_MINNIE_Cl4_84.txt	3	0,01055	2	0,34958	1	0,34958
85	IDOL_MINNIE_Cl4_85.txt	3	0,01051	2	0,31364	1	0,31364
86	IDOL_MINNIE_Cl4_86.txt	3	0,01087	2	0,26929	1	0,26929
87	IDOL_MINNIE_Cl4_87.txt	3	0,02044	2	0,21418	1	0,21418
88	IDOL_MINNIE_Cl4_88.txt	3	0,01954	2	0,15631	1	0,15631
89	IDOL_MINNIE_Cl4_89.txt	3	0,01145	2	0,15631	1	0,15631
90	IDOL_MINNIE_Cl4_90.txt	7	0,00641	2	0,11605	5	0,58024
91	IDOL_MINNIE_Cl4_91.txt	9	0,00486	2	0,16603	7	1,16219
92	IDOL_MINNIE_Cl4_92.txt	9	0,00792	2	0,24961	7	1,7473
93	IDOL_MINNIE_Cl4_93.txt	9	0,00524	2	0,33605	7	2,35238
94	IDOL_MINNIE_Cl4_94.txt	9	0,00604	2	0,41125	7	2,87873
95	IDOL_MINNIE_Cl4_95.txt	7	0,00637	2	0,49692	5	2,48462
96	IDOL_MINNIE_Cl4_96.txt	7	0,00606	2	0,61351	5	3,06755
97	IDOL_MINNIE_Cl4_97.txt	7	0,00573	2	0,69148	5	3,4574
98	IDOL_MINNIE_Cl4_98.txt	3	0,0106	2	0,78189	1	0,78189
99	IDOL_MINNIE_Cl4_99.txt	2	0,00933	2	0,86527	0	0
100	IDOL_MINNIE_Cl4_100.txt	2	0,01448	2	0,94722	0	0
101	IDOL_MINNIE_Cl4_101.txt	2	0,00777	2	1,0327	0	0
102	IDOL_MINNIE_Cl4_102.txt	2	0,00863	2	1,12202	0	0
103	IDOL_MINNIE_Cl4_103.txt	2	0,01423	2	1,17715	0	0
104	IDOL_MINNIE_Cl4_104.txt	2	0,01293	2	1,27133	0	0
105	IDOL_MINNIE_Cl4_105.txt	2	0,00937	2	1,27133	0	0
106	IDOL_MINNIE_Cl4_106.txt	26	0,00647	2	1,35013	24	32,40305
107	IDOL_MINNIE_Cl4_107.txt	2	0,00822	2	1,45245	0	0
108	IDOL_MINNIE_Cl4_108.txt	2	0,00738	2	1,54994	0	0
109	IDOL_MINNIE_Cl4_109.txt	2	0,00496	2	1,66705	0	0
110	IDOL_MINNIE_Cl4_110.txt	2	0,00546	0	1,70146	2	3,40292
111	IDOL_MINNIE_Cl4_111.txt	2	0,0043	0	1,68628	2	3,37255
112	IDOL_MINNIE_Cl4_112.txt	2	0,00479	0	1,6624	2	3,3248
113	IDOL_MINNIE_Cl4_113.txt	2	0,00489	0	1,6452	2	3,29041
114	IDOL_MINNIE_Cl4_114.txt	2	0,00465	0	1,62007	2	3,24014
115	IDOL_MINNIE_Cl4_115.txt	2	0,00548	0	1,59812	2	3,19623
116	IDOL_MINNIE_Cl4_116.txt	2	0,00606	0	1,57482	2	3,14963
117	IDOL_MINNIE_Cl4_117.txt	2	0,00535	0	1,54674	2	3,09348
118	IDOL_MINNIE_Cl4_118.txt	6	0,00786	0	1,52956	6	9,17737
119	IDOL_MINNIE_Cl4_119.txt	2	0,00581	0	1,50755	2	3,0151
120	IDOL_MINNIE_Cl4_120.txt	9	0,00511	0	1,47904	9	13,3114
121	IDOL_MINNIE_Cl4_121.txt	2	0,00543	0	1,47904	2	2,95809
122	IDOL_MINNIE_Cl4_122.txt	3	0,00345	0	1,44599	3	4,33796
123	IDOL_MINNIE_Cl4_123.txt	3	0,00691	0	1,39712	3	4,19137
124	IDOL_MINNIE_Cl4_124.txt	3	0,01607	0	1,34177	3	4,02532
125	IDOL_MINNIE_Cl4_125.txt	3	0,01485	0	1,27458	3	3,82373
126	IDOL_MINNIE_Cl4_126.txt	3	0,01507	0	1,19058	3	3,57175
127	IDOL_MINNIE_Cl4_127.txt	3	0,02141	0	1,09485	3	3,28456
128	IDOL_MINNIE_Cl4_128.txt	3	0,01436	0	1,00349	3	3,01046
129	IDOL_MINNIE_Cl4_129.txt	3	0,00936	0	0,91231	3	2,73692
130	IDOL_MINNIE_Cl4_130.txt	26	0,00489	0	0,82063	26	21,33642
131	IDOL_MINNIE_Cl4_131.txt	18	0,00488	0	0,74504	18	13,41079
132	IDOL_MINNIE_Cl4_132.txt	3	0,00385	0	0,69142	3	2,07425
133	IDOL_MINNIE_Cl4_133.txt	3	0,00557	0	0,66412	3	1,99235
134	IDOL_MINNIE_Cl4_134.txt	7	0,00619	3	0,64004	4	2,56018
135	IDOL_MINNIE_Cl4_135.txt	3	0,01571	3	0,50508	0	0
136	IDOL_MINNIE_Cl4_136.txt	3	0,01111	3	0,40411	0	0
137	IDOL_MINNIE_Cl4_137.txt	3	0,00927	3	0,31963	0	0
138	IDOL_MINNIE_Cl4_138.txt	3	0,01321	3	0,249	0	0
139	IDOL_MINNIE_Cl4_139.txt	3	0,01014	3	0,249	0	0
140	IDOL_MINNIE_Cl4_140.txt	3	0,00878	3	0,23069	0	0
141	IDOL_MINNIE_Cl4_141.txt	3	0,0058	3	0,27231	0	0
142	IDOL_MINNIE_Cl4_142.txt	3	0,0109	3	0,34931	0	0
143	IDOL_MINNIE_Cl4_143.txt	3	0,00452	3	0,435	0	0
144	IDOL_MINNIE_Cl4_144.txt	20	0,00328	3	0,52255	17	8,88339
145	IDOL_MINNIE_Cl4_145.txt	4	0,00393	3	0,61555	1	0,61555
146	IDOL_MINNIE_Cl4_146.txt	0	0,00585	3	0,70978	3	2,12933
147	IDOL_MINNIE_Cl4_147.txt	20	0,00516	3	0,80947	17	13,76105
148	IDOL_MINNIE_Cl4_148.txt	0	0,00538	3	0,9024	3	2,70719
149	IDOL_MINNIE_Cl4_149.txt	27	0,00405	3	1,01068	24	24,25627
150	IDOL_MINNIE_Cl4_150.txt	26	0,00482	3	1,13017	23	25,99389
151	IDOL_MINNIE_Cl4_151.txt	22	0,00453	27	1,22261	5	6,11307
152	IDOL_MINNIE_Cl4_152.txt	20	0,00479	27	1,12691	7	7,8884
153	IDOL_MINNIE_Cl4_153.txt	4	0,00175	27	1,03397	23	23,78122
154	IDOL_MINNIE_Cl4_154.txt	4	0,0016	27	0,91879	23	21,13212
155	IDOL_MINNIE_Cl4_155.txt	27	0,00375	27	0,91879	0	0
156	IDOL_MINNIE_Cl4_156.txt	4	0,00431	27	0,8317	23	19,12921
157	IDOL_MINNIE_Cl4_157.txt	4	0,00285	27	0,72144	23	16,59316
158	IDOL_MINNIE_Cl4_158.txt	21	0,00464	27	0,62361	6	3,74166
159	IDOL_MINNIE_Cl4_159.txt	12	0,00317	27	0,53598	15	8,03973
160	IDOL_MINNIE_Cl4_160.txt	10	0,00196	27	0,45861	17	7,79637
161	IDOL_MINNIE_Cl4_161.txt	4	0,00352	27	0,40711	23	9,36351
162	IDOL_MINNIE_Cl4_162.txt	20	0,00477	27	0,38352	7	2,68461
163	IDOL_MINNIE_Cl4_163.txt	20	0,00384	27	0,40224	7	2,81571
164	IDOL_MINNIE_Cl4_164.txt	3	0,00441	27	0,44678	24	10,72273
165	IDOL_MINNIE_Cl4_165.txt	26	0,00423	27	0,50144	1	0,50144
166	IDOL_MINNIE_Cl4_166.txt	26	0,00438	27	0,57502	1	0,57502
167	IDOL_MINNIE_Cl4_167.txt	3	0,0045	27	0,64725	24	15,53395
168	IDOL_MINNIE_Cl4_168.txt	3	0,00426	27	0,71739	24	17,21733
169	IDOL_MINNIE_Cl4_169.txt	3	0,00402	27	0,80928	24	19,42276
170	IDOL_MINNIE_Cl4_170.txt	20	0,00424	27	0,80928	7	5,66497
171	IDOL_MINNIE_Cl4_171.txt	20	0,00431	27	0,88964	7	6,22749
172	IDOL_MINNIE_Cl4_172.txt	20	0,00389	27	0,97522	7	6,82657
173	IDOL_MINNIE_Cl4_173.txt	4	0,00305	27	1,06917	23	24,59098
174	IDOL_MINNIE_Cl4_174.txt	4	0,00408	27	1,15551	23	26,57669
175	IDOL_MINNIE_Cl4_175.txt	12	0,00395	4	1,13714	8	9,09715
176	IDOL_MINNIE_Cl4_176.txt	4	0,00373	4	1,03226	0	0
177	IDOL_MINNIE_Cl4_177.txt	10	0,00217	4	0,92999	6	5,57992
178	IDOL_MINNIE_Cl4_178.txt	12	0,00456	4	0,82357	8	6,58859
179	IDOL_MINNIE_Cl4_179.txt	10	0,00209	4	0,71219	6	4,27313
180	IDOL_MINNIE_Cl4_180.txt	10	0,0027	4	0,609	6	3,65397
181	IDOL_MINNIE_Cl4_181.txt	10	0,00329	4	0,49219	6	2,95312
182	IDOL_MINNIE_Cl4_182.txt	10	0,00366	4	0,38594	6	2,31561
183	IDOL_MINNIE_Cl4_183.txt	10	0,00256	4	0,28016	6	1,68097
184	IDOL_MINNIE_Cl4_184.txt	10	0,00286	4	0,19216	6	1,15297
185	IDOL_MINNIE_Cl4_185.txt	20	0,00485	4	0,08869	16	1,41905
186	IDOL_MINNIE_Cl4_186.txt	10	0,00183	4	0,08869	6	0,53214
187	IDOL_MINNIE_Cl4_187.txt	4	0,00403	4	0,05659	0	0
188	IDOL_MINNIE_Cl4_188.txt	12	0,00213	4	0,18015	8	1,44124
189	IDOL_MINNIE_Cl4_189.txt	12	0,00144	4	0,28679	8	2,29435
190	IDOL_MINNIE_Cl4_190.txt	4	0,00229	4	0,41059	0	0
191	IDOL_MINNIE_Cl4_191.txt	21	0,00407	4	0,51552	17	8,76391
192	IDOL_MINNIE_Cl4_192.txt	20	0,00475	4	0,62541	16	10,00654
193	IDOL_MINNIE_Cl4_193.txt	4	0,00508	4	0,73015	0	0
194	IDOL_MINNIE_Cl4_194.txt	20	0,00477	4	0,83211	16	13,31383
195	IDOL_MINNIE_Cl4_195.txt	4	0,00439	4	0,9441	0	0
196	IDOL_MINNIE_Cl4_196.txt	4	0,00624	4	1,0465	0	0
197	IDOL_MINNIE_Cl4_197.txt	21	0,00527	4	1,15092	17	19,56561
198	IDOL_MINNIE_Cl4_198.txt	11	0,00621	4	1,26234	7	8,83641
199	IDOL_MINNIE_Cl4_199.txt	11	0,00509	4	1,36891	7	9,58235
200	IDOL_MINNIE_Cl4_200.txt	11	0,00827	26	1,47213	15	22,08195
201	IDOL_MINNIE_Cl4_201.txt	20	0,00589	26	1,56916	6	9,41495
202	IDOL_MINNIE_Cl4_202.txt	11	0,00526	26	1,56916	15	23,53736
203	IDOL_MINNIE_Cl4_203.txt	11	0,00634	26	1,66098	15	24,91475
204	IDOL_MINNIE_Cl4_204.txt	11	0,00582	9	1,65401	2	3,30802
205	IDOL_MINNIE_Cl4_205.txt	4	0,00517	9	1,55748	5	7,78739
206	IDOL_MINNIE_Cl4_206.txt	10	0,00147	9	1,4671	1	1,4671
207	IDOL_MINNIE_Cl4_207.txt	10	0,0014	9	1,37958	1	1,37958
208	IDOL_MINNIE_Cl4_208.txt	12	0,00142	9	1,28326	3	3,84979
209	IDOL_MINNIE_Cl4_209.txt	10	0,00185	9	1,19734	1	1,19734
210	IDOL_MINNIE_Cl4_210.txt	10	0,002	9	1,09583	1	1,09583
211	IDOL_MINNIE_Cl4_211.txt	10	0,00188	9	1,01328	1	1,01328
212	IDOL_MINNIE_Cl4_212.txt	12	0,00179	9	0,93013	3	2,7904
213	IDOL_MINNIE_Cl4_213.txt	12	0,00167	9	0,83994	3	2,51983
214	IDOL_MINNIE_Cl4_214.txt	11	0,00256	9	0,74488	2	1,48976
215	IDOL_MINNIE_Cl4_215.txt	18	0,00577	9	0,65538	9	5,89845
216	IDOL_MINNIE_Cl4_216.txt	3	0,00382	9	0,56164	6	3,36982
217	IDOL_MINNIE_Cl4_217.txt	9	0,00647	9	0,45845	0	0
218	IDOL_MINNIE_Cl4_218.txt	3	0,00851	9	0,37314	6	2,23885
219	IDOL_MINNIE_Cl4_219.txt	19	0,00773	9	0,27047	10	2,70469
220	IDOL_MINNIE_Cl4_220.txt	22	0,00454	9	0,27047	13	3,51609
221	IDOL_MINNIE_Cl4_221.txt	13	0,00533	9	0,18526	4	0,74102
222	IDOL_MINNIE_Cl4_222.txt	13	0,00485	9	0,12006	4	0,48025
223	IDOL_MINNIE_Cl4_223.txt	5	0,00399	9	0,11053	4	0,44214
224	IDOL_MINNIE_Cl4_224.txt	5	0,00341	9	0,18364	4	0,73458
225	IDOL_MINNIE_Cl4_225.txt	5	0,00368	9	0,27149	4	1,08595
226	IDOL_MINNIE_Cl4_226.txt	5	0,00388	9	0,37388	4	1,49554
227	IDOL_MINNIE_Cl4_227.txt	8	0,00978	9	0,46971	1	0,46971
228	IDOL_MINNIE_Cl4_228.txt	14	0,00734	5	0,4727	9	4,25433
229	IDOL_MINNIE_Cl4_229.txt	6	0,00859	5	0,39281	1	0,39281
230	IDOL_MINNIE_Cl4_230.txt	14	0,00584	5	0,33629	9	3,02662
231	IDOL_MINNIE_Cl4_231.txt	6	0,00643	5	0,26526	1	0,26526
232	IDOL_MINNIE_Cl4_232.txt	14	0,00561	5	0,20202	9	1,81818
233	IDOL_MINNIE_Cl4_233.txt	8	0,00396	5	0,18708	3	0,56124
234	IDOL_MINNIE_Cl4_234.txt	6	0,00446	5	0,22791	1	0,22791
235	IDOL_MINNIE_Cl4_235.txt	5	0,00419	5	0,28084	0	0
236	IDOL_MINNIE_Cl4_236.txt	14	0,00413	5	0,28084	9	2,52758
237	IDOL_MINNIE_Cl4_237.txt	5	0,00284	5	0,35028	0	0
238	IDOL_MINNIE_Cl4_238.txt	14	0,00499	5	0,44096	9	3,96866
239	IDOL_MINNIE_Cl4_239.txt	2	0,00391	5	0,53016	3	1,59048
240	IDOL_MINNIE_Cl4_240.txt	2	0,00411	5	0,61963	3	1,8589
241	IDOL_MINNIE_Cl4_241.txt	22	0,00463	5	0,70874	17	12,04857
242	IDOL_MINNIE_Cl4_242.txt	19	0,00456	5	0,80162	14	11,22263
243	IDOL_MINNIE_Cl4_243.txt	3	0,00533	5	0,89341	2	1,78682
244	IDOL_MINNIE_Cl4_244.txt	19	0,00513	5	1,0225	14	14,31503
245	IDOL_MINNIE_Cl4_245.txt	3	0,00505	5	1,11969	2	2,23939
246	IDOL_MINNIE_Cl4_246.txt	3	0,00502	6	1,2036	3	3,6108
247	IDOL_MINNIE_Cl4_247.txt	9	0,00526	6	1,14938	3	3,44813
248	IDOL_MINNIE_Cl4_248.txt	2	0,00379	6	1,09875	4	4,39501
249	IDOL_MINNIE_Cl4_249.txt	2	0,00616	6	1,04991	4	4,19965
250	IDOL_MINNIE_Cl4_250.txt	2	0,0047	6	1,00661	4	4,02644
251	IDOL_MINNIE_Cl4_251.txt	2	0,00622	6	0,94187	4	3,7675
252	IDOL_MINNIE_Cl4_252.txt	23	0,00546	6	0,94187	17	16,01186
253	IDOL_MINNIE_Cl4_253.txt	14	0,00549	6	0,87275	8	6,98197
254	IDOL_MINNIE_Cl4_254.txt	14	0,00589	6	0,78913	8	6,31305
255	IDOL_MINNIE_Cl4_255.txt	16	0,0064	6	0,725	10	7,24999
256	IDOL_MINNIE_Cl4_256.txt	16	0,00393	6	0,66758	10	6,67577
257	IDOL_MINNIE_Cl4_257.txt	16	0,00632	6	0,60734	10	6,0734
258	IDOL_MINNIE_Cl4_258.txt	22	0,00794	6	0,54128	16	8,6605
259	IDOL_MINNIE_Cl4_259.txt	23	0,00521	6	0,48283	17	8,20814
260	IDOL_MINNIE_Cl4_260.txt	23	0,00362	6	0,44169	17	7,50867
261	IDOL_MINNIE_Cl4_261.txt	23	0,00419	6	0,40106	17	6,81794
262	IDOL_MINNIE_Cl4_262.txt	6	0,00484	6	0,37291	0	0
263	IDOL_MINNIE_Cl4_263.txt	8	0,0052	6	0,31715	2	0,63431
264	IDOL_MINNIE_Cl4_264.txt	6	0,00465	6	0,26414	0	0
265	IDOL_MINNIE_Cl4_265.txt	23	0,00436	6	0,19649	17	3,34035
266	IDOL_MINNIE_Cl4_266.txt	23	0,004	6	0,12848	17	2,18409
267	IDOL_MINNIE_Cl4_267.txt	23	0,00398	6	0,09523	17	1,61885
268	IDOL_MINNIE_Cl4_268.txt	23	0,004	6	0,09523	17	1,61885
269	IDOL_MINNIE_Cl4_269.txt	23	0,00372	6	0,12776	17	2,17198
270	IDOL_MINNIE_Cl4_270.txt	8	0,00408	6	0,2055	2	0,411
271	IDOL_MINNIE_Cl4_271.txt	23	0,0038	6	0,30762	17	5,22959
272	IDOL_MINNIE_Cl4_272.txt	23	0,00459	6	0,39284	17	6,67827
273	IDOL_MINNIE_Cl4_273.txt	23	0,00518	6	0,49744	17	8,45642
274	IDOL_MINNIE_Cl4_274.txt	6	0,00552	8	0,39378	2	0,78755
275	IDOL_MINNIE_Cl4_275.txt	6	0,0079	8	0,2883	2	0,5766
276	IDOL_MINNIE_Cl4_276.txt	6	0,00689	8	0,17729	2	0,35458
277	IDOL_MINNIE_Cl4_277.txt	6	0,00721	8	0,07056	2	0,14112
278	IDOL_MINNIE_Cl4_278.txt	7	0,00507	8	0,03414	1	0,03414
279	IDOL_MINNIE_Cl4_279.txt	7	0,00649	8	0,14808	1	0,14808
280	IDOL_MINNIE_Cl4_280.txt	7	0,00609	8	0,25556	1	0,25556
281	IDOL_MINNIE_Cl4_281.txt	7	0,00456	8	0,35914	1	0,35914
282	IDOL_MINNIE_Cl4_282.txt	7	0,00585	8	0,46885	1	0,46885
283	IDOL_MINNIE_Cl4_283.txt	7	0,00687	8	0,46885	1	0,46885
284	IDOL_MINNIE_Cl4_284.txt	7	0,0055	7	0,43454	0	0
285	IDOL_MINNIE_Cl4_285.txt	7	0,00593	7	0,35973	0	0
286	IDOL_MINNIE_Cl4_286.txt	7	0,00634	7	0,29198	0	0
287	IDOL_MINNIE_Cl4_287.txt	6	0,00726	7	0,24079	1	0,24079
288	IDOL_MINNIE_Cl4_288.txt	23	0,00612	7	0,19748	16	3,15966
289	IDOL_MINNIE_Cl4_289.txt	23	0,00728	7	0,16293	16	2,60693
290	IDOL_MINNIE_Cl4_290.txt	23	0,00562	7	0,12743	16	2,03894
291	IDOL_MINNIE_Cl4_291.txt	23	0,00642	7	0,11101	16	1,77608
292	IDOL_MINNIE_Cl4_292.txt	23	0,00433	7	0,09284	16	1,48545
293	IDOL_MINNIE_Cl4_293.txt	23	0,00383	7	0,06966	16	1,11448
294	IDOL_MINNIE_Cl4_294.txt	8	0,00484	7	0,06331	1	0,06331
295	IDOL_MINNIE_Cl4_295.txt	8	0,00485	7	0,06544	1	0,06544
296	IDOL_MINNIE_Cl4_296.txt	23	0,00456	7	0,07689	16	1,23032
297	IDOL_MINNIE_Cl4_297.txt	23	0,0046	7	0,0875	16	1,40008
298	IDOL_MINNIE_Cl4_298.txt	23	0,00526	7	0,1043	16	1,66882
299	IDOL_MINNIE_Cl4_299.txt	8	0,00437	7	0,1043	1	0,1043
300	IDOL_MINNIE_Cl4_300.txt	8	0,00532	7	0,12092	1	0,12092
301	IDOL_MINNIE_Cl4_301.txt	6	0,00579	7	0,14127	1	0,14127
302	IDOL_MINNIE_Cl4_302.txt	6	0,00628	7	0,16138	1	0,16138
303	IDOL_MINNIE_Cl4_303.txt	6	0,00592	7	0,18394	1	0,18394
304	IDOL_MINNIE_Cl4_304.txt	14	0,00439	7	0,2049	7	1,43428
305	IDOL_MINNIE_Cl4_305.txt	13	0,00434	7	0,2251	6	1,35059
306	IDOL_MINNIE_Cl4_306.txt	2	0,00328	7	0,2438	5	1,21902
307	IDOL_MINNIE_Cl4_307.txt	23	0,00335	7	0,26158	16	4,18529
308	IDOL_MINNIE_Cl4_308.txt	22	0,01038	7	0,28615	15	4,29225
309	IDOL_MINNIE_Cl4_309.txt	22	0,00645	7	0,30773	15	4,61589
310	IDOL_MINNIE_Cl4_310.txt	22	0,00475	7	0,32794	15	4,91903
311	IDOL_MINNIE_Cl4_311.txt	23	0,00405	7	0,3451	16	5,5216
312	IDOL_MINNIE_Cl4_312.txt	23	0,00449	7	0,36512	16	5,84187
313	IDOL_MINNIE_Cl4_313.txt	8	0,00422	7	0,39273	1	0,39273
314	IDOL_MINNIE_Cl4_314.txt	3	0,00441	7	0,41997	4	1,67986
315	IDOL_MINNIE_Cl4_315.txt	8	0,00452	7	0,46637	1	0,46637
316	IDOL_MINNIE_Cl4_316.txt	8	0,00409	7	0,46637	1	0,46637
317	IDOL_MINNIE_Cl4_317.txt	8	0,0045	8	0,46706	0	0
318	IDOL_MINNIE_Cl4_318.txt	23	0,00453	8	0,42511	15	6,3767
319	IDOL_MINNIE_Cl4_319.txt	23	0,00559	8	0,37855	15	5,67818
320	IDOL_MINNIE_Cl4_320.txt	8	0,00381	8	0,33206	0	0
321	IDOL_MINNIE_Cl4_321.txt	14	0,00317	8	0,29433	6	1,76599
322	IDOL_MINNIE_Cl4_322.txt	14	0,00347	8	0,28026	6	1,68157
323	IDOL_MINNIE_Cl4_323.txt	8	0,00467	8	0,28711	0	0
324	IDOL_MINNIE_Cl4_324.txt	23	0,01127	8	0,31679	15	4,75192
325	IDOL_MINNIE_Cl4_325.txt	23	0,00775	8	0,37127	15	5,5691
326	IDOL_MINNIE_Cl4_326.txt	23	0,00815	8	0,43469	15	6,5204
327	IDOL_MINNIE_Cl4_327.txt	23	0,00323	8	0,5083	15	7,62456
328	IDOL_MINNIE_Cl4_328.txt	8	0,00423	6	0,44366	2	0,88731
329	IDOL_MINNIE_Cl4_329.txt	8	0,00669	6	0,3378	2	0,6756
330	IDOL_MINNIE_Cl4_330.txt	3	0,00639	6	0,23405	3	0,70216
331	IDOL_MINNIE_Cl4_331.txt	3	0,00624	6	0,15657	3	0,4697
332	IDOL_MINNIE_Cl4_332.txt	3	0,00424	6	0,15657	3	0,4697
333	IDOL_MINNIE_Cl4_333.txt	3	0,00379	6	0,13677	3	0,4103
334	IDOL_MINNIE_Cl4_334.txt	22	0,00516	6	0,19104	16	3,05663
335	IDOL_MINNIE_Cl4_335.txt	22	0,00605	6	0,27457	16	4,39307
336	IDOL_MINNIE_Cl4_336.txt	22	0,009	6	0,3538	16	5,66075
337	IDOL_MINNIE_Cl4_337.txt	22	0,00784	6	0,44873	16	7,17962
338	IDOL_MINNIE_Cl4_338.txt	3	0,00441	6	0,55243	3	1,6573
339	IDOL_MINNIE_Cl4_339.txt	3	0,00783	6	0,63927	3	1,91781
340	IDOL_MINNIE_Cl4_340.txt	3	0,00587	6	0,73129	3	2,19388
341	IDOL_MINNIE_Cl4_341.txt	3	0,0055	6	0,85727	3	2,57181
342	IDOL_MINNIE_Cl4_342.txt	3	0,01385	6	0,96624	3	2,89872
343	IDOL_MINNIE_Cl4_343.txt	3	0,0141	6	1,07565	3	3,22694
344	IDOL_MINNIE_Cl4_344.txt	9	0,00816	5	1,03084	4	4,12335
345	IDOL_MINNIE_Cl4_345.txt	3	0,00688	5	0,93915	2	1,8783
346	IDOL_MINNIE_Cl4_346.txt	9	0,00799	5	0,84367	4	3,37466
347	IDOL_MINNIE_Cl4_347.txt	9	0,00747	5	0,75429	4	3,01717
348	IDOL_MINNIE_Cl4_348.txt	9	0,00555	5	0,75429	4	3,01717
349	IDOL_MINNIE_Cl4_349.txt	9	0,01043	5	0,66262	4	2,65049
350	IDOL_MINNIE_Cl4_350.txt	9	0,00944	5	0,57337	4	2,2935
351	IDOL_MINNIE_Cl4_351.txt	3	0,00517	5	0,47593	2	0,95187
352	IDOL_MINNIE_Cl4_352.txt	3	0,004	5	0,37904	2	0,75809
353	IDOL_MINNIE_Cl4_353.txt	9	0,00415	5	0,28439	4	1,13758
354	IDOL_MINNIE_Cl4_354.txt	9	0,00399	5	0,19156	4	0,76625
355	IDOL_MINNIE_Cl4_355.txt	9	0,0094	5	0,11495	4	0,4598
356	IDOL_MINNIE_Cl4_356.txt	9	0,00364	5	0,11224	4	0,44897
357	IDOL_MINNIE_Cl4_357.txt	9	0,00488	5	0,19726	4	0,78904
358	IDOL_MINNIE_Cl4_358.txt	3	0,0061	5	0,29719	2	0,59437
359	IDOL_MINNIE_Cl4_359.txt	3	0,00654	5	0,40318	2	0,80636
360	IDOL_MINNIE_Cl4_360.txt	9	0,00321	5	0,51897	4	2,07587
361	IDOL_MINNIE_Cl4_361.txt	9	0,00326	9	0,41151	0	0
362	IDOL_MINNIE_Cl4_362.txt	9	0,00376	9	0,32147	0	0
363	IDOL_MINNIE_Cl4_363.txt	9	0,00444	9	0,22099	0	0
364	IDOL_MINNIE_Cl4_364.txt	9	0,00565	9	0,11802	0	0
365	IDOL_MINNIE_Cl4_365.txt	9	0,00716	9	0,11802	0	0
366	IDOL_MINNIE_Cl4_366.txt	9	0,00517	9	0,05765	0	0
367	IDOL_MINNIE_Cl4_367.txt	9	0,00495	9	0,09372	0	0
368	IDOL_MINNIE_Cl4_368.txt	9	0,00354	9	0,15063	0	0
369	IDOL_MINNIE_Cl4_369.txt	9	0,00334	9	0,19575	0	0
370	IDOL_MINNIE_Cl4_370.txt	9	0,00353	9	0,24533	0	0
371	IDOL_MINNIE_Cl4_371.txt	9	0,00483	9	0,31376	0	0
372	IDOL_MINNIE_Cl4_372.txt	9	0,00414	9	0,41052	0	0
373	IDOL_MINNIE_Cl4_373.txt	7	0,00695	9	0,49483	2	0,98966
374	IDOL_MINNIE_Cl4_374.txt	19	0,00588	9	0,60248	10	6,02478
375	IDOL_MINNIE_Cl4_375.txt	19	0,00813	21	0,5192	2	1,0384
376	IDOL_MINNIE_Cl4_376.txt	3	0,00972	21	0,4312	18	7,76159
377	IDOL_MINNIE_Cl4_377.txt	13	0,00908	21	0,3313	8	2,65041
378	IDOL_MINNIE_Cl4_378.txt	13	0,00848	21	0,23257	8	1,8606
379	IDOL_MINNIE_Cl4_379.txt	19	0,00623	21	0,14864	2	0,29728
380	IDOL_MINNIE_Cl4_380.txt	13	0,00654	21	0,11201	8	0,89604
381	IDOL_MINNIE_Cl4_381.txt	22	0,00527	21	0,11201	1	0,11201
382	IDOL_MINNIE_Cl4_382.txt	20	0,00646	21	0,16421	1	0,16421
383	IDOL_MINNIE_Cl4_383.txt	20	0,00474	10	0,1748	10	1,74801
384	IDOL_MINNIE_Cl4_384.txt	20	0,00393	10	0,22954	10	2,29537
385	IDOL_MINNIE_Cl4_385.txt	12	0,00156	11	0,15266	1	0,15266
386	IDOL_MINNIE_Cl4_386.txt	4	0,0048	11	0,05303	7	0,37123
387	IDOL_MINNIE_Cl4_387.txt	4	0,00271	11	0,06858	7	0,48008
388	IDOL_MINNIE_Cl4_388.txt	4	0,00516	11	0,17131	7	1,1992
389	IDOL_MINNIE_Cl4_389.txt	27	0,00461	11	0,28329	16	4,53257
390	IDOL_MINNIE_Cl4_390.txt	27	0,00277	11	0,39153	16	6,26454
391	IDOL_MINNIE_Cl4_391.txt	20	0,00413	11	0,49005	9	4,41043
392	IDOL_MINNIE_Cl4_392.txt	12	0,00108	11	0,59977	1	0,59977
393	IDOL_MINNIE_Cl4_393.txt	12	0,00232	11	0,71398	1	0,71398
394	IDOL_MINNIE_Cl4_394.txt	12	0,00165	11	0,81653	1	0,81653
395	IDOL_MINNIE_Cl4_395.txt	12	0,00095	11	0,93072	1	0,93072
396	IDOL_MINNIE_Cl4_396.txt	10	0,00239	11	1,03364	1	1,03364
397	IDOL_MINNIE_Cl4_397.txt	4	0,00387	11	1,03364	7	7,23546
398	IDOL_MINNIE_Cl4_398.txt	12	0,00121	11	1,15441	1	1,15441
399	IDOL_MINNIE_Cl4_399.txt	10	0,00227	11	1,26479	1	1,26479
400	IDOL_MINNIE_Cl4_400.txt	12	0,00252	12	1,17121	0	0
401	IDOL_MINNIE_Cl4_401.txt	10	0,00191	12	1,0684	2	2,13681
402	IDOL_MINNIE_Cl4_402.txt	12	0,00163	12	0,92891	0	0
403	IDOL_MINNIE_Cl4_403.txt	12	0,00133	12	0,79888	0	0
404	IDOL_MINNIE_Cl4_404.txt	10	0,00136	12	0,64028	2	1,28056
405	IDOL_MINNIE_Cl4_405.txt	12	0,00157	12	0,53113	0	0
406	IDOL_MINNIE_Cl4_406.txt	12	0,00256	12	0,42305	0	0
407	IDOL_MINNIE_Cl4_407.txt	12	0,00204	12	0,31892	0	0
408	IDOL_MINNIE_Cl4_408.txt	10	0,00153	12	0,24888	2	0,49776
409	IDOL_MINNIE_Cl4_409.txt	12	0,00182	12	0,15083	0	0
410	IDOL_MINNIE_Cl4_410.txt	4	0,00536	12	0,09407	8	0,75255
411	IDOL_MINNIE_Cl4_411.txt	12	0,0017	12	0,09029	0	0
412	IDOL_MINNIE_Cl4_412.txt	12	0,00269	12	0,16055	0	0
413	IDOL_MINNIE_Cl4_413.txt	12	0,00114	12	0,16055	0	0
414	IDOL_MINNIE_Cl4_414.txt	12	0,00183	12	0,26076	0	0
415	IDOL_MINNIE_Cl4_415.txt	12	0,00445	12	0,36799	0	0
416	IDOL_MINNIE_Cl4_416.txt	12	0,00331	12	0,47187	0	0
417	IDOL_MINNIE_Cl4_417.txt	10	0,003	12	0,58505	2	1,17011
418	IDOL_MINNIE_Cl4_418.txt	12	0,00189	12	0,68288	0	0
419	IDOL_MINNIE_Cl4_419.txt	12	0,00192	12	0,79967	0	0
420	IDOL_MINNIE_Cl4_420.txt	10	0,00137	12	0,91596	2	1,83191
421	IDOL_MINNIE_Cl4_421.txt	12	0,00121	12	1,03069	0	0
422	IDOL_MINNIE_Cl4_422.txt	12	0,00232	12	1,135	0	0
423	IDOL_MINNIE_Cl4_423.txt	12	0,00254	12	1,24978	0	0
424	IDOL_MINNIE_Cl4_424.txt	10	0,00284	13	1,30643	3	3,9193
425	IDOL_MINNIE_Cl4_425.txt	10	0,00312	13	1,21946	3	3,65839
426	IDOL_MINNIE_Cl4_426.txt	11	0,00282	13	1,11704	2	2,23408
427	IDOL_MINNIE_Cl4_427.txt	22	0,00496	13	0,99337	9	8,9403
428	IDOL_MINNIE_Cl4_428.txt	3	0,00348	13	0,89737	10	8,97367
429	IDOL_MINNIE_Cl4_429.txt	22	0,00909	13	0,89737	9	8,07631
430	IDOL_MINNIE_Cl4_430.txt	3	0,00409	13	0,79418	10	7,94183
431	IDOL_MINNIE_Cl4_431.txt	2	0,0049	13	0,68884	11	7,57719
432	IDOL_MINNIE_Cl4_432.txt	2	0,00545	13	0,59488	11	6,54367
433	IDOL_MINNIE_Cl4_433.txt	2	0,00522	13	0,48642	11	5,3506
434	IDOL_MINNIE_Cl4_434.txt	23	0,00636	13	0,3723	10	3,72302
435	IDOL_MINNIE_Cl4_435.txt	8	0,0044	13	0,27117	5	1,35586
436	IDOL_MINNIE_Cl4_436.txt	23	0,00464	13	0,18184	10	1,81844
437	IDOL_MINNIE_Cl4_437.txt	23	0,00368	13	0,0975	10	0,97498
438	IDOL_MINNIE_Cl4_438.txt	23	0,00511	13	0,11346	10	1,13458
439	IDOL_MINNIE_Cl4_439.txt	8	0,00753	13	0,19661	5	0,98305
440	IDOL_MINNIE_Cl4_440.txt	23	0,00516	13	0,29927	10	2,99268
441	IDOL_MINNIE_Cl4_441.txt	23	0,00584	13	0,41933	10	4,19333
442	IDOL_MINNIE_Cl4_442.txt	8	0,00478	13	0,52529	5	2,62645
443	IDOL_MINNIE_Cl4_443.txt	23	0,00362	18	0,51573	5	2,57864
444	IDOL_MINNIE_Cl4_444.txt	23	0,00477	18	0,44702	5	2,23512
445	IDOL_MINNIE_Cl4_445.txt	23	0,00479	18	0,44702	5	2,23512
446	IDOL_MINNIE_Cl4_446.txt	23	0,00427	18	0,38248	5	1,91239
447	IDOL_MINNIE_Cl4_447.txt	14	0,00278	18	0,32428	4	1,29713
448	IDOL_MINNIE_Cl4_448.txt	13	0,00654	18	0,29871	5	1,49356
449	IDOL_MINNIE_Cl4_449.txt	2	0,008	18	0,28464	16	4,55431
450	IDOL_MINNIE_Cl4_450.txt	13	0,00832	14	0,2286	1	0,2286
451	IDOL_MINNIE_Cl4_451.txt	13	0,00761	14	0,14144	1	0,14144
452	IDOL_MINNIE_Cl4_452.txt	13	0,00795	14	0,10774	1	0,10774
453	IDOL_MINNIE_Cl4_453.txt	13	0,00658	14	0,13673	1	0,13673
454	IDOL_MINNIE_Cl4_454.txt	14	0,00707	14	0,19496	0	0
455	IDOL_MINNIE_Cl4_455.txt	14	0,00716	14	0,27656	0	0
456	IDOL_MINNIE_Cl4_456.txt	13	0,00825	14	0,37945	1	0,37945
457	IDOL_MINNIE_Cl4_457.txt	24	0,0089	14	0,47838	10	4,7838
458	IDOL_MINNIE_Cl4_458.txt	24	0,00776	15	0,47545	9	4,27902
459	IDOL_MINNIE_Cl4_459.txt	24	0,00754	15	0,37202	9	3,3482
460	IDOL_MINNIE_Cl4_460.txt	24	0,00939	15	0,24073	9	2,16653
461	IDOL_MINNIE_Cl4_461.txt	13	0,00666	15	0,24073	2	0,48145
462	IDOL_MINNIE_Cl4_462.txt	24	0,00669	15	0,13373	9	1,20353
463	IDOL_MINNIE_Cl4_463.txt	13	0,00658	15	0,079	2	0,158
464	IDOL_MINNIE_Cl4_464.txt	23	0,00582	15	0,14735	8	1,17876
465	IDOL_MINNIE_Cl4_465.txt	23	0,00554	15	0,24946	8	1,99565
466	IDOL_MINNIE_Cl4_466.txt	8	0,00467	15	0,35525	7	2,48673
467	IDOL_MINNIE_Cl4_467.txt	23	0,00524	17	0,34826	6	2,08957
468	IDOL_MINNIE_Cl4_468.txt	23	0,00468	17	0,22055	6	1,32331
469	IDOL_MINNIE_Cl4_469.txt	23	0,00452	17	0,16365	6	0,98189
470	IDOL_MINNIE_Cl4_470.txt	3	0,00474	17	0,14323	14	2,00526
471	IDOL_MINNIE_Cl4_471.txt	13	0,0034	17	0,19889	4	0,79554
472	IDOL_MINNIE_Cl4_472.txt	23	0,0035	16	0,26577	7	1,86037
473	IDOL_MINNIE_Cl4_473.txt	23	0,00369	16	0,17806	7	1,24645
474	IDOL_MINNIE_Cl4_474.txt	23	0,00411	16	0,11997	7	0,8398
475	IDOL_MINNIE_Cl4_475.txt	23	0,00415	16	0,0583	7	0,40812
476	IDOL_MINNIE_Cl4_476.txt	23	0,00411	16	0,06644	7	0,46511
477	IDOL_MINNIE_Cl4_477.txt	16	0,00708	16	0,06644	0	0
478	IDOL_MINNIE_Cl4_478.txt	23	0,00457	16	0,10694	7	0,74856
479	IDOL_MINNIE_Cl4_479.txt	23	0,00449	16	0,15382	7	1,07676
480	IDOL_MINNIE_Cl4_480.txt	23	0,00529	16	0,18178	7	1,27243
481	IDOL_MINNIE_Cl4_481.txt	16	0,004	16	0,19699	0	0
482	IDOL_MINNIE_Cl4_482.txt	8	0,00521	16	0,20347	8	1,62779
483	IDOL_MINNIE_Cl4_483.txt	6	0,00534	16	0,2006	10	2,00596
484	IDOL_MINNIE_Cl4_484.txt	6	0,00607	16	0,20065	10	2,00647
485	IDOL_MINNIE_Cl4_485.txt	14	0,0054	16	0,19912	2	0,39824
486	IDOL_MINNIE_Cl4_486.txt	14	0,00547	16	0,19886	2	0,39773
487	IDOL_MINNIE_Cl4_487.txt	6	0,00505	16	0,19969	10	1,99693
488	IDOL_MINNIE_Cl4_488.txt	6	0,01262	16	0,19903	10	1,99025
489	IDOL_MINNIE_Cl4_489.txt	6	0,01187	16	0,19934	10	1,99337
490	IDOL_MINNIE_Cl4_490.txt	6	0,01531	16	0,19854	10	1,98543
491	IDOL_MINNIE_Cl4_491.txt	6	0,01548	16	0,19759	10	1,97593
492	IDOL_MINNIE_Cl4_492.txt	6	0,01733	16	0,19733	10	1,97332
493	IDOL_MINNIE_Cl4_493.txt	6	0,01513	16	0,19733	10	1,97332
494	IDOL_MINNIE_Cl4_494.txt	6	0,00955	16	0,19661	10	1,96606
495	IDOL_MINNIE_Cl4_495.txt	8	0,00533	16	0,19558	8	1,56465
496	IDOL_MINNIE_Cl4_496.txt	16	0,00512	16	0,19652	0	0
497	IDOL_MINNIE_Cl4_497.txt	23	0,00447	16	0,19664	7	1,37651
498	IDOL_MINNIE_Cl4_498.txt	16	0,00362	16	0,19749	0	0
499	IDOL_MINNIE_Cl4_499.txt	23	0,00352	16	0,19715	7	1,38002
500	IDOL_MINNIE_Cl4_500.txt	23	0,00442	16	0,19701	7	1,37905
501	IDOL_MINNIE_Cl4_501.txt	2	0,00418	16	0,19724	14	2,76135
502	IDOL_MINNIE_Cl4_502.txt	2	0,00673	16	0,19786	14	2,77004
503	IDOL_MINNIE_Cl4_503.txt	2	0,00954	16	0,19721	14	2,76098
504	IDOL_MINNIE_Cl4_504.txt	2	0,00769	16	0,19651	14	2,75113
505	IDOL_MINNIE_Cl4_505.txt	7	0,00899	16	0,19729	9	1,77562
506	IDOL_MINNIE_Cl4_506.txt	3	0,01116	16	0,19618	13	2,55036
507	IDOL_MINNIE_Cl4_507.txt	3	0,01522	16	0,19796	13	2,57343
508	IDOL_MINNIE_Cl4_508.txt	3	0,01009	16	0,20879	13	2,71431
509	IDOL_MINNIE_Cl4_509.txt	11	0,0065	16	0,20879	5	1,04397
510	IDOL_MINNIE_Cl4_510.txt	20	0,0068	16	0,23265	4	0,93059
511	IDOL_MINNIE_Cl4_511.txt	20	0,00926	16	0,26711	4	1,06843
512	IDOL_MINNIE_Cl4_512.txt	23	0,01495	17	0,30489	6	1,82937
513	IDOL_MINNIE_Cl4_513.txt	23	0,00871	17	0,23761	6	1,42569
514	IDOL_MINNIE_Cl4_514.txt	23	0,00717	17	0,18505	6	1,1103
515	IDOL_MINNIE_Cl4_515.txt	23	0,00413	17	0,10781	6	0,64688
516	IDOL_MINNIE_Cl4_516.txt	7	0,00688	17	0,03042	10	0,30423
517	IDOL_MINNIE_Cl4_517.txt	7	0,00585	17	0,04483	10	0,4483
518	IDOL_MINNIE_Cl4_518.txt	7	0,00739	17	0,0869	10	0,86905
519	IDOL_MINNIE_Cl4_519.txt	23	0,00762	17	0,11989	6	0,71933
520	IDOL_MINNIE_Cl4_520.txt	23	0,00638	17	0,13905	6	0,8343
521	IDOL_MINNIE_Cl4_521.txt	23	0,00857	17	0,14565	6	0,8739
522	IDOL_MINNIE_Cl4_522.txt	23	0,00821	17	0,15162	6	0,90975
523	IDOL_MINNIE_Cl4_523.txt	23	0,00891	17	0,1524	6	0,91443
524	IDOL_MINNIE_Cl4_524.txt	23	0,00723	17	0,15366	6	0,92195
525	IDOL_MINNIE_Cl4_525.txt	22	0,00658	17	0,15366	5	0,76829
526	IDOL_MINNIE_Cl4_526.txt	20	0,00615	17	0,1517	3	0,45509
527	IDOL_MINNIE_Cl4_527.txt	11	0,00424	17	0,15789	6	0,94732
528	IDOL_MINNIE_Cl4_528.txt	11	0,00473	17	0,16458	6	0,98751
529	IDOL_MINNIE_Cl4_529.txt	11	0,01178	17	0,19279	6	1,15672
530	IDOL_MINNIE_Cl4_530.txt	11	0,01071	17	0,23092	6	1,3855
531	IDOL_MINNIE_Cl4_531.txt	3	0,01364	17	0,28667	14	4,0134
532	IDOL_MINNIE_Cl4_532.txt	3	0,00822	17	0,34668	14	4,85352
533	IDOL_MINNIE_Cl4_533.txt	3	0,00741	15	0,39724	12	4,76689
534	IDOL_MINNIE_Cl4_534.txt	3	0,00709	15	0,34883	12	4,18594
535	IDOL_MINNIE_Cl4_535.txt	19	0,00666	15	0,31249	4	1,24997
536	IDOL_MINNIE_Cl4_536.txt	19	0,00579	15	0,28268	4	1,13074
537	IDOL_MINNIE_Cl4_537.txt	7	0,00581	15	0,27722	8	2,2178
538	IDOL_MINNIE_Cl4_538.txt	7	0,00923	15	0,2808	8	2,24641
539	IDOL_MINNIE_Cl4_539.txt	19	0,00712	15	0,29452	4	1,17808
540	IDOL_MINNIE_Cl4_540.txt	7	0,01073	15	0,33355	8	2,66837
541	IDOL_MINNIE_Cl4_541.txt	9	0,00589	15	0,33355	6	2,00128
542	IDOL_MINNIE_Cl4_542.txt	3	0,00777	15	0,39308	12	4,71701
543	IDOL_MINNIE_Cl4_543.txt	3	0,00695	15	0,45586	12	5,47037
544	IDOL_MINNIE_Cl4_544.txt	20	0,00714	15	0,5205	5	2,60249
545	IDOL_MINNIE_Cl4_545.txt	20	0,00718	14	0,47731	6	2,86388
546	IDOL_MINNIE_Cl4_546.txt	27	0,00778	14	0,36929	13	4,80072
547	IDOL_MINNIE_Cl4_547.txt	25	0,0097	14	0,278	11	3,05797
548	IDOL_MINNIE_Cl4_548.txt	25	0,0063	14	0,19881	11	2,18689
549	IDOL_MINNIE_Cl4_549.txt	25	0,00524	14	0,15972	11	1,75693
550	IDOL_MINNIE_Cl4_550.txt	25	0,00991	14	0,18638	11	2,05018
551	IDOL_MINNIE_Cl4_551.txt	25	0,00249	18	0,25593	7	1,79148
552	IDOL_MINNIE_Cl4_552.txt	25	0,00688	18	0,14805	7	1,03636
553	IDOL_MINNIE_Cl4_553.txt	25	0,00318	18	0,06257	7	0,43799
554	IDOL_MINNIE_Cl4_554.txt	25	0,00273	18	0,10361	7	0,72526
555	IDOL_MINNIE_Cl4_555.txt	25	0,00456	18	0,20356	7	1,42492
556	IDOL_MINNIE_Cl4_556.txt	25	0,00283	18	0,31511	7	2,20578
557	IDOL_MINNIE_Cl4_557.txt	3	0,00937	18	0,31511	15	4,72667
558	IDOL_MINNIE_Cl4_558.txt	25	0,00257	18	0,4215	7	2,95047
559	IDOL_MINNIE_Cl4_559.txt	25	0,0043	13	0,48406	12	5,8087
560	IDOL_MINNIE_Cl4_560.txt	25	0,00671	13	0,38469	12	4,61628
561	IDOL_MINNIE_Cl4_561.txt	25	0,00583	13	0,28105	12	3,37259
562	IDOL_MINNIE_Cl4_562.txt	25	0,00356	13	0,21955	12	2,63459
563	IDOL_MINNIE_Cl4_563.txt	17	0,00371	13	0,15935	4	0,63739
564	IDOL_MINNIE_Cl4_564.txt	25	0,00575	13	0,17262	12	2,07138
565	IDOL_MINNIE_Cl4_565.txt	17	0,00302	13	0,24882	4	0,99527
566	IDOL_MINNIE_Cl4_566.txt	25	0,00308	13	0,33962	12	4,07549
567	IDOL_MINNIE_Cl4_567.txt	25	0,0024	13	0,43514	12	5,22165
568	IDOL_MINNIE_Cl4_568.txt	25	0,00351	13	0,50715	12	6,08574
569	IDOL_MINNIE_Cl4_569.txt	27	0,00503	13	0,59622	14	8,34713
570	IDOL_MINNIE_Cl4_570.txt	27	0,00613	13	0,67279	14	9,41908
571	IDOL_MINNIE_Cl4_571.txt	3	0,00751	19	0,65206	16	10,43299
572	IDOL_MINNIE_Cl4_572.txt	3	0,00784	19	0,54339	16	8,69425
573	IDOL_MINNIE_Cl4_573.txt	3	0,00729	19	0,54339	16	8,69425
574	IDOL_MINNIE_Cl4_574.txt	19	0,0097	19	0,44479	0	0
575	IDOL_MINNIE_Cl4_575.txt	7	0,00612	19	0,33796	12	4,0555
576	IDOL_MINNIE_Cl4_576.txt	19	0,00682	19	0,22479	0	0
577	IDOL_MINNIE_Cl4_577.txt	19	0,00587	19	0,09126	0	0
578	IDOL_MINNIE_Cl4_578.txt	3	0,00795	19	0,04026	16	0,6442
579	IDOL_MINNIE_Cl4_579.txt	3	0,00696	19	0,12346	16	1,97538
580	IDOL_MINNIE_Cl4_580.txt	3	0,00358	20	0,20087	17	3,41487
581	IDOL_MINNIE_Cl4_581.txt	17	0,00295	20	0,14657	3	0,4397
582	IDOL_MINNIE_Cl4_582.txt	27	0,00455	20	0,14441	7	1,01087
583	IDOL_MINNIE_Cl4_583.txt	12	0,00536	20	0,18977	8	1,51818
584	IDOL_MINNIE_Cl4_584.txt	4	0,00407	20	0,26158	16	4,18532
585	IDOL_MINNIE_Cl4_585.txt	4	0,00277	20	0,32129	16	5,14072
586	IDOL_MINNIE_Cl4_586.txt	10	0,00136	20	0,41217	10	4,12168
587	IDOL_MINNIE_Cl4_587.txt	10	0,00363	20	0,51289	10	5,1289
588	IDOL_MINNIE_Cl4_588.txt	12	0,00158	20	0,62191	8	4,97532
589	IDOL_MINNIE_Cl4_589.txt	10	0,00218	20	0,62191	10	6,21914
590	IDOL_MINNIE_Cl4_590.txt	12	0,00363	20	0,73972	8	5,91779
591	IDOL_MINNIE_Cl4_591.txt	12	0,00179	20	0,84495	8	6,75956
592	IDOL_MINNIE_Cl4_592.txt	10	0,00192	20	0,95667	10	9,56666
593	IDOL_MINNIE_Cl4_593.txt	4	0,00526	20	1,04746	16	16,75932
594	IDOL_MINNIE_Cl4_594.txt	27	0,0049	20	1,13448	7	7,94137
595	IDOL_MINNIE_Cl4_595.txt	27	0,00546	20	1,20828	7	8,45794
596	IDOL_MINNIE_Cl4_596.txt	25	0,00609	20	1,26003	5	6,30014
597	IDOL_MINNIE_Cl4_597.txt	25	0,00639	20	1,29597	5	6,47987
598	IDOL_MINNIE_Cl4_598.txt	3	0,01213	20	1,32995	17	22,60912
599	IDOL_MINNIE_Cl4_599.txt	3	0,00705	20	1,34478	17	22,86131
600	IDOL_MINNIE_Cl4_600.txt	3	0,00677	20	1,34943	17	22,94039
601	IDOL_MINNIE_Cl4_601.txt	3	0,00865	20	1,36094	17	23,13597
602	IDOL_MINNIE_Cl4_602.txt	3	0,0061	20	1,36029	17	23,12486
603	IDOL_MINNIE_Cl4_603.txt	3	0,00551	20	1,36539	17	23,21163
604	IDOL_MINNIE_Cl4_604.txt	3	0,0139	20	1,37082	17	23,30397
605	IDOL_MINNIE_Cl4_605.txt	3	0,00945	20	1,37082	17	23,30397
606	IDOL_MINNIE_Cl4_606.txt	25	0,00456	20	1,37473	5	6,87366
607	IDOL_MINNIE_Cl4_607.txt	27	0,00389	20	1,37949	7	9,65641
608	IDOL_MINNIE_Cl4_608.txt	11	0,00681	20	1,37551	9	12,3796
609	IDOL_MINNIE_Cl4_609.txt	4	0,00431	20	1,36961	16	21,91375
610	IDOL_MINNIE_Cl4_610.txt	11	0,00523	20	1,35725	9	12,21527
611	IDOL_MINNIE_Cl4_611.txt	11	0,00718	20	1,34578	9	12,11205
612	IDOL_MINNIE_Cl4_612.txt	11	0,00293	20	1,3439	9	12,09508
613	IDOL_MINNIE_Cl4_613.txt	3	0,01127	20	1,34643	17	22,88924
614	IDOL_MINNIE_Cl4_614.txt	3	0,00897	20	1,35149	17	22,97533
615	IDOL_MINNIE_Cl4_615.txt	2	0,00972	20	1,35549	18	24,3989
616	IDOL_MINNIE_Cl4_616.txt	8	0,01126	20	1,3681	12	16,41722
617	IDOL_MINNIE_Cl4_617.txt	9	0,00507	20	1,37989	11	15,1788
618	IDOL_MINNIE_Cl4_618.txt	2	0,00817	20	1,36906	18	24,64317
619	IDOL_MINNIE_Cl4_619.txt	2	0,01107	20	1,3551	18	24,39176
620	IDOL_MINNIE_Cl4_620.txt	2	0,01291	20	1,33928	18	24,10711
621	IDOL_MINNIE_Cl4_621.txt	2	0,01644	20	1,33928	18	24,10711
622	IDOL_MINNIE_Cl4_622.txt	2	0,01324	20	1,3286	18	23,91487
623	IDOL_MINNIE_Cl4_623.txt	2	0,01058	20	1,30856	18	23,55408
624	IDOL_MINNIE_Cl4_624.txt	19	0,00874	20	1,28506	1	1,28506
625	IDOL_MINNIE_Cl4_625.txt	2	0,01128	20	1,26256	18	22,72613
626	IDOL_MINNIE_Cl4_626.txt	2	0,00882	20	1,23255	18	22,18587
627	IDOL_MINNIE_Cl4_627.txt	2	0,0097	20	1,20188	18	21,63386
628	IDOL_MINNIE_Cl4_628.txt	19	0,00594	20	1,16566	1	1,16566
629	IDOL_MINNIE_Cl4_629.txt	3	0,00532	20	1,118	17	19,00605
630	IDOL_MINNIE_Cl4_630.txt	3	0,00657	20	1,07177	17	18,22017
631	IDOL_MINNIE_Cl4_631.txt	3	0,00467	20	1,026	17	17,44208
632	IDOL_MINNIE_Cl4_632.txt	9	0,00483	20	0,96371	11	10,60076
633	IDOL_MINNIE_Cl4_633.txt	3	0,00543	20	0,91933	17	15,62866
634	IDOL_MINNIE_Cl4_634.txt	3	0,00505	20	0,87872	17	14,93831
635	IDOL_MINNIE_Cl4_635.txt	3	0,00463	20	0,84951	17	14,44161
636	IDOL_MINNIE_Cl4_636.txt	9	0,00641	20	0,82544	11	9,07984
637	IDOL_MINNIE_Cl4_637.txt	22	0,00646	20	0,79644	2	1,59288
638	IDOL_MINNIE_Cl4_638.txt	20	0,00593	20	0,75607	0	0
639	IDOL_MINNIE_Cl4_639.txt	11	0,00516	20	0,75607	9	6,80459
640	IDOL_MINNIE_Cl4_640.txt	21	0,00466	20	0,73157	1	0,73157
641	IDOL_MINNIE_Cl4_641.txt	20	0,00337	20	0,6678	0	0
642	IDOL_MINNIE_Cl4_642.txt	20	0,00441	20	0,59444	0	0
643	IDOL_MINNIE_Cl4_643.txt	19	0,00535	20	0,50909	1	0,50909
644	IDOL_MINNIE_Cl4_644.txt	25	0,00406	20	0,42078	5	2,1039
645	IDOL_MINNIE_Cl4_645.txt	25	0,00528	20	0,31973	5	1,59864
646	IDOL_MINNIE_Cl4_646.txt	25	0,00322	20	0,2131	5	1,06549
647	IDOL_MINNIE_Cl4_647.txt	3	0,00414	20	0,13001	17	2,21016
648	IDOL_MINNIE_Cl4_648.txt	3	0,00292	20	0,11711	17	1,99089
649	IDOL_MINNIE_Cl4_649.txt	3	0,00602	20	0,17836	17	3,03217
650	IDOL_MINNIE_Cl4_650.txt	20	0,00446	19	0,1781	1	0,1781
651	IDOL_MINNIE_Cl4_651.txt	20	0,00557	19	0,11397	1	0,11397
652	IDOL_MINNIE_Cl4_652.txt	20	0,0041	19	0,11391	1	0,11391
653	IDOL_MINNIE_Cl4_653.txt	20	0,00441	19	0,17807	1	0,17807
654	IDOL_MINNIE_Cl4_654.txt	4	0,0046	19	0,29283	15	4,39251
655	IDOL_MINNIE_Cl4_655.txt	4	0,00395	19	0,39128	15	5,86923
656	IDOL_MINNIE_Cl4_656.txt	4	0,00478	19	0,39128	15	5,86923
657	IDOL_MINNIE_Cl4_657.txt	11	0,00698	19	0,51441	8	4,11527
658	IDOL_MINNIE_Cl4_658.txt	20	0,00452	19	0,63772	1	0,63772
659	IDOL_MINNIE_Cl4_659.txt	11	0,00695	19	0,73845	8	5,90763
660	IDOL_MINNIE_Cl4_660.txt	11	0,00349	19	0,84391	8	6,75128
661	IDOL_MINNIE_Cl4_661.txt	11	0,00401	13	0,93724	2	1,87447
662	IDOL_MINNIE_Cl4_662.txt	3	0,00484	13	0,95349	10	9,53495
663	IDOL_MINNIE_Cl4_663.txt	21	0,00468	13	0,9835	8	7,86803
664	IDOL_MINNIE_Cl4_664.txt	20	0,00379	13	1,02464	7	7,1725
665	IDOL_MINNIE_Cl4_665.txt	3	0,0059	13	1,05317	10	10,53168
666	IDOL_MINNIE_Cl4_666.txt	20	0,00567	13	1,10937	7	7,76559
667	IDOL_MINNIE_Cl4_667.txt	3	0,00394	13	1,17055	10	11,7055
668	IDOL_MINNIE_Cl4_668.txt	20	0,00712	13	1,2398	7	8,67858
669	IDOL_MINNIE_Cl4_669.txt	20	0,00591	12	1,16952	8	9,35613
670	IDOL_MINNIE_Cl4_670.txt	20	0,00751	12	1,08851	8	8,7081
671	IDOL_MINNIE_Cl4_671.txt	21	0,00622	12	1,00504	9	9,04537
672	IDOL_MINNIE_Cl4_672.txt	20	0,0048	12	1,00504	8	8,04033
673	IDOL_MINNIE_Cl4_673.txt	20	0,00553	12	0,92932	8	7,43455
674	IDOL_MINNIE_Cl4_674.txt	20	0,00385	12	0,85441	8	6,83526
675	IDOL_MINNIE_Cl4_675.txt	11	0,00808	12	0,74879	1	0,74879
676	IDOL_MINNIE_Cl4_676.txt	21	0,00679	12	0,67809	9	6,10283
677	IDOL_MINNIE_Cl4_677.txt	11	0,00931	12	0,59996	1	0,59996
678	IDOL_MINNIE_Cl4_678.txt	11	0,00765	12	0,55148	1	0,55148
679	IDOL_MINNIE_Cl4_679.txt	21	0,00639	12	0,53377	9	4,80391
680	IDOL_MINNIE_Cl4_680.txt	11	0,00854	12	0,53609	1	0,53609
681	IDOL_MINNIE_Cl4_681.txt	4	0,00341	12	0,56018	8	4,4814
682	IDOL_MINNIE_Cl4_682.txt	4	0,00597	12	0,62394	8	4,99156
683	IDOL_MINNIE_Cl4_683.txt	21	0,00757	12	0,6789	9	6,1101
684	IDOL_MINNIE_Cl4_684.txt	11	0,00667	12	0,74605	1	0,74605
685	IDOL_MINNIE_Cl4_685.txt	11	0,00819	12	0,82602	1	0,82602
686	IDOL_MINNIE_Cl4_686.txt	4	0,00373	12	0,91321	8	7,30571
687	IDOL_MINNIE_Cl4_687.txt	11	0,00795	12	0,99153	1	0,99153
688	IDOL_MINNIE_Cl4_688.txt	4	0,00283	12	1,08174	8	8,65391
689	IDOL_MINNIE_Cl4_689.txt	4	0,00516	12	1,08174	8	8,65391
690	IDOL_MINNIE_Cl4_690.txt	12	0,00404	12	1,16548	0	0
691	IDOL_MINNIE_Cl4_691.txt	4	0,0054	12	1,26119	8	10,08955
692	IDOL_MINNIE_Cl4_692.txt	4	0,00577	11	1,3128	7	9,18962
693	IDOL_MINNIE_Cl4_693.txt	4	0,00494	11	1,21805	7	8,52636
694	IDOL_MINNIE_Cl4_694.txt	4	0,00674	11	1,11259	7	7,78813
695	IDOL_MINNIE_Cl4_695.txt	4	0,00378	11	1,00917	7	7,06422
696	IDOL_MINNIE_Cl4_696.txt	12	0,00422	11	0,90411	1	0,90411
697	IDOL_MINNIE_Cl4_697.txt	4	0,00358	11	0,80422	7	5,62956
698	IDOL_MINNIE_Cl4_698.txt	20	0,00662	11	0,69032	9	6,21289
699	IDOL_MINNIE_Cl4_699.txt	4	0,00558	11	0,58961	7	4,12728
700	IDOL_MINNIE_Cl4_700.txt	4	0,00399	11	0,48838	7	3,41869
701	IDOL_MINNIE_Cl4_701.txt	20	0,00683	11	0,35628	9	3,20656
702	IDOL_MINNIE_Cl4_702.txt	4	0,00414	11	0,25833	7	1,80829
703	IDOL_MINNIE_Cl4_703.txt	21	0,00728	11	0,1729	10	1,72898
704	IDOL_MINNIE_Cl4_704.txt	4	0,00343	11	0,1729	7	1,21028
705	IDOL_MINNIE_Cl4_705.txt	11	0,0094	11	0,10982	0	0
706	IDOL_MINNIE_Cl4_706.txt	4	0,01358	11	0,13135	7	0,91948
707	IDOL_MINNIE_Cl4_707.txt	9	0,01932	11	0,2154	2	0,43079
708	IDOL_MINNIE_Cl4_708.txt	9	0,01422	10	0,19393	1	0,19393
709	IDOL_MINNIE_Cl4_709.txt	9	0,01606	10	0,16426	1	0,16426
710	IDOL_MINNIE_Cl4_710.txt	11	0,00806	21	0,12386	10	1,2386
711	IDOL_MINNIE_Cl4_711.txt	21	0,00494	21	0,1397	0	0
712	IDOL_MINNIE_Cl4_712.txt	4	0,00316	21	0,20666	17	3,51314
713	IDOL_MINNIE_Cl4_713.txt	4	0,00456	21	0,31388	17	5,33595
714	IDOL_MINNIE_Cl4_714.txt	21	0,00537	21	0,40709	0	0
715	IDOL_MINNIE_Cl4_715.txt	11	0,00761	21	0,50464	10	5,04636
716	IDOL_MINNIE_Cl4_716.txt	21	0,00403	21	0,60125	0	0
717	IDOL_MINNIE_Cl4_717.txt	4	0,00438	21	0,69957	17	11,89268
718	IDOL_MINNIE_Cl4_718.txt	20	0,00401	9	0,75875	11	8,34623
719	IDOL_MINNIE_Cl4_719.txt	11	0,00477	9	0,76732	2	1,53463
720	IDOL_MINNIE_Cl4_720.txt	21	0,00505	9	0,76732	12	9,20779
721	IDOL_MINNIE_Cl4_721.txt	12	0,00252	9	0,78562	3	2,35686
722	IDOL_MINNIE_Cl4_722.txt	4	0,00425	9	0,81249	5	4,06244
723	IDOL_MINNIE_Cl4_723.txt	12	0,00244	9	0,8474	3	2,54219
724	IDOL_MINNIE_Cl4_724.txt	11	0,0073	9	0,88357	2	1,76714
725	IDOL_MINNIE_Cl4_725.txt	4	0,00377	9	0,93111	5	4,65553
726	IDOL_MINNIE_Cl4_726.txt	21	0,00503	9	0,98852	12	11,86223
727	IDOL_MINNIE_Cl4_727.txt	4	0,00392	9	1,06068	5	5,30339
728	IDOL_MINNIE_Cl4_728.txt	4	0,00392	9	1,13351	5	5,66757
729	IDOL_MINNIE_Cl4_729.txt	27	0,00196	9	1,21584	18	21,88514
730	IDOL_MINNIE_Cl4_730.txt	4	0,00425	9	1,30009	5	6,50047
731	IDOL_MINNIE_Cl4_731.txt	11	0,00244	9	1,3817	2	2,76341
732	IDOL_MINNIE_Cl4_732.txt	27	0,00121	9	1,47705	18	26,58692
733	IDOL_MINNIE_Cl4_733.txt	27	0,00494	9	1,56216	18	28,11886
734	IDOL_MINNIE_Cl4_734.txt	27	0,00356	9	1,65749	18	29,83489
735	IDOL_MINNIE_Cl4_735.txt	27	0,00184	4	1,5615	23	35,9144
736	IDOL_MINNIE_Cl4_736.txt	11	0,00385	4	1,5615	7	10,93047
737	IDOL_MINNIE_Cl4_737.txt	12	0,00263	4	1,45361	8	11,6289
738	IDOL_MINNIE_Cl4_738.txt	11	0,0063	4	1,31382	7	9,19676
739	IDOL_MINNIE_Cl4_739.txt	4	0,00373	4	1,20724	0	0
740	IDOL_MINNIE_Cl4_740.txt	11	0,0036	4	1,12372	7	7,86604
741	IDOL_MINNIE_Cl4_741.txt	21	0,00403	4	1,0335	17	17,56958
742	IDOL_MINNIE_Cl4_742.txt	3	0,0065	4	0,95497	1	0,95497
743	IDOL_MINNIE_Cl4_743.txt	18	0,00415	4	0,87807	14	12,29293
744	IDOL_MINNIE_Cl4_744.txt	3	0,00585	26	0,79949	23	18,38816
745	IDOL_MINNIE_Cl4_745.txt	3	0,00403	26	0,68741	23	15,81045
746	IDOL_MINNIE_Cl4_746.txt	18	0,00525	26	0,59514	8	4,76116
747	IDOL_MINNIE_Cl4_747.txt	26	0,0036	26	0,53702	0	0
748	IDOL_MINNIE_Cl4_748.txt	22	0,00371	26	0,47073	4	1,88292
749	IDOL_MINNIE_Cl4_749.txt	22	0,00369	26	0,43891	4	1,75563
750	IDOL_MINNIE_Cl4_750.txt	22	0,00416	26	0,44376	4	1,77502
751	IDOL_MINNIE_Cl4_751.txt	22	0,00537	26	0,49143	4	1,96573
752	IDOL_MINNIE_Cl4_752.txt	22	0,00346	26	0,49143	4	1,96573
753	IDOL_MINNIE_Cl4_753.txt	22	0,00527	26	0,5669	4	2,26759
754	IDOL_MINNIE_Cl4_754.txt	22	0,00631	22	0,5699	0	0
755	IDOL_MINNIE_Cl4_755.txt	22	0,00777	22	0,46498	0	0
756	IDOL_MINNIE_Cl4_756.txt	22	0,00888	22	0,36769	0	0
757	IDOL_MINNIE_Cl4_757.txt	22	0,00464	22	0,27225	0	0
758	IDOL_MINNIE_Cl4_758.txt	22	0,00395	22	0,17261	0	0
759	IDOL_MINNIE_Cl4_759.txt	22	0,00352	22	0,08636	0	0
760	IDOL_MINNIE_Cl4_760.txt	22	0,00402	22	0,08876	0	0
761	IDOL_MINNIE_Cl4_761.txt	22	0,0037	22	0,17368	0	0
762	IDOL_MINNIE_Cl4_762.txt	22	0,00311	22	0,2729	0	0
763	IDOL_MINNIE_Cl4_763.txt	22	0,00317	22	0,37648	0	0
764	IDOL_MINNIE_Cl4_764.txt	22	0,00347	22	0,48304	0	0
765	IDOL_MINNIE_Cl4_765.txt	22	0,0032	25	0,55759	3	1,67277
766	IDOL_MINNIE_Cl4_766.txt	22	0,00311	25	0,44215	3	1,32645
767	IDOL_MINNIE_Cl4_767.txt	22	0,00439	25	0,34263	3	1,0279
768	IDOL_MINNIE_Cl4_768.txt	22	0,00587	25	0,34263	3	1,0279
769	IDOL_MINNIE_Cl4_769.txt	23	0,00342	25	0,25246	2	0,50492
770	IDOL_MINNIE_Cl4_770.txt	8	0,00456	25	0,15195	17	2,58312
771	IDOL_MINNIE_Cl4_771.txt	8	0,00457	25	0,07411	17	1,25981
772	IDOL_MINNIE_Cl4_772.txt	23	0,00404	25	0,09186	2	0,18372
773	IDOL_MINNIE_Cl4_773.txt	23	0,00599	25	0,19596	2	0,39192
774	IDOL_MINNIE_Cl4_774.txt	22	0,00357	25	0,28527	3	0,8558
775	IDOL_MINNIE_Cl4_775.txt	22	0,00371	25	0,35912	3	1,07735
776	IDOL_MINNIE_Cl4_776.txt	23	0,00556	25	0,47132	2	0,94265
777	IDOL_MINNIE_Cl4_777.txt	23	0,00386	25	0,56993	2	1,13987
778	IDOL_MINNIE_Cl4_778.txt	23	0,00329	25	0,67264	2	1,34528
779	IDOL_MINNIE_Cl4_779.txt	23	0,0037	25	0,77477	2	1,54955
780	IDOL_MINNIE_Cl4_780.txt	5	0,01595	25	0,87033	20	17,40661
781	IDOL_MINNIE_Cl4_781.txt	16	0,0063	25	0,96604	9	8,6944
782	IDOL_MINNIE_Cl4_782.txt	5	0,02041	25	1,06113	20	21,22252
783	IDOL_MINNIE_Cl4_783.txt	23	0,00909	25	1,15839	2	2,31678
784	IDOL_MINNIE_Cl4_784.txt	23	0,01401	25	1,15839	2	2,31678
785	IDOL_MINNIE_Cl4_785.txt	23	0,00877	25	1,24891	2	2,49782
786	IDOL_MINNIE_Cl4_786.txt	6	0,00581	23	1,2535	17	21,30947
787	IDOL_MINNIE_Cl4_787.txt	23	0,00607	23	1,17203	0	0
788	IDOL_MINNIE_Cl4_788.txt	23	0,00517	23	1,09614	0	0
789	IDOL_MINNIE_Cl4_789.txt	23	0,00743	23	1,01606	0	0
790	IDOL_MINNIE_Cl4_790.txt	23	0,00461	23	0,94408	0	0
791	IDOL_MINNIE_Cl4_791.txt	23	0,00878	23	0,86434	0	0
792	IDOL_MINNIE_Cl4_792.txt	23	0,00952	23	0,78113	0	0
793	IDOL_MINNIE_Cl4_793.txt	23	0,00442	23	0,69757	0	0
794	IDOL_MINNIE_Cl4_794.txt	23	0,00487	23	0,6128	0	0
795	IDOL_MINNIE_Cl4_795.txt	23	0,00417	23	0,52527	0	0
796	IDOL_MINNIE_Cl4_796.txt	23	0,00417	23	0,45135	0	0
797	IDOL_MINNIE_Cl4_797.txt	23	0,00352	23	0,38315	0	0
798	IDOL_MINNIE_Cl4_798.txt	23	0,00361	23	0,32195	0	0
799	IDOL_MINNIE_Cl4_799.txt	23	0,0059	23	0,27509	0	0
800	IDOL_MINNIE_Cl4_800.txt	23	0,00531	23	0,27509	0	0
801	IDOL_MINNIE_Cl4_801.txt	23	0,00631	23	0,23516	0	0
802	IDOL_MINNIE_Cl4_802.txt	23	0,00639	23	0,20212	0	0
803	IDOL_MINNIE_Cl4_803.txt	23	0,00533	23	0,21972	0	0
804	IDOL_MINNIE_Cl4_804.txt	23	0,00537	23	0,20044	0	0
805	IDOL_MINNIE_Cl4_805.txt	23	0,00713	23	0,16353	0	0
806	IDOL_MINNIE_Cl4_806.txt	8	0,00846	23	0,12568	15	1,88526
807	IDOL_MINNIE_Cl4_807.txt	8	0,00573	23	0,09664	15	1,44962
808	IDOL_MINNIE_Cl4_808.txt	23	0,00783	23	0,03161	0	0
809	IDOL_MINNIE_Cl4_809.txt	23	0,00705	23	0,11255	0	0
810	IDOL_MINNIE_Cl4_810.txt	22	0,00474	23	0,19582	1	0,19582
811	IDOL_MINNIE_Cl4_811.txt	22	0,00343	23	0,29392	1	0,29392
812	IDOL_MINNIE_Cl4_812.txt	22	0,00394	23	0,39377	1	0,39377
813	IDOL_MINNIE_Cl4_813.txt	22	0,00437	23	0,49768	1	0,49768
814	IDOL_MINNIE_Cl4_814.txt	23	0,00438	23	0,6091	0	0
815	IDOL_MINNIE_Cl4_815.txt	23	0,00542	23	0,71387	0	0
816	IDOL_MINNIE_Cl4_816.txt	23	0,005	23	0,80375	0	0
817	IDOL_MINNIE_Cl4_817.txt	23	0,0043	23	0,88893	0	0
818	IDOL_MINNIE_Cl4_818.txt	23	0,00407	23	0,88893	0	0
819	IDOL_MINNIE_Cl4_819.txt	23	0,00266	23	0,9675	0	0
820	IDOL_MINNIE_Cl4_820.txt	23	0,00273	23	1,02299	0	0
821	IDOL_MINNIE_Cl4_821.txt	23	0,00298	23	1,06248	0	0
822	IDOL_MINNIE_Cl4_822.txt	23	0,00382	23	1,08878	0	0
823	IDOL_MINNIE_Cl4_823.txt	23	0,00421	23	1,10755	0	0
824	IDOL_MINNIE_Cl4_824.txt	23	0,00544	23	1,12088	0	0
825	IDOL_MINNIE_Cl4_825.txt	23	0,00694	23	1,12877	0	0
826	IDOL_MINNIE_Cl4_826.txt	23	0,00309	24	1,11727	1	1,11727
827	IDOL_MINNIE_Cl4_827.txt	23	0,00331	23	1,05427	0	0
828	IDOL_MINNIE_Cl4_828.txt	2	0,004	23	1,06253	21	22,31316
829	IDOL_MINNIE_Cl4_829.txt	6	0,00444	23	1,06249	17	18,06239
830	IDOL_MINNIE_Cl4_830.txt	23	0,00484	24	1,0454	1	1,0454
831	IDOL_MINNIE_Cl4_831.txt	23	0,00383	24	1,03033	1	1,03033
832	IDOL_MINNIE_Cl4_832.txt	23	0,00467	24	1,01194	1	1,01194
833	IDOL_MINNIE_Cl4_833.txt	23	0,00647	24	1,01194	1	1,01194
834	IDOL_MINNIE_Cl4_834.txt	23	0,00416	24	0,98141	1	0,98141
835	IDOL_MINNIE_Cl4_835.txt	22	0,00345	24	0,94391	2	1,88783
836	IDOL_MINNIE_Cl4_836.txt	22	0,00358	24	0,88469	2	1,76939
837	IDOL_MINNIE_Cl4_837.txt	22	0,00461	24	0,83416	2	1,66832
838	IDOL_MINNIE_Cl4_838.txt	22	0,00453	24	0,75451	2	1,50901
839	IDOL_MINNIE_Cl4_839.txt	22	0,00425	24	0,6537	2	1,3074
840	IDOL_MINNIE_Cl4_840.txt	22	0,00592	24	0,55939	2	1,11878
841	IDOL_MINNIE_Cl4_841.txt	24	0,00551	24	0,44813	0	0
842	IDOL_MINNIE_Cl4_842.txt	24	0,01376	24	0,33929	0	0
843	IDOL_MINNIE_Cl4_843.txt	24	0,00771	24	0,23779	0	0
844	IDOL_MINNIE_Cl4_844.txt	2	0,00766	24	0,13693	22	3,01246
845	IDOL_MINNIE_Cl4_845.txt	22	0,00894	24	0,07762	2	0,15523
846	IDOL_MINNIE_Cl4_846.txt	22	0,01436	24	0,12716	2	0,25432
847	IDOL_MINNIE_Cl4_847.txt	22	0,00421	24	0,21857	2	0,43713
848	IDOL_MINNIE_Cl4_848.txt	22	0,01021	24	0,34491	2	0,68981
849	IDOL_MINNIE_Cl4_849.txt	26	0,01103	24	0,34276	2	0,68551
850	IDOL_MINNIE_Cl4_850.txt	26	0,00629	24	0,35651	2	0,71301
851	IDOL_MINNIE_Cl4_851.txt	22	0,01188	24	0,35637	2	0,71274
852	IDOL_MINNIE_Cl4_852.txt	22	0,00728	24	0,35637	2	0,71274
853	IDOL_MINNIE_Cl4_853.txt	22	0,01102	24	0,35393	2	0,70786
854	IDOL_MINNIE_Cl4_854.txt	22	0,00984	24	0,34258	2	0,68516
855	IDOL_MINNIE_Cl4_855.txt	26	0,00975	24	0,31853	2	0,63707
856	IDOL_MINNIE_Cl4_856.txt	26	0,01014	24	0,29611	2	0,59223
857	IDOL_MINNIE_Cl4_857.txt	26	0,0109	24	0,29269	2	0,58538
858	IDOL_MINNIE_Cl4_858.txt	26	0,01133	24	0,29247	2	0,58494
859	IDOL_MINNIE_Cl4_859.txt	26	0,00887	24	0,29105	2	0,5821
860	IDOL_MINNIE_Cl4_860.txt	26	0,01157	24	0,28549	2	0,57099
861	IDOL_MINNIE_Cl4_861.txt	24	0,00827	24	0,27741	0	0
862	IDOL_MINNIE_Cl4_862.txt	2	0,00879	24	0,26896	22	5,91702
863	IDOL_MINNIE_Cl4_863.txt	24	0,00615	24	0,26235	0	0
864	IDOL_MINNIE_Cl4_864.txt	24	0,00415	24	0,25947	0	0
865	IDOL_MINNIE_Cl4_865.txt	24	0,00478	24	0,25921	0	0
866	IDOL_MINNIE_Cl4_866.txt	24	0,00433	24	0,2634	0	0
867	IDOL_MINNIE_Cl4_867.txt	24	0,00759	24	0,27751	0	0
868	IDOL_MINNIE_Cl4_868.txt	24	0,00682	24	0,30403	0	0
869	IDOL_MINNIE_Cl4_869.txt	24	0,00697	24	0,34632	0	0
870	IDOL_MINNIE_Cl4_870.txt	24	0,00444	24	0,34632	0	0
871	IDOL_MINNIE_Cl4_871.txt	24	0,00556	24	0,39462	0	0
872	IDOL_MINNIE_Cl4_872.txt	24	0,00427	24	0,46545	0	0
873	IDOL_MINNIE_Cl4_873.txt	24	0,00505	24	0,54861	0	0
874	IDOL_MINNIE_Cl4_874.txt	26	0,00489	24	0,64726	2	1,29451
875	IDOL_MINNIE_Cl4_875.txt	2	0,00518	24	0,7564	22	16,6407
876	IDOL_MINNIE_Cl4_876.txt	2	0,00401	24	0,84362	22	18,55973
877	IDOL_MINNIE_Cl4_877.txt	2	0,00406	24	0,9117	22	20,05739
878	IDOL_MINNIE_Cl4_878.txt	2	0,00592	24	0,9775	22	21,50509
879	IDOL_MINNIE_Cl4_879.txt	23	0,00523	24	1,02063	1	1,02063
880	IDOL_MINNIE_Cl4_880.txt	2	0,00375	24	1,04816	22	23,05955
881	IDOL_MINNIE_Cl4_881.txt	2	0,0035	24	1,06487	22	23,4271
882	IDOL_MINNIE_Cl4_882.txt	2	0,00554	24	1,07847	22	23,72635
883	IDOL_MINNIE_Cl4_883.txt	2	0,00832	24	1,06623	22	23,45703
884	IDOL_MINNIE_Cl4_884.txt	2	0,00454	24	1,08362	22	23,8397
885	IDOL_MINNIE_Cl4_885.txt	2	0,00656	24	1,11859	22	24,6089
886	IDOL_MINNIE_Cl4_886.txt	22	0,00435	24	1,16187	2	2,32375
887	IDOL_MINNIE_Cl4_887.txt	11	0,00782	24	1,21196	13	15,75546
888	IDOL_MINNIE_Cl4_888.txt	22	0,01258	24	1,27256	2	2,54511
889	IDOL_MINNIE_Cl4_889.txt	22	0,01274	24	1,35944	2	2,71889
890	IDOL_MINNIE_Cl4_890.txt	22	0,00705	24	1,41987	2	2,83974
891	IDOL_MINNIE_Cl4_891.txt	22	0,00552	25	1,41934	3	4,25803
892	IDOL_MINNIE_Cl4_892.txt	22	0,00636	25	1,41934	3	4,25803
893	IDOL_MINNIE_Cl4_893.txt	22	0,00541	25	1,30928	3	3,92783
894	IDOL_MINNIE_Cl4_894.txt	22	0,00384	25	1,2047	3	3,6141
895	IDOL_MINNIE_Cl4_895.txt	3	0,00451	25	1,09925	22	24,18351
896	IDOL_MINNIE_Cl4_896.txt	26	0,00622	25	0,9955	1	0,9955
897	IDOL_MINNIE_Cl4_897.txt	18	0,00227	25	0,89766	7	6,28362
898	IDOL_MINNIE_Cl4_898.txt	17	0,00169	25	0,78567	8	6,28537
899	IDOL_MINNIE_Cl4_899.txt	17	0,0025	25	0,67966	8	5,43731
900	IDOL_MINNIE_Cl4_900.txt	17	0,00204	25	0,57251	8	4,58009
901	IDOL_MINNIE_Cl4_901.txt	17	0,00252	25	0,46145	8	3,6916
902	IDOL_MINNIE_Cl4_902.txt	17	0,00318	25	0,35825	8	2,86603
903	IDOL_MINNIE_Cl4_903.txt	17	0,00207	25	0,25283	8	2,02265
904	IDOL_MINNIE_Cl4_904.txt	17	0,00339	25	0,15037	8	1,20297
905	IDOL_MINNIE_Cl4_905.txt	17	0,00285	25	0,07302	8	0,58419
906	IDOL_MINNIE_Cl4_906.txt	17	0,00294	25	0,10165	8	0,8132
907	IDOL_MINNIE_Cl4_907.txt	18	0,0024	25	0,19424	7	1,35965
908	IDOL_MINNIE_Cl4_908.txt	17	0,00254	25	0,19424	8	1,55388
909	IDOL_MINNIE_Cl4_909.txt	17	0,00263	25	0,29914	8	2,3931
910	IDOL_MINNIE_Cl4_910.txt	25	0,00289	25	0,40006	0	0
911	IDOL_MINNIE_Cl4_911.txt	17	0,00293	25	0,50979	8	4,07829
912	IDOL_MINNIE_Cl4_912.txt	18	0,00145	22	0,53359	4	2,13438
913	IDOL_MINNIE_Cl4_913.txt	18	0,00193	22	0,43656	4	1,74623
914	IDOL_MINNIE_Cl4_914.txt	18	0,00258	22	0,33784	4	1,35134
915	IDOL_MINNIE_Cl4_915.txt	17	0,0023	22	0,25695	5	1,28476
916	IDOL_MINNIE_Cl4_916.txt	17	0,00313	22	0,18523	5	0,92614
917	IDOL_MINNIE_Cl4_917.txt	17	0,0016	22	0,1578	5	0,78902
918	IDOL_MINNIE_Cl4_918.txt	17	0,00286	22	0,19872	5	0,99362
919	IDOL_MINNIE_Cl4_919.txt	17	0,00332	22	0,27396	5	1,36979
920	IDOL_MINNIE_Cl4_920.txt	17	0,00338	22	0,37166	5	1,85831
921	IDOL_MINNIE_Cl4_921.txt	17	0,00245	22	0,46378	5	2,31891
922	IDOL_MINNIE_Cl4_922.txt	17	0,00293	22	0,56008	5	2,80039
923	IDOL_MINNIE_Cl4_923.txt	27	0,00515	26	0,62338	1	0,62338
924	IDOL_MINNIE_Cl4_924.txt	18	0,00208	26	0,57594	8	4,6075
925	IDOL_MINNIE_Cl4_925.txt	0	0,00594	26	0,51048	26	13,2725
926	IDOL_MINNIE_Cl4_926.txt	27	0,0059	26	0,51048	1	0,51048
927	IDOL_MINNIE_Cl4_927.txt	4	0,00512	26	0,44458	22	9,78072
928	IDOL_MINNIE_Cl4_928.txt	26	0,00527	26	0,38541	0	0
929	IDOL_MINNIE_Cl4_929.txt	26	0,00451	26	0,33803	0	0
930	IDOL_MINNIE_Cl4_930.txt	26	0,00438	26	0,30629	0	0
931	IDOL_MINNIE_Cl4_931.txt	26	0,00363	26	0,2981	0	0
932	IDOL_MINNIE_Cl4_932.txt	19	0,00533	26	0,32769	7	2,29382
933	IDOL_MINNIE_Cl4_933.txt	26	0,00475	26	0,37113	0	0
934	IDOL_MINNIE_Cl4_934.txt	26	0,00441	4	0,31853	22	7,00767
935	IDOL_MINNIE_Cl4_935.txt	0	0,00595	4	0,25751	4	1,03003
936	IDOL_MINNIE_Cl4_936.txt	3	0,00467	4	0,2581	1	0,2581
937	IDOL_MINNIE_Cl4_937.txt	18	0,00503	4	0,30814	14	4,31393
938	IDOL_MINNIE_Cl4_938.txt	3	0,00563	4	0,39931	1	0,39931
939	IDOL_MINNIE_Cl4_939.txt	3	0,00549	4	0,49457	1	0,49457
940	IDOL_MINNIE_Cl4_940.txt	11	0,01287	4	0,58685	7	4,10793
941	IDOL_MINNIE_Cl4_941.txt	27	0,00375	4	0,69155	23	15,90554
942	IDOL_MINNIE_Cl4_942.txt	11	0,00659	4	0,78598	7	5,50185
943	IDOL_MINNIE_Cl4_943.txt	21	0,00364	4	0,90053	17	15,30907
944	IDOL_MINNIE_Cl4_944.txt	21	0,00603	4	0,90053	17	15,30907
945	IDOL_MINNIE_Cl4_945.txt	21	0,00396	4	1,00635	17	17,10801
946	IDOL_MINNIE_Cl4_946.txt	4	0,00563	4	1,11105	0	0
947	IDOL_MINNIE_Cl4_947.txt	11	0,00667	27	1,13987	16	18,23792
948	IDOL_MINNIE_Cl4_948.txt	21	0,00507	27	1,03657	6	6,2194
949	IDOL_MINNIE_Cl4_949.txt	27	0,00255	27	0,92771	0	0
950	IDOL_MINNIE_Cl4_950.txt	21	0,00428	27	0,81786	6	4,90718
951	IDOL_MINNIE_Cl4_951.txt	21	0,0049	27	0,70183	6	4,211
952	IDOL_MINNIE_Cl4_952.txt	11	0,00498	27	0,59573	16	9,53171
953	IDOL_MINNIE_Cl4_953.txt	11	0,00421	27	0,49231	16	7,87703
954	IDOL_MINNIE_Cl4_954.txt	11	0,00364	27	0,40007	16	6,40112
955	IDOL_MINNIE_Cl4_955.txt	21	0,00344	27	0,30111	6	1,80666
956	IDOL_MINNIE_Cl4_956.txt	11	0,00343	27	0,19458	16	3,11334
957	IDOL_MINNIE_Cl4_957.txt	4	0,00594	27	0,10962	23	2,52128
958	IDOL_MINNIE_Cl4_958.txt	11	0,00755	27	0,09856	16	1,57688
959	IDOL_MINNIE_Cl4_959.txt	11	0,00623	27	0,17211	16	2,75379
960	IDOL_MINNIE_Cl4_960.txt	21	0,00389	27	0,27771	6	1,66625
961	IDOL_MINNIE_Cl4_961.txt	11	0,00459	27	0,27771	16	4,44333
962	IDOL_MINNIE_Cl4_962.txt	27	0,00265	27	0,4016	0	0
963	IDOL_MINNIE_Cl4_963.txt	11	0,00473	27	0,49399	16	7,90388
964	IDOL_MINNIE_Cl4_964.txt	21	0,00301	27	0,60321	6	3,61927
965	IDOL_MINNIE_Cl4_965.txt	21	0,00395	27	0,70345	6	4,2207
966	IDOL_MINNIE_Cl4_966.txt	11	0,00316	27	0,80653	16	12,9044
967	IDOL_MINNIE_Cl4_967.txt	21	0,00243	27	0,92939	6	5,57636
968	IDOL_MINNIE_Cl4_968.txt	21	0,00368	27	1,03957	6	6,23742
969	IDOL_MINNIE_Cl4_969.txt	27	0,00548	27	1,15004	0	0
970	IDOL_MINNIE_Cl4_970.txt	11	0,00229	3	1,19012	8	9,52098
971	IDOL_MINNIE_Cl4_971.txt	12	0,00518	3	1,09648	9	9,86833
972	IDOL_MINNIE_Cl4_972.txt	12	0,00255	3	1,01583	9	9,14245
973	IDOL_MINNIE_Cl4_973.txt	12	0,00386	3	0,9559	9	8,60306
974	IDOL_MINNIE_Cl4_974.txt	27	0,00643	3	0,90028	24	21,6067
975	IDOL_MINNIE_Cl4_975.txt	12	0,00275	3	0,86947	9	7,82519
