#	ImageName	Similar Node	Distance	Near Node	Distance	Transitions	Evaluation
1	IDOL_MINNIE_Ni2_1.txt	0	0,0047	3	0,28938	3	0,86814
2	IDOL_MINNIE_Ni2_2.txt	0	0,00657	3	0,26325	3	0,78975
3	IDOL_MINNIE_Ni2_3.txt	0	0,00507	3	0,2422	3	0,72661
4	IDOL_MINNIE_Ni2_4.txt	0	0,00427	3	0,21689	3	0,65067
5	IDOL_MINNIE_Ni2_5.txt	1	0,00821	3	0,17323	2	0,34645
6	IDOL_MINNIE_Ni2_6.txt	0	0,00571	3	0,13023	3	0,39069
7	IDOL_MINNIE_Ni2_7.txt	0	0,00574	3	0,10713	3	0,3214
8	IDOL_MINNIE_Ni2_8.txt	1	0,00809	3	0,08784	2	0,17568
9	IDOL_MINNIE_Ni2_9.txt	0	0,00406	3	0,06808	3	0,20423
10	IDOL_MINNIE_Ni2_10.txt	0	0,00522	3	0,06194	3	0,18581
11	IDOL_MINNIE_Ni2_11.txt	1	0,00832	3	0,08762	2	0,17525
12	IDOL_MINNIE_Ni2_12.txt	0	0,0044	3	0,18673	3	0,56019
13	IDOL_MINNIE_Ni2_13.txt	0	0,00619	3	0,18673	3	0,56019
14	IDOL_MINNIE_Ni2_14.txt	0	0,00452	3	0,23217	3	0,6965
15	IDOL_MINNIE_Ni2_15.txt	0	0,0046	3	0,30655	3	0,91964
16	IDOL_MINNIE_Ni2_16.txt	0	0,0078	3	0,37086	3	1,11258
17	IDOL_MINNIE_Ni2_17.txt	0	0,00659	3	0,44492	3	1,33477
18	IDOL_MINNIE_Ni2_18.txt	0	0,00593	0	0,43835	0	0
19	IDOL_MINNIE_Ni2_19.txt	0	0,00458	0	0,38145	0	0
20	IDOL_MINNIE_Ni2_20.txt	0	0,00518	0	0,30357	0	0
21	IDOL_MINNIE_Ni2_21.txt	1	0,0098	0	0,24034	1	0,24034
22	IDOL_MINNIE_Ni2_22.txt	1	0,00912	0	0,17129	1	0,17129
23	IDOL_MINNIE_Ni2_23.txt	0	0,00847	0	0,12147	0	0
24	IDOL_MINNIE_Ni2_24.txt	0	0,00854	0	0,09064	0	0
25	IDOL_MINNIE_Ni2_25.txt	0	0,00526	0	0,11396	0	0
26	IDOL_MINNIE_Ni2_26.txt	1	0,00966	0	0,17308	1	0,17308
27	IDOL_MINNIE_Ni2_27.txt	1	0,00827	0	0,25991	1	0,25991
28	IDOL_MINNIE_Ni2_28.txt	1	0,00773	0	0,34205	1	0,34205
29	IDOL_MINNIE_Ni2_29.txt	1	0,01003	0	0,34205	1	0,34205
30	IDOL_MINNIE_Ni2_30.txt	1	0,00604	0	0,4121	1	0,4121
31	IDOL_MINNIE_Ni2_31.txt	1	0,00618	0	0,49337	1	0,49337
32	IDOL_MINNIE_Ni2_32.txt	1	0,00653	0	0,57685	1	0,57685
33	IDOL_MINNIE_Ni2_33.txt	1	0,0063	0	0,65659	1	0,65659
34	IDOL_MINNIE_Ni2_34.txt	1	0,00927	0	0,74851	1	0,74851
35	IDOL_MINNIE_Ni2_35.txt	1	0,00857	0	0,82472	1	0,82472
36	IDOL_MINNIE_Ni2_36.txt	1	0,00632	0	0,9066	1	0,9066
37	IDOL_MINNIE_Ni2_37.txt	1	0,00779	0	1,01443	1	1,01443
38	IDOL_MINNIE_Ni2_38.txt	1	0,0058	0	1,09546	1	1,09546
39	IDOL_MINNIE_Ni2_39.txt	1	0,00633	0	1,18049	1	1,18049
40	IDOL_MINNIE_Ni2_40.txt	1	0,00632	0	1,2778	1	1,2778
41	IDOL_MINNIE_Ni2_41.txt	1	0,00582	1	1,27356	0	0
42	IDOL_MINNIE_Ni2_42.txt	1	0,00605	1	1,16114	0	0
43	IDOL_MINNIE_Ni2_43.txt	1	0,00501	1	1,08616	0	0
44	IDOL_MINNIE_Ni2_44.txt	1	0,0052	1	1,01568	0	0
45	IDOL_MINNIE_Ni2_45.txt	1	0,00527	1	1,01568	0	0
46	IDOL_MINNIE_Ni2_46.txt	1	0,00503	1	0,90706	0	0
47	IDOL_MINNIE_Ni2_47.txt	1	0,00532	1	0,85701	0	0
48	IDOL_MINNIE_Ni2_48.txt	24	0,00626	1	0,77324	23	17,78456
49	IDOL_MINNIE_Ni2_49.txt	24	0,00649	1	0,64057	23	14,73303
50	IDOL_MINNIE_Ni2_50.txt	0	0,0059	1	0,54214	1	0,54214
51	IDOL_MINNIE_Ni2_51.txt	24	0,00646	1	0,47067	23	10,82532
52	IDOL_MINNIE_Ni2_52.txt	0	0,00657	1	0,38361	1	0,38361
53	IDOL_MINNIE_Ni2_53.txt	24	0,00692	1	0,32657	23	7,51119
54	IDOL_MINNIE_Ni2_54.txt	0	0,00543	1	0,26254	1	0,26254
55	IDOL_MINNIE_Ni2_55.txt	0	0,00394	1	0,17099	1	0,17099
56	IDOL_MINNIE_Ni2_56.txt	1	0,00602	1	0,12962	0	0
57	IDOL_MINNIE_Ni2_57.txt	0	0,00395	1	0,12971	1	0,12971
58	IDOL_MINNIE_Ni2_58.txt	0	0,00482	1	0,15458	1	0,15458
59	IDOL_MINNIE_Ni2_59.txt	0	0,00613	1	0,19639	1	0,19639
60	IDOL_MINNIE_Ni2_60.txt	1	0,00596	1	0,24675	0	0
61	IDOL_MINNIE_Ni2_61.txt	26	0,0058	1	0,24675	25	6,16884
62	IDOL_MINNIE_Ni2_62.txt	26	0,00564	1	0,32501	25	8,1253
63	IDOL_MINNIE_Ni2_63.txt	26	0,00979	1	0,38263	25	9,56575
64	IDOL_MINNIE_Ni2_64.txt	0	0,00582	1	0,43269	1	0,43269
65	IDOL_MINNIE_Ni2_65.txt	26	0,00749	1	0,51452	25	12,86303
66	IDOL_MINNIE_Ni2_66.txt	26	0,00555	1	0,5463	25	13,65756
67	IDOL_MINNIE_Ni2_67.txt	2	0,0071	1	0,53229	1	0,53229
68	IDOL_MINNIE_Ni2_68.txt	26	0,0087	1	0,60608	25	15,15209
69	IDOL_MINNIE_Ni2_69.txt	19	0,00428	1	0,65559	18	11,80056
70	IDOL_MINNIE_Ni2_70.txt	19	0,00709	1	0,70298	18	12,65363
71	IDOL_MINNIE_Ni2_71.txt	19	0,01096	1	0,78812	18	14,18608
72	IDOL_MINNIE_Ni2_72.txt	19	0,00985	1	0,84097	18	15,13748
73	IDOL_MINNIE_Ni2_73.txt	19	0,00544	1	0,90125	18	16,22254
74	IDOL_MINNIE_Ni2_74.txt	2	0,00779	1	0,93945	1	0,93945
75	IDOL_MINNIE_Ni2_75.txt	2	0,00619	1	0,98503	1	0,98503
76	IDOL_MINNIE_Ni2_76.txt	2	0,00445	1	1,01814	1	1,01814
77	IDOL_MINNIE_Ni2_77.txt	2	0,00437	1	1,0584	1	1,0584
78	IDOL_MINNIE_Ni2_78.txt	2	0,00347	1	1,0584	1	1,0584
79	IDOL_MINNIE_Ni2_79.txt	13	0,00605	1	1,10286	12	13,23428
80	IDOL_MINNIE_Ni2_80.txt	2	0,00608	1	1,17075	1	1,17075
81	IDOL_MINNIE_Ni2_81.txt	2	0,00591	1	1,22492	1	1,22492
82	IDOL_MINNIE_Ni2_82.txt	2	0,0061	2	1,23789	0	0
83	IDOL_MINNIE_Ni2_83.txt	2	0,00556	2	1,21159	0	0
84	IDOL_MINNIE_Ni2_84.txt	23	0,00488	2	1,17938	21	24,76703
85	IDOL_MINNIE_Ni2_85.txt	23	0,00496	2	1,14395	21	24,02287
86	IDOL_MINNIE_Ni2_86.txt	2	0,00689	2	1,15032	0	0
87	IDOL_MINNIE_Ni2_87.txt	2	0,00611	2	1,1133	0	0
88	IDOL_MINNIE_Ni2_88.txt	2	0,0083	2	1,07288	0	0
89	IDOL_MINNIE_Ni2_89.txt	2	0,00713	2	1,03835	0	0
90	IDOL_MINNIE_Ni2_90.txt	2	0,00635	2	0,98805	0	0
91	IDOL_MINNIE_Ni2_91.txt	2	0,00673	2	0,93526	0	0
92	IDOL_MINNIE_Ni2_92.txt	2	0,00653	2	0,88986	0	0
93	IDOL_MINNIE_Ni2_93.txt	2	0,01331	2	0,8578	0	0
94	IDOL_MINNIE_Ni2_94.txt	24	0,00998	2	0,8578	22	18,87167
95	IDOL_MINNIE_Ni2_95.txt	24	0,01027	2	0,8158	22	17,94755
96	IDOL_MINNIE_Ni2_96.txt	2	0,00786	2	0,77111	0	0
97	IDOL_MINNIE_Ni2_97.txt	2	0,00773	2	0,73615	0	0
98	IDOL_MINNIE_Ni2_98.txt	2	0,00356	2	0,6547	0	0
99	IDOL_MINNIE_Ni2_99.txt	2	0,00762	2	0,58662	0	0
100	IDOL_MINNIE_Ni2_100.txt	2	0,00725	2	0,46576	0	0
101	IDOL_MINNIE_Ni2_101.txt	2	0,00797	2	0,42221	0	0
102	IDOL_MINNIE_Ni2_102.txt	2	0,00503	2	0,3723	0	0
103	IDOL_MINNIE_Ni2_103.txt	2	0,00578	2	0,219	0	0
104	IDOL_MINNIE_Ni2_104.txt	2	0,00435	2	0,13259	0	0
105	IDOL_MINNIE_Ni2_105.txt	2	0,00508	2	0,07163	0	0
106	IDOL_MINNIE_Ni2_106.txt	2	0,00537	2	0,13041	0	0
107	IDOL_MINNIE_Ni2_107.txt	2	0,00383	2	0,21526	0	0
108	IDOL_MINNIE_Ni2_108.txt	2	0,00479	2	0,31156	0	0
109	IDOL_MINNIE_Ni2_109.txt	2	0,00386	2	0,39987	0	0
110	IDOL_MINNIE_Ni2_110.txt	2	0,0049	2	0,39987	0	0
111	IDOL_MINNIE_Ni2_111.txt	2	0,00565	2	0,49508	0	0
112	IDOL_MINNIE_Ni2_112.txt	13	0,00405	2	0,61564	11	6,77209
113	IDOL_MINNIE_Ni2_113.txt	2	0,00646	2	0,69327	0	0
114	IDOL_MINNIE_Ni2_114.txt	2	0,00282	2	0,76167	0	0
115	IDOL_MINNIE_Ni2_115.txt	2	0,00433	2	0,8751	0	0
116	IDOL_MINNIE_Ni2_116.txt	2	0,00406	2	0,94739	0	0
117	IDOL_MINNIE_Ni2_117.txt	2	0,00274	2	1,03758	0	0
118	IDOL_MINNIE_Ni2_118.txt	13	0,00801	2	1,12805	11	12,40855
119	IDOL_MINNIE_Ni2_119.txt	2	0,00417	2	1,25549	0	0
120	IDOL_MINNIE_Ni2_120.txt	13	0,006	2	1,33964	11	14,73603
121	IDOL_MINNIE_Ni2_121.txt	13	0,00657	2	1,42435	11	15,6678
122	IDOL_MINNIE_Ni2_122.txt	13	0,00635	2	1,48138	11	16,29516
123	IDOL_MINNIE_Ni2_123.txt	2	0,00452	2	1,56131	0	0
124	IDOL_MINNIE_Ni2_124.txt	13	0,00736	2	1,63771	11	18,01484
125	IDOL_MINNIE_Ni2_125.txt	14	0,00534	0	1,64882	14	23,08343
126	IDOL_MINNIE_Ni2_126.txt	14	0,00514	0	1,64882	14	23,08343
127	IDOL_MINNIE_Ni2_127.txt	14	0,00511	0	1,62231	14	22,71229
128	IDOL_MINNIE_Ni2_128.txt	14	0,00395	0	1,59767	14	22,36732
129	IDOL_MINNIE_Ni2_129.txt	2	0,00407	0	1,55134	2	3,10267
130	IDOL_MINNIE_Ni2_130.txt	22	0,00477	0	1,51392	22	33,30616
131	IDOL_MINNIE_Ni2_131.txt	2	0,00446	0	1,45951	2	2,91902
132	IDOL_MINNIE_Ni2_132.txt	2	0,00563	0	1,4223	2	2,8446
133	IDOL_MINNIE_Ni2_133.txt	19	0,00557	0	1,38308	19	26,27844
134	IDOL_MINNIE_Ni2_134.txt	3	0,00483	0	1,34239	3	4,02718
135	IDOL_MINNIE_Ni2_135.txt	18	0,00507	0	1,29841	18	23,37131
136	IDOL_MINNIE_Ni2_136.txt	17	0,00227	0	1,24515	17	21,16754
137	IDOL_MINNIE_Ni2_137.txt	0	0,00559	0	1,17722	0	0
138	IDOL_MINNIE_Ni2_138.txt	3	0,00842	0	1,11072	3	3,33217
139	IDOL_MINNIE_Ni2_139.txt	25	0,00302	0	1,04539	25	26,13478
140	IDOL_MINNIE_Ni2_140.txt	17	0,00306	0	0,98795	17	16,79518
141	IDOL_MINNIE_Ni2_141.txt	17	0,00269	0	0,94174	17	16,00957
142	IDOL_MINNIE_Ni2_142.txt	25	0,00274	0	0,94174	25	23,54348
143	IDOL_MINNIE_Ni2_143.txt	25	0,00438	0	0,9003	25	22,5074
144	IDOL_MINNIE_Ni2_144.txt	18	0,00407	0	0,86193	18	15,51467
145	IDOL_MINNIE_Ni2_145.txt	18	0,00602	0	0,8179	18	14,72225
146	IDOL_MINNIE_Ni2_146.txt	18	0,00532	0	0,78013	18	14,04227
147	IDOL_MINNIE_Ni2_147.txt	18	0,0056	0	0,7176	18	12,91677
148	IDOL_MINNIE_Ni2_148.txt	18	0,00543	0	0,71837	18	12,93072
149	IDOL_MINNIE_Ni2_149.txt	18	0,00308	3	0,65021	15	9,75312
150	IDOL_MINNIE_Ni2_150.txt	25	0,00306	3	0,58109	22	12,78391
151	IDOL_MINNIE_Ni2_151.txt	18	0,00348	3	0,50935	15	7,6402
152	IDOL_MINNIE_Ni2_152.txt	18	0,0032	3	0,42109	15	6,31628
153	IDOL_MINNIE_Ni2_153.txt	18	0,00323	3	0,33245	15	4,98671
154	IDOL_MINNIE_Ni2_154.txt	18	0,00562	3	0,27533	15	4,12991
155	IDOL_MINNIE_Ni2_155.txt	18	0,00427	3	0,21578	15	3,2367
156	IDOL_MINNIE_Ni2_156.txt	18	0,00322	3	0,21597	15	3,23959
157	IDOL_MINNIE_Ni2_157.txt	18	0,00261	3	0,22434	15	3,36504
158	IDOL_MINNIE_Ni2_158.txt	18	0,00232	3	0,22434	15	3,36504
159	IDOL_MINNIE_Ni2_159.txt	17	0,00203	3	0,23291	14	3,26069
160	IDOL_MINNIE_Ni2_160.txt	18	0,0046	3	0,28148	15	4,22225
161	IDOL_MINNIE_Ni2_161.txt	18	0,0045	3	0,33681	15	5,05221
162	IDOL_MINNIE_Ni2_162.txt	18	0,00227	3	0,40108	15	6,01622
163	IDOL_MINNIE_Ni2_163.txt	26	0,00455	3	0,48666	23	11,1932
164	IDOL_MINNIE_Ni2_164.txt	20	0,00554	3	0,54752	17	9,30776
165	IDOL_MINNIE_Ni2_165.txt	20	0,00505	3	0,65403	17	11,1185
166	IDOL_MINNIE_Ni2_166.txt	12	0,00219	3	0,67139	9	6,04253
167	IDOL_MINNIE_Ni2_167.txt	10	0,00228	3	0,75237	7	5,26661
168	IDOL_MINNIE_Ni2_168.txt	10	0,00302	3	0,83776	7	5,86431
169	IDOL_MINNIE_Ni2_169.txt	10	0,00119	3	0,92349	7	6,46446
170	IDOL_MINNIE_Ni2_170.txt	10	0,00284	3	1,12552	7	7,87864
171	IDOL_MINNIE_Ni2_171.txt	10	0,00443	3	1,21445	7	8,50115
172	IDOL_MINNIE_Ni2_172.txt	10	0,00288	27	1,13014	17	19,21237
173	IDOL_MINNIE_Ni2_173.txt	10	0,00108	27	1,13014	17	19,21237
174	IDOL_MINNIE_Ni2_174.txt	10	0,00134	27	1,03994	17	17,67892
175	IDOL_MINNIE_Ni2_175.txt	10	0,00052	27	0,94804	17	16,11669
176	IDOL_MINNIE_Ni2_176.txt	10	0,00129	27	0,85427	17	14,52262
177	IDOL_MINNIE_Ni2_177.txt	12	0,00194	27	0,74915	15	11,2372
178	IDOL_MINNIE_Ni2_178.txt	12	0,00349	27	0,67019	15	10,05282
179	IDOL_MINNIE_Ni2_179.txt	10	0,00059	27	0,57996	17	9,85938
180	IDOL_MINNIE_Ni2_180.txt	12	0,0016	27	0,48959	15	7,34382
181	IDOL_MINNIE_Ni2_181.txt	12	0,0019	27	0,41013	15	6,15199
182	IDOL_MINNIE_Ni2_182.txt	12	0,00209	27	0,3419	15	5,12847
183	IDOL_MINNIE_Ni2_183.txt	12	0,0018	27	0,28657	15	4,29856
184	IDOL_MINNIE_Ni2_184.txt	12	0,00306	27	0,24389	15	3,65837
185	IDOL_MINNIE_Ni2_185.txt	10	0,00087	27	0,22679	17	3,85539
186	IDOL_MINNIE_Ni2_186.txt	12	0,00354	27	0,26684	15	4,00266
187	IDOL_MINNIE_Ni2_187.txt	4	0,00353	27	0,32386	23	7,44881
188	IDOL_MINNIE_Ni2_188.txt	4	0,00414	27	0,40159	23	9,23651
189	IDOL_MINNIE_Ni2_189.txt	4	0,00627	27	0,40159	23	9,23651
190	IDOL_MINNIE_Ni2_190.txt	4	0,00323	27	0,53926	23	12,40308
191	IDOL_MINNIE_Ni2_191.txt	4	0,00509	27	0,62103	23	14,28368
192	IDOL_MINNIE_Ni2_192.txt	12	0,00223	27	0,69298	15	10,39474
193	IDOL_MINNIE_Ni2_193.txt	12	0,00241	27	0,77369	15	11,60539
194	IDOL_MINNIE_Ni2_194.txt	4	0,00335	27	0,85451	23	19,65365
195	IDOL_MINNIE_Ni2_195.txt	12	0,0023	27	0,97564	15	14,63461
196	IDOL_MINNIE_Ni2_196.txt	4	0,00236	27	1,06437	23	24,48044
197	IDOL_MINNIE_Ni2_197.txt	12	0,00286	27	1,14428	15	17,16417
198	IDOL_MINNIE_Ni2_198.txt	4	0,00339	4	1,13935	0	0
199	IDOL_MINNIE_Ni2_199.txt	12	0,00259	4	1,05726	8	8,45805
200	IDOL_MINNIE_Ni2_200.txt	12	0,00298	4	0,95425	8	7,63399
201	IDOL_MINNIE_Ni2_201.txt	10	0,00262	4	0,86766	6	5,20597
202	IDOL_MINNIE_Ni2_202.txt	10	0,00216	4	0,78012	6	4,68074
203	IDOL_MINNIE_Ni2_203.txt	10	0,00191	4	0,69756	6	4,18537
204	IDOL_MINNIE_Ni2_204.txt	10	0,00177	4	0,55608	6	3,33651
205	IDOL_MINNIE_Ni2_205.txt	10	0,00255	4	0,47649	6	2,85892
206	IDOL_MINNIE_Ni2_206.txt	10	0,00122	4	0,47649	6	2,85892
207	IDOL_MINNIE_Ni2_207.txt	10	0,0016	4	0,40183	6	2,41095
208	IDOL_MINNIE_Ni2_208.txt	10	0,00139	4	0,32347	6	1,94083
209	IDOL_MINNIE_Ni2_209.txt	10	0,00207	4	0,2454	6	1,4724
210	IDOL_MINNIE_Ni2_210.txt	10	0,00311	4	0,17442	6	1,04652
211	IDOL_MINNIE_Ni2_211.txt	10	0,00259	4	0,12418	6	0,7451
212	IDOL_MINNIE_Ni2_212.txt	10	0,0029	4	0,16161	6	0,96968
213	IDOL_MINNIE_Ni2_213.txt	10	0,00329	4	0,22907	6	1,37443
214	IDOL_MINNIE_Ni2_214.txt	10	0,00251	4	0,36131	6	2,16784
215	IDOL_MINNIE_Ni2_215.txt	10	0,00206	4	0,44585	6	2,6751
216	IDOL_MINNIE_Ni2_216.txt	12	0,00418	4	0,516	8	4,12803
217	IDOL_MINNIE_Ni2_217.txt	10	0,00288	4	0,59924	6	3,59544
218	IDOL_MINNIE_Ni2_218.txt	12	0,00476	4	0,68858	8	5,50865
219	IDOL_MINNIE_Ni2_219.txt	12	0,00311	4	0,73557	8	5,88458
220	IDOL_MINNIE_Ni2_220.txt	4	0,00623	4	0,81978	0	0
221	IDOL_MINNIE_Ni2_221.txt	4	0,0034	4	0,90366	0	0
222	IDOL_MINNIE_Ni2_222.txt	20	0,00439	4	0,90366	16	14,4585
223	IDOL_MINNIE_Ni2_223.txt	4	0,00357	4	0,98861	0	0
224	IDOL_MINNIE_Ni2_224.txt	4	0,00356	4	1,07173	0	0
225	IDOL_MINNIE_Ni2_225.txt	4	0,00476	26	1,28329	22	28,23247
226	IDOL_MINNIE_Ni2_226.txt	4	0,00567	26	1,38176	22	30,39862
227	IDOL_MINNIE_Ni2_227.txt	4	0,00508	26	1,48179	22	32,59934
228	IDOL_MINNIE_Ni2_228.txt	4	0,00506	26	1,57	22	34,53991
229	IDOL_MINNIE_Ni2_229.txt	4	0,00588	26	1,65481	22	36,40571
230	IDOL_MINNIE_Ni2_230.txt	20	0,00963	9	1,70387	11	18,7426
231	IDOL_MINNIE_Ni2_231.txt	4	0,00672	9	1,62885	5	8,14425
232	IDOL_MINNIE_Ni2_232.txt	4	0,00797	9	1,5337	5	7,66852
233	IDOL_MINNIE_Ni2_233.txt	4	0,00962	9	1,45727	5	7,28636
234	IDOL_MINNIE_Ni2_234.txt	4	0,0046	9	1,37628	5	6,88138
235	IDOL_MINNIE_Ni2_235.txt	4	0,00329	9	1,29993	5	6,49967
236	IDOL_MINNIE_Ni2_236.txt	12	0,00706	9	1,21926	3	3,65778
237	IDOL_MINNIE_Ni2_237.txt	12	0,0033	9	1,15564	3	3,46693
238	IDOL_MINNIE_Ni2_238.txt	10	0,00368	9	1,15564	1	1,15564
239	IDOL_MINNIE_Ni2_239.txt	12	0,00366	9	1,0925	3	3,27751
240	IDOL_MINNIE_Ni2_240.txt	12	0,0022	9	1,0361	3	3,10831
241	IDOL_MINNIE_Ni2_241.txt	10	0,00214	9	0,96348	1	0,96348
242	IDOL_MINNIE_Ni2_242.txt	12	0,00232	9	0,90642	3	2,71927
243	IDOL_MINNIE_Ni2_243.txt	12	0,00312	9	0,8656	3	2,59679
244	IDOL_MINNIE_Ni2_244.txt	4	0,00616	9	0,81525	5	4,07624
245	IDOL_MINNIE_Ni2_245.txt	4	0,00592	9	0,78253	5	3,91267
246	IDOL_MINNIE_Ni2_246.txt	4	0,00827	9	0,75579	5	3,77893
247	IDOL_MINNIE_Ni2_247.txt	21	0,00479	9	0,72211	12	8,66529
248	IDOL_MINNIE_Ni2_248.txt	11	0,00526	9	0,68174	2	1,36348
249	IDOL_MINNIE_Ni2_249.txt	26	0,00488	9	0,64402	17	10,94831
250	IDOL_MINNIE_Ni2_250.txt	26	0,00253	9	0,62256	17	10,58352
251	IDOL_MINNIE_Ni2_251.txt	26	0,00462	9	0,59272	17	10,0763
252	IDOL_MINNIE_Ni2_252.txt	19	0,00504	9	0,57167	10	5,7167
253	IDOL_MINNIE_Ni2_253.txt	3	0,00451	9	0,55533	6	3,33197
254	IDOL_MINNIE_Ni2_254.txt	26	0,00445	9	0,55533	17	9,44059
255	IDOL_MINNIE_Ni2_255.txt	2	0,00774	9	0,54521	7	3,8165
256	IDOL_MINNIE_Ni2_256.txt	2	0,00491	9	0,52085	7	3,64596
257	IDOL_MINNIE_Ni2_257.txt	2	0,00451	9	0,50325	7	3,52275
258	IDOL_MINNIE_Ni2_258.txt	22	0,00376	9	0,46753	13	6,07792
259	IDOL_MINNIE_Ni2_259.txt	5	0,00676	9	0,40158	4	1,60632
260	IDOL_MINNIE_Ni2_260.txt	14	0,00699	9	0,34171	5	1,70856
261	IDOL_MINNIE_Ni2_261.txt	14	0,00934	9	0,2702	5	1,35099
262	IDOL_MINNIE_Ni2_262.txt	5	0,00672	9	0,2124	4	0,84958
263	IDOL_MINNIE_Ni2_263.txt	5	0,00708	9	0,17632	4	0,70528
264	IDOL_MINNIE_Ni2_264.txt	23	0,01089	9	0,12086	14	1,692
265	IDOL_MINNIE_Ni2_265.txt	14	0,00599	9	0,07151	5	0,35756
266	IDOL_MINNIE_Ni2_266.txt	14	0,00655	9	0,02851	5	0,14257
267	IDOL_MINNIE_Ni2_267.txt	8	0,00749	9	0,09399	1	0,09399
268	IDOL_MINNIE_Ni2_268.txt	8	0,00725	9	0,18187	1	0,18187
269	IDOL_MINNIE_Ni2_269.txt	8	0,00753	9	0,30219	1	0,30219
270	IDOL_MINNIE_Ni2_270.txt	8	0,00587	9	0,38851	1	0,38851
271	IDOL_MINNIE_Ni2_271.txt	6	0,00855	9	0,38851	3	1,16553
272	IDOL_MINNIE_Ni2_272.txt	8	0,00745	9	0,45594	1	0,45594
273	IDOL_MINNIE_Ni2_273.txt	6	0,01167	9	0,52198	3	1,56594
274	IDOL_MINNIE_Ni2_274.txt	6	0,0079	5	0,48078	1	0,48078
275	IDOL_MINNIE_Ni2_275.txt	22	0,00902	5	0,42235	17	7,1799
276	IDOL_MINNIE_Ni2_276.txt	6	0,00872	5	0,35728	1	0,35728
277	IDOL_MINNIE_Ni2_277.txt	14	0,00635	5	0,26104	9	2,34937
278	IDOL_MINNIE_Ni2_278.txt	5	0,00358	5	0,22094	0	0
279	IDOL_MINNIE_Ni2_279.txt	5	0,00362	5	0,19583	0	0
280	IDOL_MINNIE_Ni2_280.txt	5	0,00388	5	0,18803	0	0
281	IDOL_MINNIE_Ni2_281.txt	14	0,00357	5	0,21174	9	1,90564
282	IDOL_MINNIE_Ni2_282.txt	5	0,00392	5	0,2609	0	0
283	IDOL_MINNIE_Ni2_283.txt	5	0,00658	5	0,32177	0	0
284	IDOL_MINNIE_Ni2_284.txt	5	0,0041	5	0,3747	0	0
285	IDOL_MINNIE_Ni2_285.txt	13	0,00631	5	0,43374	8	3,46989
286	IDOL_MINNIE_Ni2_286.txt	13	0,00641	5	0,46467	8	3,71733
287	IDOL_MINNIE_Ni2_287.txt	2	0,00476	5	0,46467	3	1,394
288	IDOL_MINNIE_Ni2_288.txt	8	0,00426	5	0,46356	3	1,39068
289	IDOL_MINNIE_Ni2_289.txt	8	0,00416	5	0,47327	3	1,41982
290	IDOL_MINNIE_Ni2_290.txt	8	0,00354	5	0,50075	3	1,50224
291	IDOL_MINNIE_Ni2_291.txt	8	0,00398	5	0,52349	3	1,57047
292	IDOL_MINNIE_Ni2_292.txt	2	0,00497	5	0,5493	3	1,64789
293	IDOL_MINNIE_Ni2_293.txt	23	0,00873	5	0,58898	18	10,60164
294	IDOL_MINNIE_Ni2_294.txt	23	0,00707	5	0,60993	18	10,9788
295	IDOL_MINNIE_Ni2_295.txt	23	0,01091	5	0,64201	18	11,5561
296	IDOL_MINNIE_Ni2_296.txt	23	0,0119	5	0,66372	18	11,94698
297	IDOL_MINNIE_Ni2_297.txt	23	0,01003	5	0,68818	18	12,38718
298	IDOL_MINNIE_Ni2_298.txt	23	0,00948	5	0,69734	18	12,55203
299	IDOL_MINNIE_Ni2_299.txt	23	0,0117	5	0,72473	18	13,0451
300	IDOL_MINNIE_Ni2_300.txt	23	0,00956	5	0,7491	18	13,48378
301	IDOL_MINNIE_Ni2_301.txt	23	0,00863	5	0,78685	18	14,16336
302	IDOL_MINNIE_Ni2_302.txt	13	0,00894	5	0,85337	8	6,827
303	IDOL_MINNIE_Ni2_303.txt	23	0,01066	5	0,88828	18	15,98905
304	IDOL_MINNIE_Ni2_304.txt	23	0,00871	5	0,88828	18	15,98905
305	IDOL_MINNIE_Ni2_305.txt	5	0,00448	5	0,92734	0	0
306	IDOL_MINNIE_Ni2_306.txt	5	0,00803	5	0,9598	0	0
307	IDOL_MINNIE_Ni2_307.txt	5	0,00363	5	0,99889	0	0
308	IDOL_MINNIE_Ni2_308.txt	5	0,00697	5	1,03642	0	0
309	IDOL_MINNIE_Ni2_309.txt	5	0,00819	6	1,01373	1	1,01373
310	IDOL_MINNIE_Ni2_310.txt	5	0,00314	6	0,97377	1	0,97377
311	IDOL_MINNIE_Ni2_311.txt	5	0,00441	6	0,93569	1	0,93569
312	IDOL_MINNIE_Ni2_312.txt	5	0,00483	6	0,8748	1	0,8748
313	IDOL_MINNIE_Ni2_313.txt	5	0,00293	6	0,83746	1	0,83746
314	IDOL_MINNIE_Ni2_314.txt	5	0,00434	6	0,81626	1	0,81626
315	IDOL_MINNIE_Ni2_315.txt	5	0,00621	6	0,74167	1	0,74167
316	IDOL_MINNIE_Ni2_316.txt	6	0,00757	6	0,6719	0	0
317	IDOL_MINNIE_Ni2_317.txt	14	0,00633	6	0,60677	8	4,85415
318	IDOL_MINNIE_Ni2_318.txt	6	0,00599	6	0,54065	0	0
319	IDOL_MINNIE_Ni2_319.txt	14	0,00665	6	0,50595	8	4,04764
320	IDOL_MINNIE_Ni2_320.txt	6	0,00452	6	0,50595	0	0
321	IDOL_MINNIE_Ni2_321.txt	6	0,0041	6	0,47255	0	0
322	IDOL_MINNIE_Ni2_322.txt	22	0,0041	6	0,44112	16	7,05785
323	IDOL_MINNIE_Ni2_323.txt	22	0,00461	6	0,35021	16	5,60338
324	IDOL_MINNIE_Ni2_324.txt	22	0,00484	6	0,29978	16	4,79641
325	IDOL_MINNIE_Ni2_325.txt	22	0,00506	6	0,24493	16	3,91887
326	IDOL_MINNIE_Ni2_326.txt	22	0,00483	6	0,18017	16	2,88269
327	IDOL_MINNIE_Ni2_327.txt	22	0,00868	6	0,1081	16	1,72964
328	IDOL_MINNIE_Ni2_328.txt	22	0,0087	6	0,039	16	0,62403
329	IDOL_MINNIE_Ni2_329.txt	22	0,00451	6	0,00514	16	0,08229
330	IDOL_MINNIE_Ni2_330.txt	22	0,00946	6	0,08197	16	1,31152
331	IDOL_MINNIE_Ni2_331.txt	22	0,00487	6	0,13147	16	2,10354
332	IDOL_MINNIE_Ni2_332.txt	22	0,00581	6	0,15906	16	2,54504
333	IDOL_MINNIE_Ni2_333.txt	6	0,00862	6	0,20404	0	0
334	IDOL_MINNIE_Ni2_334.txt	22	0,00711	6	0,22905	16	3,66487
335	IDOL_MINNIE_Ni2_335.txt	22	0,00713	6	0,28944	16	4,63102
336	IDOL_MINNIE_Ni2_336.txt	6	0,00645	6	0,28944	0	0
337	IDOL_MINNIE_Ni2_337.txt	6	0,00405	6	0,34148	0	0
338	IDOL_MINNIE_Ni2_338.txt	7	0,00437	6	0,42698	1	0,42698
339	IDOL_MINNIE_Ni2_339.txt	7	0,00337	8	0,45758	1	0,45758
340	IDOL_MINNIE_Ni2_340.txt	7	0,0027	8	0,36912	1	0,36912
341	IDOL_MINNIE_Ni2_341.txt	7	0,00351	8	0,2779	1	0,2779
342	IDOL_MINNIE_Ni2_342.txt	7	0,00689	8	0,19896	1	0,19896
343	IDOL_MINNIE_Ni2_343.txt	7	0,00734	8	0,13057	1	0,13057
344	IDOL_MINNIE_Ni2_344.txt	7	0,00774	8	0,04943	1	0,04943
345	IDOL_MINNIE_Ni2_345.txt	7	0,00848	8	0,05685	1	0,05685
346	IDOL_MINNIE_Ni2_346.txt	7	0,00843	8	0,12053	1	0,12053
347	IDOL_MINNIE_Ni2_347.txt	7	0,00906	8	0,19367	1	0,19367
348	IDOL_MINNIE_Ni2_348.txt	7	0,00881	8	0,25253	1	0,25253
349	IDOL_MINNIE_Ni2_349.txt	7	0,00858	8	0,31264	1	0,31264
350	IDOL_MINNIE_Ni2_350.txt	7	0,00826	8	0,38607	1	0,38607
351	IDOL_MINNIE_Ni2_351.txt	7	0,00864	8	0,38607	1	0,38607
352	IDOL_MINNIE_Ni2_352.txt	7	0,0088	8	0,44999	1	0,44999
353	IDOL_MINNIE_Ni2_353.txt	7	0,00885	7	0,39669	0	0
354	IDOL_MINNIE_Ni2_354.txt	7	0,00797	7	0,21069	0	0
355	IDOL_MINNIE_Ni2_355.txt	7	0,00824	7	0,17632	0	0
356	IDOL_MINNIE_Ni2_356.txt	7	0,00532	7	0,15217	0	0
357	IDOL_MINNIE_Ni2_357.txt	7	0,0044	7	0,13569	0	0
358	IDOL_MINNIE_Ni2_358.txt	7	0,00258	7	0,1365	0	0
359	IDOL_MINNIE_Ni2_359.txt	7	0,00277	7	0,13425	0	0
360	IDOL_MINNIE_Ni2_360.txt	22	0,00461	7	0,13578	15	2,0367
361	IDOL_MINNIE_Ni2_361.txt	22	0,00396	7	0,14213	15	2,13192
362	IDOL_MINNIE_Ni2_362.txt	2	0,00473	7	0,15535	5	0,77674
363	IDOL_MINNIE_Ni2_363.txt	2	0,01081	7	0,17226	5	0,86128
364	IDOL_MINNIE_Ni2_364.txt	2	0,01185	7	0,18996	5	0,94979
365	IDOL_MINNIE_Ni2_365.txt	6	0,00784	7	0,2099	1	0,2099
366	IDOL_MINNIE_Ni2_366.txt	13	0,0051	7	0,23023	6	1,38139
367	IDOL_MINNIE_Ni2_367.txt	6	0,0061	7	0,25171	1	0,25171
368	IDOL_MINNIE_Ni2_368.txt	23	0,00535	7	0,27376	16	4,38022
369	IDOL_MINNIE_Ni2_369.txt	22	0,00662	7	0,29546	15	4,43192
370	IDOL_MINNIE_Ni2_370.txt	23	0,00987	7	0,31644	16	5,06304
371	IDOL_MINNIE_Ni2_371.txt	22	0,00949	7	0,31644	15	4,7466
372	IDOL_MINNIE_Ni2_372.txt	22	0,00998	7	0,33715	15	5,05726
373	IDOL_MINNIE_Ni2_373.txt	23	0,00725	7	0,35646	16	5,70335
374	IDOL_MINNIE_Ni2_374.txt	6	0,01179	7	0,37474	1	0,37474
375	IDOL_MINNIE_Ni2_375.txt	6	0,00792	7	0,39542	1	0,39542
376	IDOL_MINNIE_Ni2_376.txt	6	0,00658	7	0,41329	1	0,41329
377	IDOL_MINNIE_Ni2_377.txt	6	0,00629	7	0,42868	1	0,42868
378	IDOL_MINNIE_Ni2_378.txt	14	0,00699	7	0,44283	7	3,0998
379	IDOL_MINNIE_Ni2_379.txt	6	0,0075	7	0,4574	1	0,4574
380	IDOL_MINNIE_Ni2_380.txt	6	0,00561	8	0,45216	2	0,90432
381	IDOL_MINNIE_Ni2_381.txt	6	0,0062	8	0,43297	2	0,86594
382	IDOL_MINNIE_Ni2_382.txt	6	0,00559	8	0,4157	2	0,8314
383	IDOL_MINNIE_Ni2_383.txt	6	0,00583	8	0,40515	2	0,81031
384	IDOL_MINNIE_Ni2_384.txt	6	0,00567	8	0,39477	2	0,78955
385	IDOL_MINNIE_Ni2_385.txt	6	0,00412	8	0,38675	2	0,7735
386	IDOL_MINNIE_Ni2_386.txt	23	0,00589	8	0,38335	15	5,75032
387	IDOL_MINNIE_Ni2_387.txt	23	0,00465	8	0,38335	15	5,75032
388	IDOL_MINNIE_Ni2_388.txt	7	0,00473	8	0,374	1	0,374
389	IDOL_MINNIE_Ni2_389.txt	7	0,00518	8	0,35898	1	0,35898
390	IDOL_MINNIE_Ni2_390.txt	8	0,00409	8	0,34754	0	0
391	IDOL_MINNIE_Ni2_391.txt	8	0,00341	8	0,32967	0	0
392	IDOL_MINNIE_Ni2_392.txt	8	0,00433	8	0,33904	0	0
393	IDOL_MINNIE_Ni2_393.txt	8	0,00446	8	0,3211	0	0
394	IDOL_MINNIE_Ni2_394.txt	14	0,00452	8	0,25614	6	1,53686
395	IDOL_MINNIE_Ni2_395.txt	8	0,00449	8	0,22855	0	0
396	IDOL_MINNIE_Ni2_396.txt	8	0,00457	8	0,20381	0	0
397	IDOL_MINNIE_Ni2_397.txt	8	0,00391	8	0,17276	0	0
398	IDOL_MINNIE_Ni2_398.txt	14	0,00396	8	0,18647	6	1,11879
399	IDOL_MINNIE_Ni2_399.txt	14	0,00389	8	0,1362	6	0,81718
400	IDOL_MINNIE_Ni2_400.txt	14	0,00374	8	0,09768	6	0,5861
401	IDOL_MINNIE_Ni2_401.txt	14	0,00319	8	0,06174	6	0,37044
402	IDOL_MINNIE_Ni2_402.txt	14	0,00325	8	0,06174	6	0,37044
403	IDOL_MINNIE_Ni2_403.txt	14	0,00377	8	0,00919	6	0,05516
404	IDOL_MINNIE_Ni2_404.txt	8	0,00354	8	0,06684	0	0
405	IDOL_MINNIE_Ni2_405.txt	8	0,0031	8	0,13404	0	0
406	IDOL_MINNIE_Ni2_406.txt	8	0,00302	8	0,19014	0	0
407	IDOL_MINNIE_Ni2_407.txt	23	0,00307	8	0,24132	15	3,61985
408	IDOL_MINNIE_Ni2_408.txt	23	0,00277	8	0,32637	15	4,8956
409	IDOL_MINNIE_Ni2_409.txt	23	0,00255	8	0,39438	15	5,91564
410	IDOL_MINNIE_Ni2_410.txt	23	0,00307	8	0,45567	15	6,83512
411	IDOL_MINNIE_Ni2_411.txt	23	0,00311	6	0,47153	17	8,01597
412	IDOL_MINNIE_Ni2_412.txt	23	0,00322	6	0,39005	17	6,6309
413	IDOL_MINNIE_Ni2_413.txt	23	0,00329	6	0,30459	17	5,17798
414	IDOL_MINNIE_Ni2_414.txt	23	0,00385	6	0,19567	17	3,32641
415	IDOL_MINNIE_Ni2_415.txt	9	0,00451	6	0,11902	3	0,35706
416	IDOL_MINNIE_Ni2_416.txt	9	0,00474	6	0,05971	3	0,17912
417	IDOL_MINNIE_Ni2_417.txt	9	0,00568	6	0,07429	3	0,22286
418	IDOL_MINNIE_Ni2_418.txt	9	0,00736	6	0,07429	3	0,22286
419	IDOL_MINNIE_Ni2_419.txt	8	0,00601	6	0,14924	2	0,29848
420	IDOL_MINNIE_Ni2_420.txt	19	0,00764	6	0,21271	13	2,76519
421	IDOL_MINNIE_Ni2_421.txt	19	0,00749	6	0,27066	13	3,51855
422	IDOL_MINNIE_Ni2_422.txt	3	0,0056	6	0,28966	3	0,86899
423	IDOL_MINNIE_Ni2_423.txt	3	0,00469	6	0,31072	3	0,93217
424	IDOL_MINNIE_Ni2_424.txt	19	0,00573	6	0,32602	13	4,23822
425	IDOL_MINNIE_Ni2_425.txt	8	0,00873	6	0,34558	2	0,69116
426	IDOL_MINNIE_Ni2_426.txt	8	0,00698	6	0,38446	2	0,76893
427	IDOL_MINNIE_Ni2_427.txt	3	0,01412	6	0,42123	3	1,26369
428	IDOL_MINNIE_Ni2_428.txt	9	0,0076	6	0,47895	3	1,43685
429	IDOL_MINNIE_Ni2_429.txt	9	0,00641	6	0,54288	3	1,62863
430	IDOL_MINNIE_Ni2_430.txt	9	0,01507	6	0,62531	3	1,87592
431	IDOL_MINNIE_Ni2_431.txt	9	0,01284	6	0,69799	3	2,09398
432	IDOL_MINNIE_Ni2_432.txt	9	0,01044	6	0,76917	3	2,30752
433	IDOL_MINNIE_Ni2_433.txt	9	0,00735	6	0,83909	3	2,51727
434	IDOL_MINNIE_Ni2_434.txt	9	0,00938	6	0,83909	3	2,51727
435	IDOL_MINNIE_Ni2_435.txt	9	0,00881	6	0,90444	3	2,71331
436	IDOL_MINNIE_Ni2_436.txt	9	0,00727	6	0,95681	3	2,87042
437	IDOL_MINNIE_Ni2_437.txt	9	0,0109	5	1,05327	4	4,21307
438	IDOL_MINNIE_Ni2_438.txt	9	0,01195	5	0,97688	4	3,90752
439	IDOL_MINNIE_Ni2_439.txt	9	0,0127	5	0,9155	4	3,66199
440	IDOL_MINNIE_Ni2_440.txt	9	0,01047	5	0,82651	4	3,30603
441	IDOL_MINNIE_Ni2_441.txt	3	0,01656	5	0,70388	2	1,40776
442	IDOL_MINNIE_Ni2_442.txt	3	0,01394	5	0,62188	2	1,24377
443	IDOL_MINNIE_Ni2_443.txt	9	0,00589	5	0,55358	4	2,21432
444	IDOL_MINNIE_Ni2_444.txt	9	0,0046	5	0,47971	4	1,91886
445	IDOL_MINNIE_Ni2_445.txt	9	0,0054	5	0,39695	4	1,58781
446	IDOL_MINNIE_Ni2_446.txt	9	0,00522	5	0,31394	4	1,25576
447	IDOL_MINNIE_Ni2_447.txt	9	0,00388	5	0,24813	4	0,99253
448	IDOL_MINNIE_Ni2_448.txt	9	0,00408	5	0,17172	4	0,68689
449	IDOL_MINNIE_Ni2_449.txt	9	0,0046	5	0,09628	4	0,3851
450	IDOL_MINNIE_Ni2_450.txt	9	0,00522	5	0,09628	4	0,3851
451	IDOL_MINNIE_Ni2_451.txt	9	0,00501	5	0,07254	4	0,29015
452	IDOL_MINNIE_Ni2_452.txt	9	0,00372	5	0,09632	4	0,38528
453	IDOL_MINNIE_Ni2_453.txt	9	0,00296	5	0,13445	4	0,53782
454	IDOL_MINNIE_Ni2_454.txt	9	0,00303	5	0,17706	4	0,70826
455	IDOL_MINNIE_Ni2_455.txt	9	0,00348	5	0,23972	4	0,95888
456	IDOL_MINNIE_Ni2_456.txt	9	0,00398	5	0,29075	4	1,16298
457	IDOL_MINNIE_Ni2_457.txt	9	0,00411	5	0,33918	4	1,3567
458	IDOL_MINNIE_Ni2_458.txt	9	0,00417	5	0,37518	4	1,50071
459	IDOL_MINNIE_Ni2_459.txt	9	0,00748	5	0,40329	4	1,61316
460	IDOL_MINNIE_Ni2_460.txt	9	0,00674	5	0,44006	4	1,76025
461	IDOL_MINNIE_Ni2_461.txt	9	0,00657	5	0,48064	4	1,92257
462	IDOL_MINNIE_Ni2_462.txt	9	0,00881	9	0,46082	0	0
463	IDOL_MINNIE_Ni2_463.txt	9	0,00553	9	0,41057	0	0
464	IDOL_MINNIE_Ni2_464.txt	9	0,00486	9	0,378	0	0
465	IDOL_MINNIE_Ni2_465.txt	9	0,00424	9	0,32015	0	0
466	IDOL_MINNIE_Ni2_466.txt	9	0,00554	9	0,32015	0	0
467	IDOL_MINNIE_Ni2_467.txt	9	0,0069	9	0,25596	0	0
468	IDOL_MINNIE_Ni2_468.txt	8	0,00883	9	0,20101	1	0,20101
469	IDOL_MINNIE_Ni2_469.txt	9	0,00706	9	0,15797	0	0
470	IDOL_MINNIE_Ni2_470.txt	8	0,009	9	0,1485	1	0,1485
471	IDOL_MINNIE_Ni2_471.txt	9	0,00667	9	0,16453	0	0
472	IDOL_MINNIE_Ni2_472.txt	9	0,00503	9	0,20266	0	0
473	IDOL_MINNIE_Ni2_473.txt	9	0,00504	9	0,27889	0	0
474	IDOL_MINNIE_Ni2_474.txt	9	0,00491	9	0,3295	0	0
475	IDOL_MINNIE_Ni2_475.txt	9	0,00459	9	0,41138	0	0
476	IDOL_MINNIE_Ni2_476.txt	9	0,00373	9	0,45764	0	0
477	IDOL_MINNIE_Ni2_477.txt	9	0,0038	9	0,52275	0	0
478	IDOL_MINNIE_Ni2_478.txt	9	0,00386	9	0,53917	0	0
479	IDOL_MINNIE_Ni2_479.txt	9	0,00385	9	0,5599	0	0
480	IDOL_MINNIE_Ni2_480.txt	9	0,00438	9	0,6022	0	0
481	IDOL_MINNIE_Ni2_481.txt	9	0,00548	9	0,63849	0	0
482	IDOL_MINNIE_Ni2_482.txt	9	0,00516	9	0,63849	0	0
483	IDOL_MINNIE_Ni2_483.txt	9	0,00456	21	0,64817	12	7,77808
484	IDOL_MINNIE_Ni2_484.txt	9	0,00607	21	0,60733	12	7,28797
485	IDOL_MINNIE_Ni2_485.txt	19	0,00769	21	0,56764	2	1,13528
486	IDOL_MINNIE_Ni2_486.txt	9	0,00492	21	0,52538	12	6,3046
487	IDOL_MINNIE_Ni2_487.txt	9	0,00484	21	0,48612	12	5,83342
488	IDOL_MINNIE_Ni2_488.txt	22	0,00425	21	0,45199	1	0,45199
489	IDOL_MINNIE_Ni2_489.txt	22	0,00379	21	0,42717	1	0,42717
490	IDOL_MINNIE_Ni2_490.txt	22	0,00437	21	0,40661	1	0,40661
491	IDOL_MINNIE_Ni2_491.txt	3	0,00537	21	0,38901	18	7,00227
492	IDOL_MINNIE_Ni2_492.txt	22	0,0054	21	0,375	1	0,375
493	IDOL_MINNIE_Ni2_493.txt	9	0,00487	21	0,36219	12	4,34627
494	IDOL_MINNIE_Ni2_494.txt	20	0,00398	21	0,33978	1	0,33978
495	IDOL_MINNIE_Ni2_495.txt	4	0,00286	21	0,32756	17	5,5686
496	IDOL_MINNIE_Ni2_496.txt	10	0,00222	21	0,30897	11	3,39865
497	IDOL_MINNIE_Ni2_497.txt	10	0,00261	21	0,28016	11	3,0818
498	IDOL_MINNIE_Ni2_498.txt	12	0,00447	21	0,28016	9	2,52147
499	IDOL_MINNIE_Ni2_499.txt	4	0,00806	21	0,26759	17	4,54895
500	IDOL_MINNIE_Ni2_500.txt	11	0,00437	21	0,23307	10	2,33068
501	IDOL_MINNIE_Ni2_501.txt	11	0,00589	21	0,20585	10	2,05848
502	IDOL_MINNIE_Ni2_502.txt	26	0,00553	21	0,1854	5	0,92701
503	IDOL_MINNIE_Ni2_503.txt	26	0,00529	21	0,17748	5	0,88738
504	IDOL_MINNIE_Ni2_504.txt	2	0,0093	21	0,16341	19	3,10471
505	IDOL_MINNIE_Ni2_505.txt	2	0,01061	21	0,1783	19	3,38777
506	IDOL_MINNIE_Ni2_506.txt	2	0,01173	21	0,20319	19	3,86061
507	IDOL_MINNIE_Ni2_507.txt	2	0,01159	21	0,24316	19	4,62001
508	IDOL_MINNIE_Ni2_508.txt	2	0,01273	21	0,24485	19	4,6521
509	IDOL_MINNIE_Ni2_509.txt	2	0,01359	21	0,25193	19	4,78662
510	IDOL_MINNIE_Ni2_510.txt	2	0,01213	21	0,2526	19	4,79948
511	IDOL_MINNIE_Ni2_511.txt	2	0,01374	21	0,24609	19	4,67572
512	IDOL_MINNIE_Ni2_512.txt	2	0,01163	21	0,23582	19	4,48066
513	IDOL_MINNIE_Ni2_513.txt	11	0,00893	21	0,23582	10	2,35824
514	IDOL_MINNIE_Ni2_514.txt	11	0,0091	21	0,20417	10	2,04172
515	IDOL_MINNIE_Ni2_515.txt	11	0,00929	21	0,1889	10	1,88898
516	IDOL_MINNIE_Ni2_516.txt	11	0,01069	21	0,17682	10	1,76822
517	IDOL_MINNIE_Ni2_517.txt	4	0,00525	21	0,1741	17	2,95972
518	IDOL_MINNIE_Ni2_518.txt	12	0,00394	21	0,16878	9	1,51904
519	IDOL_MINNIE_Ni2_519.txt	10	0,00152	21	0,17517	11	1,92687
520	IDOL_MINNIE_Ni2_520.txt	12	0,00135	21	0,19099	9	1,71892
521	IDOL_MINNIE_Ni2_521.txt	12	0,00487	21	0,21697	9	1,95276
522	IDOL_MINNIE_Ni2_522.txt	12	0,00583	21	0,24662	9	2,21962
523	IDOL_MINNIE_Ni2_523.txt	12	0,00427	21	0,30928	9	2,78355
524	IDOL_MINNIE_Ni2_524.txt	12	0,00472	11	0,31875	1	0,31875
525	IDOL_MINNIE_Ni2_525.txt	4	0,00981	11	0,28844	7	2,01905
526	IDOL_MINNIE_Ni2_526.txt	10	0,00212	11	0,26097	1	0,26097
527	IDOL_MINNIE_Ni2_527.txt	10	0,00192	11	0,24623	1	0,24623
528	IDOL_MINNIE_Ni2_528.txt	12	0,00205	11	0,24009	1	0,24009
529	IDOL_MINNIE_Ni2_529.txt	10	0,00286	11	0,24009	1	0,24009
530	IDOL_MINNIE_Ni2_530.txt	10	0,00172	11	0,24751	1	0,24751
531	IDOL_MINNIE_Ni2_531.txt	12	0,00454	11	0,26642	1	0,26642
532	IDOL_MINNIE_Ni2_532.txt	12	0,00149	11	0,29704	1	0,29704
533	IDOL_MINNIE_Ni2_533.txt	10	0,00181	11	0,34176	1	0,34176
534	IDOL_MINNIE_Ni2_534.txt	10	0,00217	11	0,38602	1	0,38602
535	IDOL_MINNIE_Ni2_535.txt	12	0,00225	11	0,52489	1	0,52489
536	IDOL_MINNIE_Ni2_536.txt	12	0,00157	11	0,60203	1	0,60203
537	IDOL_MINNIE_Ni2_537.txt	10	0,00189	11	0,68528	1	0,68528
538	IDOL_MINNIE_Ni2_538.txt	12	0,00251	11	0,76052	1	0,76052
539	IDOL_MINNIE_Ni2_539.txt	10	0,00157	11	0,84905	1	0,84905
540	IDOL_MINNIE_Ni2_540.txt	10	0,00217	11	0,90301	1	0,90301
541	IDOL_MINNIE_Ni2_541.txt	12	0,00204	11	0,9627	1	0,9627
542	IDOL_MINNIE_Ni2_542.txt	10	0,0011	11	1,03928	1	1,03928
543	IDOL_MINNIE_Ni2_543.txt	21	0,00405	11	1,11472	10	11,1472
544	IDOL_MINNIE_Ni2_544.txt	4	0,0064	11	1,18811	7	8,31674
545	IDOL_MINNIE_Ni2_545.txt	27	0,00459	11	1,24259	16	19,8815
546	IDOL_MINNIE_Ni2_546.txt	18	0,00537	11	1,24259	7	8,69816
547	IDOL_MINNIE_Ni2_547.txt	27	0,00481	12	1,24293	15	18,64399
548	IDOL_MINNIE_Ni2_548.txt	18	0,00467	12	1,1947	6	7,16817
549	IDOL_MINNIE_Ni2_549.txt	17	0,00308	12	1,12045	5	5,60224
550	IDOL_MINNIE_Ni2_550.txt	17	0,00343	12	0,9914	5	4,95702
551	IDOL_MINNIE_Ni2_551.txt	17	0,00199	12	0,90293	5	4,51467
552	IDOL_MINNIE_Ni2_552.txt	18	0,0041	12	0,80676	6	4,84055
553	IDOL_MINNIE_Ni2_553.txt	18	0,00614	12	0,73258	6	4,39548
554	IDOL_MINNIE_Ni2_554.txt	17	0,00397	12	0,6918	5	3,45899
555	IDOL_MINNIE_Ni2_555.txt	18	0,00426	12	0,57479	6	3,44877
556	IDOL_MINNIE_Ni2_556.txt	27	0,00358	12	0,50424	15	7,56361
557	IDOL_MINNIE_Ni2_557.txt	27	0,00281	12	0,42651	15	6,39763
558	IDOL_MINNIE_Ni2_558.txt	27	0,00401	12	0,35543	15	5,33139
559	IDOL_MINNIE_Ni2_559.txt	4	0,00853	12	0,28475	8	2,27798
560	IDOL_MINNIE_Ni2_560.txt	4	0,00493	12	0,25755	8	2,06042
561	IDOL_MINNIE_Ni2_561.txt	4	0,00655	12	0,17472	8	1,39775
562	IDOL_MINNIE_Ni2_562.txt	4	0,00763	12	0,17472	8	1,39775
563	IDOL_MINNIE_Ni2_563.txt	12	0,00746	12	0,09001	0	0
564	IDOL_MINNIE_Ni2_564.txt	10	0,00669	12	0,07818	2	0,15636
565	IDOL_MINNIE_Ni2_565.txt	10	0,00492	12	0,14404	2	0,28808
566	IDOL_MINNIE_Ni2_566.txt	10	0,00684	12	0,2407	2	0,48141
567	IDOL_MINNIE_Ni2_567.txt	4	0,01119	12	0,33759	8	2,70074
568	IDOL_MINNIE_Ni2_568.txt	12	0,0049	12	0,42626	0	0
569	IDOL_MINNIE_Ni2_569.txt	12	0,00461	12	0,52234	0	0
570	IDOL_MINNIE_Ni2_570.txt	12	0,006	12	0,61929	0	0
571	IDOL_MINNIE_Ni2_571.txt	12	0,00792	12	0,71818	0	0
572	IDOL_MINNIE_Ni2_572.txt	10	0,00287	12	0,81566	2	1,63131
573	IDOL_MINNIE_Ni2_573.txt	10	0,0031	12	0,89715	2	1,79429
574	IDOL_MINNIE_Ni2_574.txt	12	0,00326	12	0,97817	0	0
575	IDOL_MINNIE_Ni2_575.txt	10	0,00262	12	1,0491	2	2,09819
576	IDOL_MINNIE_Ni2_576.txt	4	0,00489	12	1,12974	8	9,03795
577	IDOL_MINNIE_Ni2_577.txt	12	0,00461	12	1,20288	0	0
578	IDOL_MINNIE_Ni2_578.txt	12	0,00368	12	1,20288	0	0
579	IDOL_MINNIE_Ni2_579.txt	4	0,00427	12	1,261	8	10,08799
580	IDOL_MINNIE_Ni2_580.txt	4	0,00637	12	1,33104	8	10,64829
581	IDOL_MINNIE_Ni2_581.txt	4	0,00425	19	1,38175	15	20,7262
582	IDOL_MINNIE_Ni2_582.txt	4	0,00468	19	1,29875	15	19,48132
583	IDOL_MINNIE_Ni2_583.txt	12	0,00577	19	1,23505	7	8,64534
584	IDOL_MINNIE_Ni2_584.txt	12	0,0031	19	1,13736	7	7,96155
585	IDOL_MINNIE_Ni2_585.txt	4	0,005	19	1,06787	15	16,01811
586	IDOL_MINNIE_Ni2_586.txt	12	0,00523	19	1,00797	7	7,05576
587	IDOL_MINNIE_Ni2_587.txt	27	0,0064	19	0,94098	8	7,52787
588	IDOL_MINNIE_Ni2_588.txt	20	0,00553	19	0,90746	1	0,90746
589	IDOL_MINNIE_Ni2_589.txt	18	0,00504	19	0,88627	1	0,88627
590	IDOL_MINNIE_Ni2_590.txt	26	0,00531	19	0,85962	7	6,01732
591	IDOL_MINNIE_Ni2_591.txt	26	0,00614	19	0,8336	7	5,8352
592	IDOL_MINNIE_Ni2_592.txt	26	0,0042	13	0,80138	13	10,41788
593	IDOL_MINNIE_Ni2_593.txt	26	0,00572	13	0,72355	13	9,40612
594	IDOL_MINNIE_Ni2_594.txt	26	0,00714	13	0,72355	13	9,40612
595	IDOL_MINNIE_Ni2_595.txt	2	0,00951	13	0,64871	11	7,1358
596	IDOL_MINNIE_Ni2_596.txt	2	0,00669	13	0,54832	11	6,03155
597	IDOL_MINNIE_Ni2_597.txt	2	0,00394	13	0,49032	11	5,39349
598	IDOL_MINNIE_Ni2_598.txt	2	0,00384	13	0,43371	11	4,77081
599	IDOL_MINNIE_Ni2_599.txt	22	0,00594	13	0,35328	9	3,17956
600	IDOL_MINNIE_Ni2_600.txt	23	0,00427	13	0,28054	10	2,80541
601	IDOL_MINNIE_Ni2_601.txt	13	0,01078	13	0,21699	0	0
602	IDOL_MINNIE_Ni2_602.txt	13	0,00615	13	0,15235	0	0
603	IDOL_MINNIE_Ni2_603.txt	14	0,00595	13	0,08395	1	0,08395
604	IDOL_MINNIE_Ni2_604.txt	13	0,00813	13	0,08055	0	0
605	IDOL_MINNIE_Ni2_605.txt	13	0,00799	13	0,10437	0	0
606	IDOL_MINNIE_Ni2_606.txt	13	0,00943	13	0,20271	0	0
607	IDOL_MINNIE_Ni2_607.txt	24	0,00962	13	0,3067	11	3,37367
608	IDOL_MINNIE_Ni2_608.txt	14	0,00731	13	0,36549	1	0,36549
609	IDOL_MINNIE_Ni2_609.txt	14	0,00713	13	0,4453	1	0,4453
610	IDOL_MINNIE_Ni2_610.txt	13	0,0085	18	0,49242	5	2,46209
611	IDOL_MINNIE_Ni2_611.txt	13	0,00759	18	0,43489	5	2,17443
612	IDOL_MINNIE_Ni2_612.txt	13	0,00935	18	0,38143	5	1,90714
613	IDOL_MINNIE_Ni2_613.txt	13	0,00802	18	0,32362	5	1,61811
614	IDOL_MINNIE_Ni2_614.txt	13	0,00987	18	0,29251	5	1,46255
615	IDOL_MINNIE_Ni2_615.txt	13	0,00784	18	0,22394	5	1,11971
616	IDOL_MINNIE_Ni2_616.txt	13	0,01134	18	0,18669	5	0,93343
617	IDOL_MINNIE_Ni2_617.txt	13	0,01007	18	0,18669	5	0,93343
618	IDOL_MINNIE_Ni2_618.txt	14	0,00669	18	0,13512	4	0,54046
619	IDOL_MINNIE_Ni2_619.txt	14	0,00821	18	0,11446	4	0,45785
620	IDOL_MINNIE_Ni2_620.txt	5	0,00618	18	0,10387	13	1,35035
621	IDOL_MINNIE_Ni2_621.txt	5	0,00689	18	0,13665	13	1,77644
622	IDOL_MINNIE_Ni2_622.txt	5	0,0076	18	0,18466	13	2,40059
623	IDOL_MINNIE_Ni2_623.txt	5	0,00569	18	0,2363	13	3,07195
624	IDOL_MINNIE_Ni2_624.txt	14	0,00468	14	0,22655	0	0
625	IDOL_MINNIE_Ni2_625.txt	14	0,00445	14	0,15339	0	0
626	IDOL_MINNIE_Ni2_626.txt	14	0,00524	14	0,09115	0	0
627	IDOL_MINNIE_Ni2_627.txt	14	0,0043	14	0,03851	0	0
628	IDOL_MINNIE_Ni2_628.txt	14	0,00477	14	0,07256	0	0
629	IDOL_MINNIE_Ni2_629.txt	5	0,00506	14	0,1466	9	1,31941
630	IDOL_MINNIE_Ni2_630.txt	5	0,0042	14	0,21082	9	1,89736
631	IDOL_MINNIE_Ni2_631.txt	14	0,00429	14	0,26118	0	0
632	IDOL_MINNIE_Ni2_632.txt	14	0,00338	14	0,31316	0	0
633	IDOL_MINNIE_Ni2_633.txt	14	0,00418	14	0,31316	0	0
634	IDOL_MINNIE_Ni2_634.txt	13	0,00405	14	0,38518	1	0,38518
635	IDOL_MINNIE_Ni2_635.txt	15	0,00691	14	0,49439	1	0,49439
636	IDOL_MINNIE_Ni2_636.txt	15	0,0035	15	0,54508	0	0
637	IDOL_MINNIE_Ni2_637.txt	15	0,00564	15	0,47356	0	0
638	IDOL_MINNIE_Ni2_638.txt	15	0,00525	15	0,41557	0	0
639	IDOL_MINNIE_Ni2_639.txt	15	0,00576	15	0,39304	0	0
640	IDOL_MINNIE_Ni2_640.txt	15	0,00574	15	0,36063	0	0
641	IDOL_MINNIE_Ni2_641.txt	15	0,00381	15	0,31445	0	0
642	IDOL_MINNIE_Ni2_642.txt	15	0,00377	15	0,26891	0	0
643	IDOL_MINNIE_Ni2_643.txt	15	0,00294	15	0,19836	0	0
644	IDOL_MINNIE_Ni2_644.txt	15	0,00262	15	0,14138	0	0
645	IDOL_MINNIE_Ni2_645.txt	15	0,00191	15	0,07669	0	0
646	IDOL_MINNIE_Ni2_646.txt	15	0,00403	15	0,05591	0	0
647	IDOL_MINNIE_Ni2_647.txt	15	0,00399	15	0,13707	0	0
648	IDOL_MINNIE_Ni2_648.txt	15	0,00253	15	0,23593	0	0
649	IDOL_MINNIE_Ni2_649.txt	15	0,00237	15	0,30462	0	0
650	IDOL_MINNIE_Ni2_650.txt	15	0,00487	15	0,35394	0	0
651	IDOL_MINNIE_Ni2_651.txt	15	0,00694	15	0,35394	0	0
652	IDOL_MINNIE_Ni2_652.txt	13	0,00485	15	0,39547	2	0,79094
653	IDOL_MINNIE_Ni2_653.txt	6	0,00393	17	0,36794	11	4,04739
654	IDOL_MINNIE_Ni2_654.txt	7	0,00477	17	0,25558	10	2,55581
655	IDOL_MINNIE_Ni2_655.txt	6	0,00517	17	0,20963	11	2,30589
656	IDOL_MINNIE_Ni2_656.txt	7	0,005	17	0,17218	10	1,72178
657	IDOL_MINNIE_Ni2_657.txt	7	0,00476	17	0,10894	10	1,08945
658	IDOL_MINNIE_Ni2_658.txt	7	0,00599	17	0,10914	10	1,09141
659	IDOL_MINNIE_Ni2_659.txt	7	0,00483	17	0,11043	10	1,10432
660	IDOL_MINNIE_Ni2_660.txt	7	0,00427	17	0,1296	10	1,29595
661	IDOL_MINNIE_Ni2_661.txt	7	0,00506	17	0,15692	10	1,56916
662	IDOL_MINNIE_Ni2_662.txt	7	0,00612	17	0,18953	10	1,89535
663	IDOL_MINNIE_Ni2_663.txt	7	0,00441	17	0,23453	10	2,34528
664	IDOL_MINNIE_Ni2_664.txt	7	0,0048	17	0,27206	10	2,72064
665	IDOL_MINNIE_Ni2_665.txt	7	0,00546	16	0,27938	9	2,51439
666	IDOL_MINNIE_Ni2_666.txt	6	0,00431	16	0,24904	10	2,49036
667	IDOL_MINNIE_Ni2_667.txt	6	0,00514	16	0,24904	10	2,49036
668	IDOL_MINNIE_Ni2_668.txt	8	0,0047	16	0,22135	8	1,7708
669	IDOL_MINNIE_Ni2_669.txt	6	0,00523	16	0,20525	10	2,05246
670	IDOL_MINNIE_Ni2_670.txt	7	0,00548	16	0,19828	9	1,78451
671	IDOL_MINNIE_Ni2_671.txt	14	0,00526	16	0,19488	2	0,38976
672	IDOL_MINNIE_Ni2_672.txt	14	0,00454	16	0,22541	2	0,45082
673	IDOL_MINNIE_Ni2_673.txt	14	0,0058	16	0,2375	2	0,47501
674	IDOL_MINNIE_Ni2_674.txt	14	0,00421	16	0,24018	2	0,48037
675	IDOL_MINNIE_Ni2_675.txt	14	0,00466	16	0,23467	2	0,46933
676	IDOL_MINNIE_Ni2_676.txt	14	0,00431	16	0,22453	2	0,44906
677	IDOL_MINNIE_Ni2_677.txt	16	0,00422	16	0,20792	0	0
678	IDOL_MINNIE_Ni2_678.txt	16	0,00331	16	0,19167	0	0
679	IDOL_MINNIE_Ni2_679.txt	16	0,00618	16	0,17577	0	0
680	IDOL_MINNIE_Ni2_680.txt	16	0,00705	16	0,15795	0	0
681	IDOL_MINNIE_Ni2_681.txt	16	0,00785	16	0,14129	0	0
682	IDOL_MINNIE_Ni2_682.txt	16	0,00467	16	0,11581	0	0
683	IDOL_MINNIE_Ni2_683.txt	16	0,00608	16	0,09056	0	0
684	IDOL_MINNIE_Ni2_684.txt	16	0,00705	16	0,09056	0	0
685	IDOL_MINNIE_Ni2_685.txt	16	0,00541	16	0,07224	0	0
686	IDOL_MINNIE_Ni2_686.txt	6	0,00918	16	0,05436	10	0,54363
687	IDOL_MINNIE_Ni2_687.txt	6	0,01314	16	0,03497	10	0,34969
688	IDOL_MINNIE_Ni2_688.txt	6	0,01302	16	0,01724	10	0,17236
689	IDOL_MINNIE_Ni2_689.txt	6	0,01258	16	0,00961	10	0,09608
690	IDOL_MINNIE_Ni2_690.txt	16	0,00549	16	0,02644	0	0
691	IDOL_MINNIE_Ni2_691.txt	16	0,00591	16	0,04879	0	0
692	IDOL_MINNIE_Ni2_692.txt	16	0,01038	16	0,07036	0	0
693	IDOL_MINNIE_Ni2_693.txt	16	0,01065	16	0,08952	0	0
694	IDOL_MINNIE_Ni2_694.txt	16	0,00886	16	0,10862	0	0
695	IDOL_MINNIE_Ni2_695.txt	23	0,00974	16	0,13024	7	0,91166
696	IDOL_MINNIE_Ni2_696.txt	23	0,01013	16	0,15044	7	1,05305
697	IDOL_MINNIE_Ni2_697.txt	8	0,00662	16	0,16995	8	1,35957
698	IDOL_MINNIE_Ni2_698.txt	6	0,01597	16	0,19012	10	1,90119
699	IDOL_MINNIE_Ni2_699.txt	2	0,00714	16	0,20612	14	2,88569
700	IDOL_MINNIE_Ni2_700.txt	2	0,00418	16	0,22079	14	3,09105
701	IDOL_MINNIE_Ni2_701.txt	2	0,00732	16	0,22079	14	3,09105
702	IDOL_MINNIE_Ni2_702.txt	9	0,00651	16	0,23197	7	1,62376
703	IDOL_MINNIE_Ni2_703.txt	11	0,00784	16	0,24419	5	1,22093
704	IDOL_MINNIE_Ni2_704.txt	3	0,00423	16	0,25387	13	3,30036
705	IDOL_MINNIE_Ni2_705.txt	11	0,00761	16	0,26166	5	1,30828
706	IDOL_MINNIE_Ni2_706.txt	22	0,00461	16	0,26661	6	1,59966
707	IDOL_MINNIE_Ni2_707.txt	26	0,0052	16	0,26672	10	2,66716
708	IDOL_MINNIE_Ni2_708.txt	26	0,00527	16	0,26687	10	2,66869
709	IDOL_MINNIE_Ni2_709.txt	26	0,00437	16	0,2673	10	2,67303
710	IDOL_MINNIE_Ni2_710.txt	26	0,00472	16	0,26699	10	2,66991
711	IDOL_MINNIE_Ni2_711.txt	0	0,00519	16	0,2675	16	4,27993
712	IDOL_MINNIE_Ni2_712.txt	0	0,00517	16	0,26823	16	4,29166
713	IDOL_MINNIE_Ni2_713.txt	18	0,00221	16	0,26971	2	0,53942
714	IDOL_MINNIE_Ni2_714.txt	18	0,00243	16	0,27196	2	0,54392
715	IDOL_MINNIE_Ni2_715.txt	18	0,00261	16	0,28029	2	0,56058
716	IDOL_MINNIE_Ni2_716.txt	18	0,00254	16	0,29644	2	0,59287
717	IDOL_MINNIE_Ni2_717.txt	18	0,00254	17	0,27432	1	0,27432
718	IDOL_MINNIE_Ni2_718.txt	17	0,00304	17	0,22003	0	0
719	IDOL_MINNIE_Ni2_719.txt	18	0,00358	17	0,22003	1	0,22003
720	IDOL_MINNIE_Ni2_720.txt	18	0,00371	17	0,18914	1	0,18914
721	IDOL_MINNIE_Ni2_721.txt	18	0,00303	17	0,163	1	0,163
722	IDOL_MINNIE_Ni2_722.txt	18	0,00292	17	0,14457	1	0,14457
723	IDOL_MINNIE_Ni2_723.txt	17	0,00207	17	0,12209	0	0
724	IDOL_MINNIE_Ni2_724.txt	17	0,00202	17	0,11525	0	0
725	IDOL_MINNIE_Ni2_725.txt	17	0,00234	17	0,14992	0	0
726	IDOL_MINNIE_Ni2_726.txt	18	0,00317	17	0,20438	1	0,20438
727	IDOL_MINNIE_Ni2_727.txt	18	0,00363	17	0,25801	1	0,25801
728	IDOL_MINNIE_Ni2_728.txt	18	0,00254	17	0,36864	1	0,36864
729	IDOL_MINNIE_Ni2_729.txt	18	0,00287	15	0,32596	3	0,97787
730	IDOL_MINNIE_Ni2_730.txt	26	0,00707	15	0,24176	11	2,65932
731	IDOL_MINNIE_Ni2_731.txt	0	0,00592	15	0,13005	15	1,95076
732	IDOL_MINNIE_Ni2_732.txt	0	0,00708	15	0,05934	15	0,89009
733	IDOL_MINNIE_Ni2_733.txt	18	0,00511	15	0,0063	3	0,01889
734	IDOL_MINNIE_Ni2_734.txt	17	0,00336	15	0,06702	2	0,13404
735	IDOL_MINNIE_Ni2_735.txt	18	0,00285	15	0,14068	3	0,42204
736	IDOL_MINNIE_Ni2_736.txt	18	0,00283	15	0,23579	3	0,70736
737	IDOL_MINNIE_Ni2_737.txt	25	0,00364	15	0,33543	10	3,35434
738	IDOL_MINNIE_Ni2_738.txt	18	0,0029	15	0,4218	3	1,2654
739	IDOL_MINNIE_Ni2_739.txt	26	0,00534	15	0,49372	11	5,43093
740	IDOL_MINNIE_Ni2_740.txt	18	0,00426	14	0,50393	4	2,01572
741	IDOL_MINNIE_Ni2_741.txt	25	0,003	14	0,44577	11	4,90346
742	IDOL_MINNIE_Ni2_742.txt	17	0,00287	14	0,37278	3	1,11833
743	IDOL_MINNIE_Ni2_743.txt	17	0,00279	14	0,37278	3	1,11833
744	IDOL_MINNIE_Ni2_744.txt	17	0,00241	14	0,3215	3	0,96449
745	IDOL_MINNIE_Ni2_745.txt	17	0,00298	14	0,29249	3	0,87747
746	IDOL_MINNIE_Ni2_746.txt	17	0,00239	14	0,2929	3	0,87871
747	IDOL_MINNIE_Ni2_747.txt	17	0,00329	18	0,2826	1	0,2826
748	IDOL_MINNIE_Ni2_748.txt	25	0,00257	18	0,1722	7	1,20543
749	IDOL_MINNIE_Ni2_749.txt	25	0,00299	18	0,07599	7	0,53191
750	IDOL_MINNIE_Ni2_750.txt	25	0,00284	18	0,02394	7	0,1676
751	IDOL_MINNIE_Ni2_751.txt	25	0,00314	18	0,1199	7	0,83927
752	IDOL_MINNIE_Ni2_752.txt	17	0,0028	18	0,21675	1	0,21675
753	IDOL_MINNIE_Ni2_753.txt	17	0,00246	18	0,31987	1	0,31987
754	IDOL_MINNIE_Ni2_754.txt	17	0,0024	18	0,41431	1	0,41431
755	IDOL_MINNIE_Ni2_755.txt	17	0,00357	13	0,49638	4	1,98553
756	IDOL_MINNIE_Ni2_756.txt	17	0,003	13	0,41117	4	1,64467
757	IDOL_MINNIE_Ni2_757.txt	17	0,00278	13	0,34549	4	1,38196
758	IDOL_MINNIE_Ni2_758.txt	17	0,00307	13	0,21672	4	0,86687
759	IDOL_MINNIE_Ni2_759.txt	17	0,00299	13	0,18819	4	0,75274
760	IDOL_MINNIE_Ni2_760.txt	17	0,0032	13	0,18819	4	0,75274
761	IDOL_MINNIE_Ni2_761.txt	25	0,00323	13	0,1002	12	1,20235
762	IDOL_MINNIE_Ni2_762.txt	17	0,00253	13	0,09823	4	0,39292
763	IDOL_MINNIE_Ni2_763.txt	18	0,00444	13	0,17033	5	0,85166
764	IDOL_MINNIE_Ni2_764.txt	18	0,00481	13	0,25087	5	1,25434
765	IDOL_MINNIE_Ni2_765.txt	18	0,00461	13	0,3583	5	1,79148
766	IDOL_MINNIE_Ni2_766.txt	18	0,0031	13	0,445	5	2,22499
767	IDOL_MINNIE_Ni2_767.txt	0	0,0056	13	0,54809	13	7,1252
768	IDOL_MINNIE_Ni2_768.txt	18	0,0036	13	0,65427	5	3,27134
769	IDOL_MINNIE_Ni2_769.txt	18	0,0046	19	0,68619	1	0,68619
770	IDOL_MINNIE_Ni2_770.txt	26	0,00621	19	0,58312	7	4,08187
771	IDOL_MINNIE_Ni2_771.txt	26	0,00505	19	0,49224	7	3,44567
772	IDOL_MINNIE_Ni2_772.txt	3	0,00678	19	0,40575	16	6,49199
773	IDOL_MINNIE_Ni2_773.txt	26	0,00718	19	0,36171	7	2,53194
774	IDOL_MINNIE_Ni2_774.txt	3	0,00721	19	0,27996	16	4,47935
775	IDOL_MINNIE_Ni2_775.txt	7	0,00426	19	0,1821	12	2,18515
776	IDOL_MINNIE_Ni2_776.txt	7	0,00522	19	0,13852	12	1,66223
777	IDOL_MINNIE_Ni2_777.txt	7	0,00512	19	0,13571	12	1,62855
778	IDOL_MINNIE_Ni2_778.txt	19	0,0087	19	0,13571	0	0
779	IDOL_MINNIE_Ni2_779.txt	19	0,00803	19	0,19515	0	0
780	IDOL_MINNIE_Ni2_780.txt	19	0,00488	19	0,26591	0	0
781	IDOL_MINNIE_Ni2_781.txt	3	0,0052	20	0,2435	17	4,13952
782	IDOL_MINNIE_Ni2_782.txt	3	0,01643	20	0,21162	17	3,59762
783	IDOL_MINNIE_Ni2_783.txt	4	0,00975	20	0,19215	16	3,07446
784	IDOL_MINNIE_Ni2_784.txt	10	0,00461	20	0,17772	10	1,77724
785	IDOL_MINNIE_Ni2_785.txt	4	0,00629	20	0,17988	16	2,87805
786	IDOL_MINNIE_Ni2_786.txt	3	0,0134	20	0,23124	17	3,931
787	IDOL_MINNIE_Ni2_787.txt	20	0,01134	20	0,27272	0	0
788	IDOL_MINNIE_Ni2_788.txt	3	0,00649	20	0,302	17	5,13392
789	IDOL_MINNIE_Ni2_789.txt	22	0,00456	20	0,29366	2	0,58733
790	IDOL_MINNIE_Ni2_790.txt	2	0,00505	20	0,28259	18	5,08661
791	IDOL_MINNIE_Ni2_791.txt	19	0,00418	20	0,26952	1	0,26952
792	IDOL_MINNIE_Ni2_792.txt	2	0,00927	20	0,24409	18	4,39358
793	IDOL_MINNIE_Ni2_793.txt	2	0,00798	20	0,18209	18	3,27759
794	IDOL_MINNIE_Ni2_794.txt	2	0,00997	20	0,17007	18	3,06124
795	IDOL_MINNIE_Ni2_795.txt	19	0,00596	20	0,1585	1	0,1585
796	IDOL_MINNIE_Ni2_796.txt	19	0,0052	20	0,14946	1	0,14946
797	IDOL_MINNIE_Ni2_797.txt	3	0,00411	20	0,13702	17	2,32935
798	IDOL_MINNIE_Ni2_798.txt	7	0,0058	20	0,12771	13	1,66017
799	IDOL_MINNIE_Ni2_799.txt	7	0,00591	20	0,12771	13	1,66017
800	IDOL_MINNIE_Ni2_800.txt	19	0,00657	20	0,11474	1	0,11474
801	IDOL_MINNIE_Ni2_801.txt	19	0,00719	20	0,0988	1	0,0988
802	IDOL_MINNIE_Ni2_802.txt	2	0,007	20	0,08703	18	1,56652
803	IDOL_MINNIE_Ni2_803.txt	2	0,0048	20	0,078	18	1,40406
804	IDOL_MINNIE_Ni2_804.txt	2	0,00705	20	0,07015	18	1,26272
805	IDOL_MINNIE_Ni2_805.txt	2	0,00558	20	0,06584	18	1,1852
806	IDOL_MINNIE_Ni2_806.txt	22	0,00573	20	0,06558	2	0,13116
807	IDOL_MINNIE_Ni2_807.txt	20	0,00704	20	0,06786	0	0
808	IDOL_MINNIE_Ni2_808.txt	20	0,00475	20	0,07272	0	0
809	IDOL_MINNIE_Ni2_809.txt	26	0,0034	20	0,07432	6	0,44591
810	IDOL_MINNIE_Ni2_810.txt	26	0,00421	20	0,07183	6	0,43098
811	IDOL_MINNIE_Ni2_811.txt	26	0,00445	20	0,07951	6	0,47707
812	IDOL_MINNIE_Ni2_812.txt	20	0,00514	20	0,09316	0	0
813	IDOL_MINNIE_Ni2_813.txt	12	0,00485	20	0,10703	8	0,85627
814	IDOL_MINNIE_Ni2_814.txt	4	0,00294	20	0,12311	16	1,96968
815	IDOL_MINNIE_Ni2_815.txt	11	0,00668	20	0,14423	9	1,29806
816	IDOL_MINNIE_Ni2_816.txt	21	0,00713	20	0,15835	1	0,15835
817	IDOL_MINNIE_Ni2_817.txt	4	0,00601	20	0,16475	16	2,63602
818	IDOL_MINNIE_Ni2_818.txt	12	0,00251	20	0,17323	8	1,38582
819	IDOL_MINNIE_Ni2_819.txt	4	0,00468	20	0,18626	16	2,9801
820	IDOL_MINNIE_Ni2_820.txt	4	0,00428	20	0,21697	16	3,47159
821	IDOL_MINNIE_Ni2_821.txt	21	0,00453	20	0,21697	1	0,21697
822	IDOL_MINNIE_Ni2_822.txt	4	0,00368	19	0,20957	15	3,1435
823	IDOL_MINNIE_Ni2_823.txt	21	0,00256	19	0,16189	2	0,32378
824	IDOL_MINNIE_Ni2_824.txt	11	0,00158	19	0,1552	8	1,24157
825	IDOL_MINNIE_Ni2_825.txt	11	0,0046	19	0,22913	8	1,83304
826	IDOL_MINNIE_Ni2_826.txt	11	0,00413	19	0,28242	8	2,25939
827	IDOL_MINNIE_Ni2_827.txt	11	0,00455	19	0,30744	8	2,4595
828	IDOL_MINNIE_Ni2_828.txt	4	0,0041	19	0,41242	15	6,18624
829	IDOL_MINNIE_Ni2_829.txt	4	0,0018	19	0,50022	15	7,50326
830	IDOL_MINNIE_Ni2_830.txt	4	0,00353	19	0,5988	15	8,982
831	IDOL_MINNIE_Ni2_831.txt	4	0,00404	19	0,67996	15	10,19937
832	IDOL_MINNIE_Ni2_832.txt	21	0,00333	19	0,75415	2	1,50831
833	IDOL_MINNIE_Ni2_833.txt	21	0,00356	19	0,83224	2	1,66449
834	IDOL_MINNIE_Ni2_834.txt	21	0,00362	19	0,79659	2	1,59319
835	IDOL_MINNIE_Ni2_835.txt	21	0,00319	19	0,87155	2	1,74309
836	IDOL_MINNIE_Ni2_836.txt	21	0,00509	19	0,94268	2	1,88536
837	IDOL_MINNIE_Ni2_837.txt	20	0,00507	19	1,02275	1	1,02275
838	IDOL_MINNIE_Ni2_838.txt	21	0,0046	19	1,10713	2	2,21425
839	IDOL_MINNIE_Ni2_839.txt	20	0,00642	19	1,34582	1	1,34582
840	IDOL_MINNIE_Ni2_840.txt	20	0,01189	12	1,30979	8	10,47834
841	IDOL_MINNIE_Ni2_841.txt	20	0,01002	12	1,22858	8	9,82864
842	IDOL_MINNIE_Ni2_842.txt	20	0,00992	12	1,10643	8	8,85147
843	IDOL_MINNIE_Ni2_843.txt	20	0,00807	12	1,01447	8	8,11576
844	IDOL_MINNIE_Ni2_844.txt	20	0,00788	12	0,91132	8	7,29057
845	IDOL_MINNIE_Ni2_845.txt	20	0,01197	12	0,91132	8	7,29057
846	IDOL_MINNIE_Ni2_846.txt	20	0,00826	12	0,83954	8	6,71629
847	IDOL_MINNIE_Ni2_847.txt	20	0,01251	12	0,7289	8	5,83118
848	IDOL_MINNIE_Ni2_848.txt	20	0,01061	12	0,64625	8	5,17003
849	IDOL_MINNIE_Ni2_849.txt	20	0,01165	12	0,55991	8	4,47931
850	IDOL_MINNIE_Ni2_850.txt	20	0,00843	12	0,48449	8	3,87594
851	IDOL_MINNIE_Ni2_851.txt	20	0,01135	12	0,39489	8	3,15909
852	IDOL_MINNIE_Ni2_852.txt	20	0,01191	12	0,25513	8	2,04108
853	IDOL_MINNIE_Ni2_853.txt	20	0,00621	12	0,22522	8	1,80176
854	IDOL_MINNIE_Ni2_854.txt	20	0,00734	12	0,20041	8	1,60327
855	IDOL_MINNIE_Ni2_855.txt	21	0,00485	12	0,20764	9	1,86874
856	IDOL_MINNIE_Ni2_856.txt	20	0,00562	12	0,25846	8	2,06766
857	IDOL_MINNIE_Ni2_857.txt	21	0,00361	12	0,32543	9	2,92885
858	IDOL_MINNIE_Ni2_858.txt	4	0,00348	12	0,42474	8	3,39795
859	IDOL_MINNIE_Ni2_859.txt	11	0,0035	12	0,49938	1	0,49938
860	IDOL_MINNIE_Ni2_860.txt	11	0,00182	12	0,60138	1	0,60138
861	IDOL_MINNIE_Ni2_861.txt	11	0,00494	12	0,70476	1	0,70476
862	IDOL_MINNIE_Ni2_862.txt	11	0,00454	12	0,80002	1	0,80002
863	IDOL_MINNIE_Ni2_863.txt	11	0,00351	12	0,90196	1	0,90196
864	IDOL_MINNIE_Ni2_864.txt	11	0,00212	12	0,99434	1	0,99434
865	IDOL_MINNIE_Ni2_865.txt	11	0,00335	12	1,09066	1	1,09066
866	IDOL_MINNIE_Ni2_866.txt	11	0,003	12	1,18657	1	1,18657
867	IDOL_MINNIE_Ni2_867.txt	11	0,00485	12	1,27178	1	1,27178
868	IDOL_MINNIE_Ni2_868.txt	21	0,00503	12	1,27178	9	11,44606
869	IDOL_MINNIE_Ni2_869.txt	11	0,00513	11	1,22303	0	0
870	IDOL_MINNIE_Ni2_870.txt	21	0,00586	11	1,12933	10	11,29328
871	IDOL_MINNIE_Ni2_871.txt	4	0,00376	11	1,04858	7	7,34003
872	IDOL_MINNIE_Ni2_872.txt	20	0,00766	11	0,97428	9	8,7685
873	IDOL_MINNIE_Ni2_873.txt	21	0,006	11	0,88529	10	8,85293
874	IDOL_MINNIE_Ni2_874.txt	4	0,00552	11	0,80464	7	5,63248
875	IDOL_MINNIE_Ni2_875.txt	11	0,0052	11	0,72581	0	0
876	IDOL_MINNIE_Ni2_876.txt	20	0,00534	11	0,68013	9	6,12118
877	IDOL_MINNIE_Ni2_877.txt	4	0,00545	11	0,63458	7	4,44204
878	IDOL_MINNIE_Ni2_878.txt	21	0,00431	11	0,54776	10	5,47761
879	IDOL_MINNIE_Ni2_879.txt	21	0,00453	11	0,47314	10	4,73136
880	IDOL_MINNIE_Ni2_880.txt	4	0,00338	11	0,32648	7	2,28536
881	IDOL_MINNIE_Ni2_881.txt	21	0,00402	11	0,27404	10	2,74036
882	IDOL_MINNIE_Ni2_882.txt	20	0,00381	11	0,26499	9	2,38492
883	IDOL_MINNIE_Ni2_883.txt	4	0,00134	11	0,28921	7	2,02446
884	IDOL_MINNIE_Ni2_884.txt	4	0,00185	11	0,33641	7	2,35489
885	IDOL_MINNIE_Ni2_885.txt	4	0,00201	21	0,28434	17	4,83382
886	IDOL_MINNIE_Ni2_886.txt	4	0,00347	21	0,18789	17	3,1942
887	IDOL_MINNIE_Ni2_887.txt	4	0,00185	21	0,12588	17	2,14003
888	IDOL_MINNIE_Ni2_888.txt	4	0,00365	21	0,11281	17	1,9178
889	IDOL_MINNIE_Ni2_889.txt	4	0,00337	21	0,15398	17	2,61772
890	IDOL_MINNIE_Ni2_890.txt	4	0,00356	21	0,27144	17	4,61447
891	IDOL_MINNIE_Ni2_891.txt	4	0,00369	21	0,36308	17	6,17238
892	IDOL_MINNIE_Ni2_892.txt	27	0,00535	21	0,36308	6	2,17849
893	IDOL_MINNIE_Ni2_893.txt	21	0,0033	21	0,4637	0	0
894	IDOL_MINNIE_Ni2_894.txt	4	0,00319	21	0,53741	17	9,13595
895	IDOL_MINNIE_Ni2_895.txt	4	0,00418	21	0,62054	17	10,54914
896	IDOL_MINNIE_Ni2_896.txt	4	0,00447	9	0,62211	5	3,11056
897	IDOL_MINNIE_Ni2_897.txt	4	0,00406	9	0,60964	5	3,0482
898	IDOL_MINNIE_Ni2_898.txt	4	0,00439	9	0,60626	5	3,03132
899	IDOL_MINNIE_Ni2_899.txt	27	0,00406	9	0,61185	18	11,01321
900	IDOL_MINNIE_Ni2_900.txt	27	0,00182	9	0,62568	18	11,26231
901	IDOL_MINNIE_Ni2_901.txt	27	0,00336	9	0,65214	18	11,73857
902	IDOL_MINNIE_Ni2_902.txt	27	0,00267	9	0,68738	18	12,3728
903	IDOL_MINNIE_Ni2_903.txt	27	0,00319	9	0,73254	18	13,18575
904	IDOL_MINNIE_Ni2_904.txt	27	0,00311	9	0,78417	18	14,11512
905	IDOL_MINNIE_Ni2_905.txt	27	0,00216	9	0,84161	18	15,14903
906	IDOL_MINNIE_Ni2_906.txt	27	0,00248	9	0,90169	18	16,23051
907	IDOL_MINNIE_Ni2_907.txt	21	0,00351	9	0,96817	12	11,61802
908	IDOL_MINNIE_Ni2_908.txt	11	0,00442	9	1,05862	2	2,11724
909	IDOL_MINNIE_Ni2_909.txt	11	0,00569	9	1,12799	2	2,25597
910	IDOL_MINNIE_Ni2_910.txt	27	0,00294	9	1,20529	18	21,6953
911	IDOL_MINNIE_Ni2_911.txt	4	0,0043	9	1,28111	5	6,40554
912	IDOL_MINNIE_Ni2_912.txt	4	0,0042	9	1,3555	5	6,77748
913	IDOL_MINNIE_Ni2_913.txt	4	0,00391	9	1,57395	5	7,86973
914	IDOL_MINNIE_Ni2_914.txt	21	0,00355	9	1,6799	12	20,15884
915	IDOL_MINNIE_Ni2_915.txt	11	0,0037	4	1,62415	7	11,36904
916	IDOL_MINNIE_Ni2_916.txt	21	0,00479	4	1,62415	17	27,61053
917	IDOL_MINNIE_Ni2_917.txt	11	0,00343	4	1,53204	7	10,72428
918	IDOL_MINNIE_Ni2_918.txt	21	0,00398	4	1,45435	17	24,72401
919	IDOL_MINNIE_Ni2_919.txt	11	0,0031	4	1,34561	7	9,41929
920	IDOL_MINNIE_Ni2_920.txt	11	0,00384	4	1,28288	7	8,98018
921	IDOL_MINNIE_Ni2_921.txt	21	0,00521	4	1,14613	17	19,48424
922	IDOL_MINNIE_Ni2_922.txt	11	0,006	4	1,06795	7	7,47566
923	IDOL_MINNIE_Ni2_923.txt	3	0,00914	4	0,94102	1	0,94102
924	IDOL_MINNIE_Ni2_924.txt	26	0,0049	4	0,89884	22	19,77459
925	IDOL_MINNIE_Ni2_925.txt	2	0,0056	4	0,86168	2	1,72335
926	IDOL_MINNIE_Ni2_926.txt	26	0,0032	26	0,76803	0	0
927	IDOL_MINNIE_Ni2_927.txt	3	0,0075	26	0,65265	23	15,01087
928	IDOL_MINNIE_Ni2_928.txt	3	0,00586	26	0,5786	23	13,30783
929	IDOL_MINNIE_Ni2_929.txt	22	0,00325	26	0,5181	4	2,07239
930	IDOL_MINNIE_Ni2_930.txt	22	0,00386	26	0,47628	4	1,90514
931	IDOL_MINNIE_Ni2_931.txt	22	0,00377	26	0,4523	4	1,8092
932	IDOL_MINNIE_Ni2_932.txt	22	0,00333	26	0,45474	4	1,81897
933	IDOL_MINNIE_Ni2_933.txt	23	0,00569	26	0,47285	3	1,41855
934	IDOL_MINNIE_Ni2_934.txt	24	0,00597	26	0,49725	2	0,9945
935	IDOL_MINNIE_Ni2_935.txt	23	0,01377	26	0,55534	3	1,66603
936	IDOL_MINNIE_Ni2_936.txt	23	0,01254	22	0,50746	1	0,50746
937	IDOL_MINNIE_Ni2_937.txt	23	0,00428	22	0,37142	1	0,37142
938	IDOL_MINNIE_Ni2_938.txt	22	0,00253	22	0,28784	0	0
939	IDOL_MINNIE_Ni2_939.txt	23	0,00803	22	0,20439	1	0,20439
940	IDOL_MINNIE_Ni2_940.txt	23	0,00679	22	0,20439	1	0,20439
941	IDOL_MINNIE_Ni2_941.txt	23	0,00567	22	0,11916	1	0,11916
942	IDOL_MINNIE_Ni2_942.txt	23	0,00492	22	0,04356	1	0,04356
943	IDOL_MINNIE_Ni2_943.txt	24	0,00632	22	0,09531	2	0,19063
944	IDOL_MINNIE_Ni2_944.txt	24	0,00577	22	0,14491	2	0,28981
945	IDOL_MINNIE_Ni2_945.txt	24	0,00459	22	0,28151	2	0,56301
946	IDOL_MINNIE_Ni2_946.txt	22	0,00673	22	0,40331	0	0
947	IDOL_MINNIE_Ni2_947.txt	24	0,00743	22	0,48191	2	0,96382
948	IDOL_MINNIE_Ni2_948.txt	22	0,01095	22	0,58043	0	0
949	IDOL_MINNIE_Ni2_949.txt	22	0,00429	25	0,55881	3	1,67642
950	IDOL_MINNIE_Ni2_950.txt	24	0,00981	25	0,56079	1	0,56079
951	IDOL_MINNIE_Ni2_951.txt	24	0,00603	25	0,53815	1	0,53815
952	IDOL_MINNIE_Ni2_952.txt	2	0,00418	25	0,53136	23	12,22119
953	IDOL_MINNIE_Ni2_953.txt	2	0,00408	25	0,51871	23	11,93034
954	IDOL_MINNIE_Ni2_954.txt	2	0,00763	25	0,56258	23	12,93931
955	IDOL_MINNIE_Ni2_955.txt	22	0,00319	25	0,61243	3	1,83728
956	IDOL_MINNIE_Ni2_956.txt	2	0,00403	25	0,66858	23	15,37737
957	IDOL_MINNIE_Ni2_957.txt	2	0,00489	25	0,75718	23	17,41515
958	IDOL_MINNIE_Ni2_958.txt	2	0,0047	25	0,82507	23	18,97655
959	IDOL_MINNIE_Ni2_959.txt	23	0,00498	25	0,88545	2	1,77091
960	IDOL_MINNIE_Ni2_960.txt	22	0,00373	25	0,9738	3	2,92141
961	IDOL_MINNIE_Ni2_961.txt	22	0,00424	25	1,02051	3	3,06154
962	IDOL_MINNIE_Ni2_962.txt	22	0,00356	25	1,05099	3	3,15298
963	IDOL_MINNIE_Ni2_963.txt	2	0,00584	25	1,1066	23	25,45189
964	IDOL_MINNIE_Ni2_964.txt	22	0,00922	25	1,1409	3	3,42269
965	IDOL_MINNIE_Ni2_965.txt	22	0,00506	25	1,18783	3	3,5635
966	IDOL_MINNIE_Ni2_966.txt	22	0,01109	25	1,21472	3	3,64415
967	IDOL_MINNIE_Ni2_967.txt	22	0,01223	25	1,25716	3	3,77147
968	IDOL_MINNIE_Ni2_968.txt	22	0,00248	25	1,23848	3	3,71544
969	IDOL_MINNIE_Ni2_969.txt	23	0,00381	25	1,24241	2	2,48482
970	IDOL_MINNIE_Ni2_970.txt	8	0,00417	25	1,24241	17	21,12097
971	IDOL_MINNIE_Ni2_971.txt	22	0,00393	25	1,25146	3	3,75437
972	IDOL_MINNIE_Ni2_972.txt	8	0,00413	25	1,26293	17	21,46983
973	IDOL_MINNIE_Ni2_973.txt	22	0,00364	25	1,27828	3	3,83483
974	IDOL_MINNIE_Ni2_974.txt	22	0,0032	25	1,27739	3	3,83218
975	IDOL_MINNIE_Ni2_975.txt	22	0,00302	25	1,2774	3	3,83219
976	IDOL_MINNIE_Ni2_976.txt	23	0,00516	25	1,2744	2	2,54879
977	IDOL_MINNIE_Ni2_977.txt	23	0,00349	25	1,26915	2	2,5383
978	IDOL_MINNIE_Ni2_978.txt	23	0,00309	25	1,26104	2	2,52209
979	IDOL_MINNIE_Ni2_979.txt	23	0,01276	25	1,25051	2	2,50102
980	IDOL_MINNIE_Ni2_980.txt	23	0,01052	25	1,23641	2	2,47283
981	IDOL_MINNIE_Ni2_981.txt	23	0,0173	25	1,22039	2	2,44077
982	IDOL_MINNIE_Ni2_982.txt	23	0,01016	25	1,20765	2	2,41529
983	IDOL_MINNIE_Ni2_983.txt	23	0,0156	25	1,19919	2	2,39837
984	IDOL_MINNIE_Ni2_984.txt	23	0,01755	25	1,1949	2	2,3898
985	IDOL_MINNIE_Ni2_985.txt	23	0,01401	25	1,19196	2	2,38391
986	IDOL_MINNIE_Ni2_986.txt	23	0,01325	25	1,19392	2	2,38784
987	IDOL_MINNIE_Ni2_987.txt	23	0,01746	25	1,20334	2	2,40668
988	IDOL_MINNIE_Ni2_988.txt	23	0,01113	25	1,2218	2	2,44359
989	IDOL_MINNIE_Ni2_989.txt	23	0,01151	25	1,24829	2	2,49657
990	IDOL_MINNIE_Ni2_990.txt	23	0,01155	25	1,27099	2	2,54198
991	IDOL_MINNIE_Ni2_991.txt	23	0,01107	25	1,27099	2	2,54198
992	IDOL_MINNIE_Ni2_992.txt	23	0,00887	25	1,29136	2	2,58272
993	IDOL_MINNIE_Ni2_993.txt	23	0,00882	25	1,31386	2	2,62771
994	IDOL_MINNIE_Ni2_994.txt	23	0,00787	23	1,33523	0	0
995	IDOL_MINNIE_Ni2_995.txt	23	0,00562	23	1,28232	0	0
996	IDOL_MINNIE_Ni2_996.txt	23	0,00564	23	1,22811	0	0
997	IDOL_MINNIE_Ni2_997.txt	23	0,00674	23	1,16746	0	0
998	IDOL_MINNIE_Ni2_998.txt	23	0,00878	23	1,10421	0	0
999	IDOL_MINNIE_Ni2_999.txt	23	0,00862	23	1,04565	0	0
1000	IDOL_MINNIE_Ni2_1000.txt	23	0,00321	23	1,00067	0	0
1001	IDOL_MINNIE_Ni2_1001.txt	23	0,00504	23	0,96006	0	0
1002	IDOL_MINNIE_Ni2_1002.txt	23	0,00501	23	0,91842	0	0
1003	IDOL_MINNIE_Ni2_1003.txt	14	0,00779	23	0,87269	9	7,85417
1004	IDOL_MINNIE_Ni2_1004.txt	16	0,00552	23	0,83309	7	5,83166
1005	IDOL_MINNIE_Ni2_1005.txt	16	0,00611	23	0,79003	7	5,5302
1006	IDOL_MINNIE_Ni2_1006.txt	16	0,00539	23	0,7429	7	5,20029
1007	IDOL_MINNIE_Ni2_1007.txt	16	0,00387	23	0,6867	7	4,8069
1008	IDOL_MINNIE_Ni2_1008.txt	16	0,00336	23	0,61958	7	4,33708
1009	IDOL_MINNIE_Ni2_1009.txt	16	0,00545	23	0,56084	7	3,92589
1010	IDOL_MINNIE_Ni2_1010.txt	16	0,00392	23	0,50266	7	3,51861
1011	IDOL_MINNIE_Ni2_1011.txt	16	0,00469	23	0,45078	7	3,15549
1012	IDOL_MINNIE_Ni2_1012.txt	23	0,00488	23	0,40969	0	0
1013	IDOL_MINNIE_Ni2_1013.txt	23	0,00395	23	0,38624	0	0
1014	IDOL_MINNIE_Ni2_1014.txt	23	0,00285	23	0,37453	0	0
1015	IDOL_MINNIE_Ni2_1015.txt	23	0,00385	23	0,37453	0	0
1016	IDOL_MINNIE_Ni2_1016.txt	23	0,00403	23	0,36408	0	0
1017	IDOL_MINNIE_Ni2_1017.txt	22	0,00349	23	0,35213	1	0,35213
1018	IDOL_MINNIE_Ni2_1018.txt	22	0,00426	23	0,34075	1	0,34075
1019	IDOL_MINNIE_Ni2_1019.txt	22	0,00364	23	0,33197	1	0,33197
1020	IDOL_MINNIE_Ni2_1020.txt	23	0,00339	23	0,33108	0	0
1021	IDOL_MINNIE_Ni2_1021.txt	23	0,00423	23	0,34171	0	0
1022	IDOL_MINNIE_Ni2_1022.txt	23	0,00276	23	0,3577	0	0
1023	IDOL_MINNIE_Ni2_1023.txt	23	0,00258	23	0,37825	0	0
1024	IDOL_MINNIE_Ni2_1024.txt	23	0,00226	23	0,39802	0	0
1025	IDOL_MINNIE_Ni2_1025.txt	23	0,00261	23	0,41678	0	0
1026	IDOL_MINNIE_Ni2_1026.txt	23	0,00302	23	0,43393	0	0
1027	IDOL_MINNIE_Ni2_1027.txt	23	0,0028	23	0,45253	0	0
1028	IDOL_MINNIE_Ni2_1028.txt	23	0,00224	23	0,47047	0	0
1029	IDOL_MINNIE_Ni2_1029.txt	23	0,00295	23	0,49572	0	0
1030	IDOL_MINNIE_Ni2_1030.txt	23	0,00335	23	0,53309	0	0
1031	IDOL_MINNIE_Ni2_1031.txt	23	0,00533	23	0,57814	0	0
1032	IDOL_MINNIE_Ni2_1032.txt	23	0,00473	23	0,69052	0	0
1033	IDOL_MINNIE_Ni2_1033.txt	23	0,00541	23	0,74867	0	0
1034	IDOL_MINNIE_Ni2_1034.txt	23	0,01296	23	0,80944	0	0
1035	IDOL_MINNIE_Ni2_1035.txt	23	0,01918	23	0,99465	0	0
1036	IDOL_MINNIE_Ni2_1036.txt	23	0,01166	23	1,04303	0	0
1037	IDOL_MINNIE_Ni2_1037.txt	23	0,00855	23	1,09365	0	0
1038	IDOL_MINNIE_Ni2_1038.txt	23	0,00517	23	1,15739	0	0
1039	IDOL_MINNIE_Ni2_1039.txt	23	0,00523	23	1,15739	0	0
1040	IDOL_MINNIE_Ni2_1040.txt	23	0,00447	23	1,21437	0	0
1041	IDOL_MINNIE_Ni2_1041.txt	23	0,00471	23	1,26531	0	0
1042	IDOL_MINNIE_Ni2_1042.txt	22	0,00529	24	1,25846	2	2,51692
1043	IDOL_MINNIE_Ni2_1043.txt	22	0,00461	24	1,2077	2	2,4154
1044	IDOL_MINNIE_Ni2_1044.txt	22	0,01	24	1,16529	2	2,33059
1045	IDOL_MINNIE_Ni2_1045.txt	22	0,0135	24	1,11768	2	2,23535
1046	IDOL_MINNIE_Ni2_1046.txt	22	0,00682	24	1,04134	2	2,08268
1047	IDOL_MINNIE_Ni2_1047.txt	2	0,00468	24	0,99079	22	21,79748
1048	IDOL_MINNIE_Ni2_1048.txt	2	0,00544	24	0,94313	22	20,7488
1049	IDOL_MINNIE_Ni2_1049.txt	24	0,00598	24	0,88592	0	0
1050	IDOL_MINNIE_Ni2_1050.txt	24	0,00735	24	0,84321	0	0
1051	IDOL_MINNIE_Ni2_1051.txt	24	0,00591	24	0,80822	0	0
1052	IDOL_MINNIE_Ni2_1052.txt	24	0,0135	24	0,76341	0	0
1053	IDOL_MINNIE_Ni2_1053.txt	24	0,01557	24	0,73992	0	0
1054	IDOL_MINNIE_Ni2_1054.txt	24	0,0153	24	0,7109	0	0
1055	IDOL_MINNIE_Ni2_1055.txt	24	0,01402	24	0,67392	0	0
1056	IDOL_MINNIE_Ni2_1056.txt	24	0,01711	24	0,59758	0	0
1057	IDOL_MINNIE_Ni2_1057.txt	24	0,01729	24	0,54131	0	0
1058	IDOL_MINNIE_Ni2_1058.txt	24	0,01524	24	0,48709	0	0
1059	IDOL_MINNIE_Ni2_1059.txt	24	0,0123	24	0,42101	0	0
1060	IDOL_MINNIE_Ni2_1060.txt	24	0,00786	24	0,39306	0	0
1061	IDOL_MINNIE_Ni2_1061.txt	24	0,01293	24	0,38426	0	0
1062	IDOL_MINNIE_Ni2_1062.txt	24	0,00464	24	0,38426	0	0
1063	IDOL_MINNIE_Ni2_1063.txt	24	0,00617	24	0,3976	0	0
1064	IDOL_MINNIE_Ni2_1064.txt	24	0,00518	24	0,40275	0	0
1065	IDOL_MINNIE_Ni2_1065.txt	24	0,00664	24	0,40039	0	0
1066	IDOL_MINNIE_Ni2_1066.txt	2	0,00439	24	0,42586	22	9,36892
1067	IDOL_MINNIE_Ni2_1067.txt	23	0,00448	24	0,44264	1	0,44264
1068	IDOL_MINNIE_Ni2_1068.txt	22	0,00385	24	0,45935	2	0,91871
1069	IDOL_MINNIE_Ni2_1069.txt	23	0,0047	24	0,47328	1	0,47328
1070	IDOL_MINNIE_Ni2_1070.txt	2	0,0059	24	0,49288	22	10,84329
1071	IDOL_MINNIE_Ni2_1071.txt	2	0,00653	24	0,50821	22	11,18056
1072	IDOL_MINNIE_Ni2_1072.txt	2	0,01446	24	0,52751	22	11,60529
1073	IDOL_MINNIE_Ni2_1073.txt	2	0,01176	24	0,55865	22	12,29022
1074	IDOL_MINNIE_Ni2_1074.txt	2	0,01178	24	0,56263	22	12,37787
1075	IDOL_MINNIE_Ni2_1075.txt	2	0,00913	24	0,58703	22	12,91472
1076	IDOL_MINNIE_Ni2_1076.txt	2	0,00653	24	0,646	22	14,21202
1077	IDOL_MINNIE_Ni2_1077.txt	26	0,00746	24	0,70228	2	1,40457
1078	IDOL_MINNIE_Ni2_1078.txt	26	0,00674	24	0,7467	2	1,4934
1079	IDOL_MINNIE_Ni2_1079.txt	0	0,00665	24	0,80373	24	19,28946
1080	IDOL_MINNIE_Ni2_1080.txt	0	0,00529	24	0,86751	24	20,82021
1081	IDOL_MINNIE_Ni2_1081.txt	18	0,00423	24	0,86751	6	5,20505
1082	IDOL_MINNIE_Ni2_1082.txt	0	0,00587	24	0,92628	24	22,23073
1083	IDOL_MINNIE_Ni2_1083.txt	0	0,008	24	0,98107	24	23,54567
1084	IDOL_MINNIE_Ni2_1084.txt	0	0,0059	24	1,03896	24	24,93512
1085	IDOL_MINNIE_Ni2_1085.txt	0	0,00785	24	1,11074	24	26,6577
1086	IDOL_MINNIE_Ni2_1086.txt	0	0,00745	24	1,22507	24	29,40162
1087	IDOL_MINNIE_Ni2_1087.txt	0	0,0067	24	1,28622	24	30,8693
1088	IDOL_MINNIE_Ni2_1088.txt	0	0,01073	24	1,31281	24	31,50755
1089	IDOL_MINNIE_Ni2_1089.txt	0	0,00633	25	1,31499	25	32,87469
1090	IDOL_MINNIE_Ni2_1090.txt	0	0,00586	25	1,24551	25	31,13779
1091	IDOL_MINNIE_Ni2_1091.txt	17	0,00303	25	1,182	8	9,45599
1092	IDOL_MINNIE_Ni2_1092.txt	17	0,00345	25	1,10686	8	8,85491
1093	IDOL_MINNIE_Ni2_1093.txt	17	0,0037	25	1,03139	8	8,25113
1094	IDOL_MINNIE_Ni2_1094.txt	17	0,00354	25	0,95266	8	7,62125
1095	IDOL_MINNIE_Ni2_1095.txt	17	0,00292	25	0,88485	8	7,07877
1096	IDOL_MINNIE_Ni2_1096.txt	18	0,00343	25	0,80236	7	5,61655
1097	IDOL_MINNIE_Ni2_1097.txt	18	0,0029	25	0,72573	7	5,08008
1098	IDOL_MINNIE_Ni2_1098.txt	17	0,00255	25	0,64594	8	5,16752
1099	IDOL_MINNIE_Ni2_1099.txt	17	0,00218	25	0,64594	8	5,16752
1100	IDOL_MINNIE_Ni2_1100.txt	17	0,00201	25	0,56445	8	4,5156
1101	IDOL_MINNIE_Ni2_1101.txt	17	0,00261	25	0,48537	8	3,88298
1102	IDOL_MINNIE_Ni2_1102.txt	18	0,0026	25	0,39574	7	2,77015
1103	IDOL_MINNIE_Ni2_1103.txt	18	0,00258	25	0,31649	7	2,21541
1104	IDOL_MINNIE_Ni2_1104.txt	18	0,00255	25	0,23654	7	1,6558
1105	IDOL_MINNIE_Ni2_1105.txt	17	0,00219	25	0,15218	8	1,21747
1106	IDOL_MINNIE_Ni2_1106.txt	17	0,0033	25	0,08252	8	0,66014
1107	IDOL_MINNIE_Ni2_1107.txt	17	0,00302	25	0,06554	8	0,52431
1108	IDOL_MINNIE_Ni2_1108.txt	17	0,00249	25	0,12789	8	1,02316
1109	IDOL_MINNIE_Ni2_1109.txt	18	0,00377	25	0,20269	7	1,41886
1110	IDOL_MINNIE_Ni2_1110.txt	17	0,00294	25	0,28458	8	2,27667
1111	IDOL_MINNIE_Ni2_1111.txt	17	0,00412	25	0,37155	8	2,97243
1112	IDOL_MINNIE_Ni2_1112.txt	27	0,00576	25	0,45465	2	0,90931
1113	IDOL_MINNIE_Ni2_1113.txt	17	0,00271	25	0,53696	8	4,29572
1114	IDOL_MINNIE_Ni2_1114.txt	18	0,0061	22	0,51372	4	2,05489
1115	IDOL_MINNIE_Ni2_1115.txt	17	0,00391	22	0,42757	5	2,13786
1116	IDOL_MINNIE_Ni2_1116.txt	17	0,0036	22	0,34807	5	1,74035
1117	IDOL_MINNIE_Ni2_1117.txt	17	0,00273	22	0,25841	5	1,29206
1118	IDOL_MINNIE_Ni2_1118.txt	17	0,00306	22	0,17701	5	0,88507
1119	IDOL_MINNIE_Ni2_1119.txt	17	0,00277	22	0,17701	5	0,88507
1120	IDOL_MINNIE_Ni2_1120.txt	17	0,00249	22	0,09577	5	0,47885
1121	IDOL_MINNIE_Ni2_1121.txt	17	0,0029	22	0,02388	5	0,11938
1122	IDOL_MINNIE_Ni2_1122.txt	18	0,00473	22	0,04973	4	0,19893
1123	IDOL_MINNIE_Ni2_1123.txt	12	0,0042	22	0,10942	10	1,09417
1124	IDOL_MINNIE_Ni2_1124.txt	4	0,00354	22	0,52171	18	9,39072
1125	IDOL_MINNIE_Ni2_1125.txt	26	0,00282	26	0,48655	0	0
1126	IDOL_MINNIE_Ni2_1126.txt	26	0,00362	26	0,35933	0	0
1127	IDOL_MINNIE_Ni2_1127.txt	3	0,00709	26	0,29133	23	6,7005
1128	IDOL_MINNIE_Ni2_1128.txt	3	0,00705	26	0,234	23	5,38194
1129	IDOL_MINNIE_Ni2_1129.txt	19	0,00562	26	0,14997	7	1,04976
1130	IDOL_MINNIE_Ni2_1130.txt	19	0,00378	26	0,14446	7	1,0112
1131	IDOL_MINNIE_Ni2_1131.txt	26	0,00582	26	0,16729	0	0
1132	IDOL_MINNIE_Ni2_1132.txt	19	0,00473	26	0,2136	7	1,49518
1133	IDOL_MINNIE_Ni2_1133.txt	3	0,00353	26	0,2749	23	6,3228
1134	IDOL_MINNIE_Ni2_1134.txt	18	0,00598	26	0,34096	8	2,72768
1135	IDOL_MINNIE_Ni2_1135.txt	11	0,00497	26	0,41366	15	6,20491
1136	IDOL_MINNIE_Ni2_1136.txt	27	0,00474	26	0,49819	1	0,49819
1137	IDOL_MINNIE_Ni2_1137.txt	27	0,00418	26	0,49819	1	0,49819
1138	IDOL_MINNIE_Ni2_1138.txt	4	0,00898	26	0,57864	22	12,73017
1139	IDOL_MINNIE_Ni2_1139.txt	27	0,00812	26	0,66147	1	0,66147
1140	IDOL_MINNIE_Ni2_1140.txt	27	0,0049	26	0,74667	1	0,74667
1141	IDOL_MINNIE_Ni2_1141.txt	27	0,00406	26	0,83121	1	0,83121
1142	IDOL_MINNIE_Ni2_1142.txt	4	0,00438	26	0,91296	22	20,08517
1143	IDOL_MINNIE_Ni2_1143.txt	4	0,00386	26	1,00201	22	22,04428
1144	IDOL_MINNIE_Ni2_1144.txt	4	0,00439	26	1,0865	22	23,90303
1145	IDOL_MINNIE_Ni2_1145.txt	4	0,00356	26	1,16874	22	25,71228
1146	IDOL_MINNIE_Ni2_1146.txt	4	0,00416	26	1,25663	22	27,64579
1147	IDOL_MINNIE_Ni2_1147.txt	21	0,00318	27	1,21551	6	7,29309
1148	IDOL_MINNIE_Ni2_1148.txt	27	0,00394	27	1,13248	0	0
1149	IDOL_MINNIE_Ni2_1149.txt	27	0,00314	27	1,05092	0	0
1150	IDOL_MINNIE_Ni2_1150.txt	4	0,00413	27	0,97054	23	22,32243
1151	IDOL_MINNIE_Ni2_1151.txt	27	0,00348	27	0,88922	0	0
1152	IDOL_MINNIE_Ni2_1152.txt	11	0,00384	27	0,8119	16	12,99037
1153	IDOL_MINNIE_Ni2_1153.txt	11	0,00425	27	0,73649	16	11,78391
1154	IDOL_MINNIE_Ni2_1154.txt	27	0,00388	27	0,52043	0	0
1155	IDOL_MINNIE_Ni2_1155.txt	27	0,00443	27	0,52043	0	0
1156	IDOL_MINNIE_Ni2_1156.txt	27	0,00383	27	0,44117	0	0
1157	IDOL_MINNIE_Ni2_1157.txt	27	0,00335	27	0,38631	0	0
1158	IDOL_MINNIE_Ni2_1158.txt	4	0,00333	27	0,35231	23	8,10323
1159	IDOL_MINNIE_Ni2_1159.txt	4	0,00336	27	0,33747	23	7,76172
1160	IDOL_MINNIE_Ni2_1160.txt	21	0,00339	27	0,35412	6	2,12473
1161	IDOL_MINNIE_Ni2_1161.txt	21	0,00356	27	0,39681	6	2,38086
1162	IDOL_MINNIE_Ni2_1162.txt	21	0,00416	27	0,45383	6	2,72296
1163	IDOL_MINNIE_Ni2_1163.txt	21	0,00456	27	0,52272	6	3,13632
1164	IDOL_MINNIE_Ni2_1164.txt	11	0,00422	27	0,59753	16	9,56041
1165	IDOL_MINNIE_Ni2_1165.txt	4	0,00322	27	0,68262	23	15,70026
1166	IDOL_MINNIE_Ni2_1166.txt	11	0,00357	27	0,77139	16	12,34229
1167	IDOL_MINNIE_Ni2_1167.txt	11	0,00423	27	0,86075	16	13,77193
1168	IDOL_MINNIE_Ni2_1168.txt	21	0,00413	27	0,95251	6	5,71508
1169	IDOL_MINNIE_Ni2_1169.txt	4	0,00344	27	1,04103	23	23,94361
1170	IDOL_MINNIE_Ni2_1170.txt	21	0,00395	27	1,13652	6	6,81914
1171	IDOL_MINNIE_Ni2_1171.txt	21	0,00285	27	1,22893	6	7,37356
1172	IDOL_MINNIE_Ni2_1172.txt	4	0,00386	3	1,27305	1	1,27305
1173	IDOL_MINNIE_Ni2_1173.txt	4	0,00448	3	1,1837	1	1,1837
1174	IDOL_MINNIE_Ni2_1174.txt	27	0,00474	3	1,1837	24	28,40876
1175	IDOL_MINNIE_Ni2_1175.txt	27	0,00576	3	1,09688	24	26,32502
1176	IDOL_MINNIE_Ni2_1176.txt	0	0,00522	3	1,01424	3	3,04271
1177	IDOL_MINNIE_Ni2_1177.txt	0	0,0033	3	0,92823	3	2,78468
1178	IDOL_MINNIE_Ni2_1178.txt	0	0,00399	3	0,85824	3	2,57471
1179	IDOL_MINNIE_Ni2_1179.txt	27	0,00296	3	0,78141	24	18,75375
1180	IDOL_MINNIE_Ni2_1180.txt	0	0,0026	3	0,72065	3	2,16194
1181	IDOL_MINNIE_Ni2_1181.txt	0	0,00297	3	0,65565	3	1,96694
