#	ImageName	Similar Node	Distance	Near Node	Distance	Transitions	Evaluation
1	IDOL_MINNIE_Ni4_1.txt	0	0,00584	3	0,38896	3	1,16689
2	IDOL_MINNIE_Ni4_2.txt	0	0,006	3	0,38896	3	1,16689
3	IDOL_MINNIE_Ni4_3.txt	0	0,0062	3	0,38896	3	1,16689
4	IDOL_MINNIE_Ni4_4.txt	0	0,00683	3	0,38896	3	1,16689
5	IDOL_MINNIE_Ni4_5.txt	0	0,00589	3	0,38896	3	1,16689
6	IDOL_MINNIE_Ni4_6.txt	0	0,00562	3	0,38896	3	1,16689
7	IDOL_MINNIE_Ni4_7.txt	0	0,00535	3	0,38896	3	1,16689
8	IDOL_MINNIE_Ni4_8.txt	0	0,00544	3	0,38929	3	1,16786
9	IDOL_MINNIE_Ni4_9.txt	0	0,00615	3	0,39302	3	1,17905
10	IDOL_MINNIE_Ni4_10.txt	0	0,00509	3	0,40705	3	1,22115
11	IDOL_MINNIE_Ni4_11.txt	0	0,00539	3	0,43157	3	1,2947
12	IDOL_MINNIE_Ni4_12.txt	1	0,00749	3	0,46888	2	0,93776
13	IDOL_MINNIE_Ni4_13.txt	0	0,00411	3	0,51828	3	1,55485
14	IDOL_MINNIE_Ni4_14.txt	0	0,00416	0	0,5009	0	0
15	IDOL_MINNIE_Ni4_15.txt	0	0,00674	0	0,42545	0	0
16	IDOL_MINNIE_Ni4_16.txt	1	0,00642	0	0,33809	1	0,33809
17	IDOL_MINNIE_Ni4_17.txt	1	0,00806	0	0,33809	1	0,33809
18	IDOL_MINNIE_Ni4_18.txt	1	0,00578	0	0,28827	1	0,28827
19	IDOL_MINNIE_Ni4_19.txt	0	0,00567	0	0,17988	0	0
20	IDOL_MINNIE_Ni4_20.txt	0	0,00515	0	0,09492	0	0
21	IDOL_MINNIE_Ni4_21.txt	0	0,00396	0	0,10014	0	0
22	IDOL_MINNIE_Ni4_22.txt	18	0,00347	0	0,18227	18	3,2809
23	IDOL_MINNIE_Ni4_23.txt	0	0,00434	0	0,28497	0	0
24	IDOL_MINNIE_Ni4_24.txt	1	0,00542	0	0,41051	1	0,41051
25	IDOL_MINNIE_Ni4_25.txt	1	0,00377	0	0,51516	1	0,51516
26	IDOL_MINNIE_Ni4_26.txt	0	0,00509	0	0,61962	0	0
27	IDOL_MINNIE_Ni4_27.txt	1	0,00702	0	0,74357	1	0,74357
28	IDOL_MINNIE_Ni4_28.txt	17	0,00212	0	0,84916	17	14,43566
29	IDOL_MINNIE_Ni4_29.txt	1	0,00535	0	0,9669	1	0,9669
30	IDOL_MINNIE_Ni4_30.txt	1	0,00566	0	1,07418	1	1,07418
31	IDOL_MINNIE_Ni4_31.txt	1	0,00684	0	1,17207	1	1,17207
32	IDOL_MINNIE_Ni4_32.txt	24	0,00709	0	1,29502	24	31,08054
33	IDOL_MINNIE_Ni4_33.txt	1	0,00555	0	1,29502	1	1,29502
34	IDOL_MINNIE_Ni4_34.txt	1	0,00505	1	1,20657	0	0
35	IDOL_MINNIE_Ni4_35.txt	0	0,00758	1	1,09307	1	1,09307
36	IDOL_MINNIE_Ni4_36.txt	0	0,00569	1	0,99203	1	0,99203
37	IDOL_MINNIE_Ni4_37.txt	0	0,00563	1	0,86606	1	0,86606
38	IDOL_MINNIE_Ni4_38.txt	18	0,00427	1	0,75313	17	12,80329
39	IDOL_MINNIE_Ni4_39.txt	18	0,00409	1	0,63691	17	10,82755
40	IDOL_MINNIE_Ni4_40.txt	18	0,00452	1	0,54866	17	9,32718
41	IDOL_MINNIE_Ni4_41.txt	18	0,00337	1	0,44388	17	7,54598
42	IDOL_MINNIE_Ni4_42.txt	18	0,00343	1	0,34162	17	5,80758
43	IDOL_MINNIE_Ni4_43.txt	18	0,00298	1	0,23148	17	3,93508
44	IDOL_MINNIE_Ni4_44.txt	17	0,00314	1	0,11167	16	1,78668
45	IDOL_MINNIE_Ni4_45.txt	0	0,0047	1	0,01457	1	0,01457
46	IDOL_MINNIE_Ni4_46.txt	18	0,00473	1	0,10822	17	1,83977
47	IDOL_MINNIE_Ni4_47.txt	11	0,00536	1	0,23725	10	2,37246
48	IDOL_MINNIE_Ni4_48.txt	11	0,00683	1	0,34618	10	3,46177
49	IDOL_MINNIE_Ni4_49.txt	11	0,00743	1	0,34618	10	3,46177
50	IDOL_MINNIE_Ni4_50.txt	11	0,00776	1	0,4278	10	4,27797
51	IDOL_MINNIE_Ni4_51.txt	20	0,00743	1	0,52783	19	10,02868
52	IDOL_MINNIE_Ni4_52.txt	24	0,0084	1	0,62462	23	14,36619
53	IDOL_MINNIE_Ni4_53.txt	2	0,00738	1	0,70633	1	0,70633
54	IDOL_MINNIE_Ni4_54.txt	20	0,00515	1	0,78261	19	14,86957
55	IDOL_MINNIE_Ni4_55.txt	3	0,00503	1	0,85132	2	1,70265
56	IDOL_MINNIE_Ni4_56.txt	19	0,00495	1	0,93238	18	16,78277
57	IDOL_MINNIE_Ni4_57.txt	19	0,00501	1	1,00778	18	18,1401
58	IDOL_MINNIE_Ni4_58.txt	3	0,00538	1	1,06338	2	2,12675
59	IDOL_MINNIE_Ni4_59.txt	7	0,0063	1	1,10835	6	6,65011
60	IDOL_MINNIE_Ni4_60.txt	2	0,00443	1	1,15274	1	1,15274
61	IDOL_MINNIE_Ni4_61.txt	2	0,00383	1	1,18578	1	1,18578
62	IDOL_MINNIE_Ni4_62.txt	2	0,00378	1	1,22074	1	1,22074
63	IDOL_MINNIE_Ni4_63.txt	2	0,00288	1	1,25765	1	1,25765
64	IDOL_MINNIE_Ni4_64.txt	9	0,00626	2	1,26364	7	8,84546
65	IDOL_MINNIE_Ni4_65.txt	2	0,00622	2	1,24018	0	0
66	IDOL_MINNIE_Ni4_66.txt	9	0,00535	2	1,24018	7	8,68127
67	IDOL_MINNIE_Ni4_67.txt	2	0,00655	2	1,17489	0	0
68	IDOL_MINNIE_Ni4_68.txt	2	0,00553	2	1,11749	0	0
69	IDOL_MINNIE_Ni4_69.txt	2	0,00663	2	1,05728	0	0
70	IDOL_MINNIE_Ni4_70.txt	2	0,00729	2	0,98745	0	0
71	IDOL_MINNIE_Ni4_71.txt	2	0,00985	2	0,90242	0	0
72	IDOL_MINNIE_Ni4_72.txt	24	0,00692	2	0,81453	22	17,91969
73	IDOL_MINNIE_Ni4_73.txt	24	0,00767	2	0,71301	22	15,6862
74	IDOL_MINNIE_Ni4_74.txt	24	0,00808	2	0,61315	22	13,48928
75	IDOL_MINNIE_Ni4_75.txt	23	0,00511	2	0,48968	21	10,2833
76	IDOL_MINNIE_Ni4_76.txt	2	0,00696	2	0,38645	0	0
77	IDOL_MINNIE_Ni4_77.txt	2	0,0084	2	0,27727	0	0
78	IDOL_MINNIE_Ni4_78.txt	3	0,00859	2	0,16451	1	0,16451
79	IDOL_MINNIE_Ni4_79.txt	3	0,01205	2	0,06908	1	0,06908
80	IDOL_MINNIE_Ni4_80.txt	3	0,01276	2	0,0687	1	0,0687
81	IDOL_MINNIE_Ni4_81.txt	2	0,01132	2	0,17442	0	0
82	IDOL_MINNIE_Ni4_82.txt	3	0,01445	2	0,17442	1	0,17442
83	IDOL_MINNIE_Ni4_83.txt	3	0,01412	2	0,27409	1	0,27409
84	IDOL_MINNIE_Ni4_84.txt	2	0,00866	2	0,37325	0	0
85	IDOL_MINNIE_Ni4_85.txt	2	0,00996	2	0,47931	0	0
86	IDOL_MINNIE_Ni4_86.txt	2	0,00627	2	0,58522	0	0
87	IDOL_MINNIE_Ni4_87.txt	2	0,00642	2	0,6841	0	0
88	IDOL_MINNIE_Ni4_88.txt	2	0,00554	2	0,81946	0	0
89	IDOL_MINNIE_Ni4_89.txt	2	0,00427	2	0,92883	0	0
90	IDOL_MINNIE_Ni4_90.txt	2	0,00515	2	1,03256	0	0
91	IDOL_MINNIE_Ni4_91.txt	2	0,00444	2	1,14463	0	0
92	IDOL_MINNIE_Ni4_92.txt	2	0,00488	2	1,25268	0	0
93	IDOL_MINNIE_Ni4_93.txt	2	0,00505	2	1,36448	0	0
94	IDOL_MINNIE_Ni4_94.txt	24	0,00686	2	1,477	22	32,49397
95	IDOL_MINNIE_Ni4_95.txt	2	0,00685	2	1,58392	0	0
96	IDOL_MINNIE_Ni4_96.txt	2	0,00664	0	1,54833	2	3,09666
97	IDOL_MINNIE_Ni4_97.txt	24	0,00697	0	1,50852	24	36,20454
98	IDOL_MINNIE_Ni4_98.txt	24	0,00777	0	1,50852	24	36,20454
99	IDOL_MINNIE_Ni4_99.txt	24	0,00621	0	1,47954	24	35,50886
100	IDOL_MINNIE_Ni4_100.txt	24	0,00934	0	1,43882	24	34,53168
101	IDOL_MINNIE_Ni4_101.txt	2	0,00693	0	1,38684	2	2,77369
102	IDOL_MINNIE_Ni4_102.txt	2	0,00564	0	1,3292	2	2,65839
103	IDOL_MINNIE_Ni4_103.txt	2	0,00359	0	1,27532	2	2,55065
104	IDOL_MINNIE_Ni4_104.txt	2	0,00485	0	1,21876	2	2,43752
105	IDOL_MINNIE_Ni4_105.txt	3	0,00391	0	1,16428	3	3,49283
106	IDOL_MINNIE_Ni4_106.txt	3	0,00571	0	1,11452	3	3,34355
107	IDOL_MINNIE_Ni4_107.txt	0	0,00522	0	1,05757	0	0
108	IDOL_MINNIE_Ni4_108.txt	25	0,00547	0	0,99727	25	24,93179
109	IDOL_MINNIE_Ni4_109.txt	3	0,00567	0	0,936	3	2,80799
110	IDOL_MINNIE_Ni4_110.txt	19	0,00603	0	0,82802	19	15,73244
111	IDOL_MINNIE_Ni4_111.txt	3	0,00632	0	0,75121	3	2,25364
112	IDOL_MINNIE_Ni4_112.txt	18	0,00578	0	0,7081	18	12,74575
113	IDOL_MINNIE_Ni4_113.txt	25	0,00349	0	0,67494	25	16,87348
114	IDOL_MINNIE_Ni4_114.txt	25	0,00646	0	0,67494	25	16,87348
115	IDOL_MINNIE_Ni4_115.txt	3	0,00454	3	0,61904	0	0
116	IDOL_MINNIE_Ni4_116.txt	3	0,00409	3	0,56214	0	0
117	IDOL_MINNIE_Ni4_117.txt	19	0,00473	3	0,49992	16	7,99867
118	IDOL_MINNIE_Ni4_118.txt	19	0,00641	3	0,45801	16	7,32822
119	IDOL_MINNIE_Ni4_119.txt	19	0,00901	3	0,42205	16	6,75278
120	IDOL_MINNIE_Ni4_120.txt	19	0,00567	3	0,39942	16	6,39078
121	IDOL_MINNIE_Ni4_121.txt	19	0,00732	3	0,35499	16	5,67978
122	IDOL_MINNIE_Ni4_122.txt	19	0,00826	3	0,30934	16	4,94943
123	IDOL_MINNIE_Ni4_123.txt	19	0,00585	3	0,25287	16	4,04587
124	IDOL_MINNIE_Ni4_124.txt	3	0,00443	3	0,21896	0	0
125	IDOL_MINNIE_Ni4_125.txt	3	0,00448	3	0,21412	0	0
126	IDOL_MINNIE_Ni4_126.txt	9	0,00492	3	0,29251	6	1,75506
127	IDOL_MINNIE_Ni4_127.txt	3	0,01247	3	0,39259	0	0
128	IDOL_MINNIE_Ni4_128.txt	20	0,00399	3	0,49234	17	8,36975
129	IDOL_MINNIE_Ni4_129.txt	12	0,00242	3	0,6005	9	5,40446
130	IDOL_MINNIE_Ni4_130.txt	12	0,00327	3	0,6005	9	5,40446
131	IDOL_MINNIE_Ni4_131.txt	10	0,00375	3	0,69955	7	4,89686
132	IDOL_MINNIE_Ni4_132.txt	10	0,00315	3	0,80433	7	5,6303
133	IDOL_MINNIE_Ni4_133.txt	10	0,0025	3	0,92046	7	6,44321
134	IDOL_MINNIE_Ni4_134.txt	10	0,00411	3	1,0193	7	7,13511
135	IDOL_MINNIE_Ni4_135.txt	10	0,00121	3	1,12335	7	7,86344
136	IDOL_MINNIE_Ni4_136.txt	10	0,00214	27	1,18709	17	20,18057
137	IDOL_MINNIE_Ni4_137.txt	10	0,00126	27	1,08064	17	18,3708
138	IDOL_MINNIE_Ni4_138.txt	12	0,00137	27	0,98035	15	14,70518
139	IDOL_MINNIE_Ni4_139.txt	10	0,00233	27	0,87851	17	14,9346
140	IDOL_MINNIE_Ni4_140.txt	12	0,00157	27	0,78097	15	11,71456
141	IDOL_MINNIE_Ni4_141.txt	12	0,00363	27	0,65604	15	9,84063
142	IDOL_MINNIE_Ni4_142.txt	12	0,00143	27	0,55836	15	8,37539
143	IDOL_MINNIE_Ni4_143.txt	12	0,00382	27	0,46274	15	6,94117
144	IDOL_MINNIE_Ni4_144.txt	12	0,00143	27	0,36469	15	5,47034
145	IDOL_MINNIE_Ni4_145.txt	12	0,00245	27	0,36469	15	5,47034
146	IDOL_MINNIE_Ni4_146.txt	4	0,00279	27	0,27913	23	6,42003
147	IDOL_MINNIE_Ni4_147.txt	4	0,0042	27	0,20759	23	4,77452
148	IDOL_MINNIE_Ni4_148.txt	12	0,0041	27	0,17498	15	2,62466
149	IDOL_MINNIE_Ni4_149.txt	21	0,00343	27	0,20166	6	1,20994
150	IDOL_MINNIE_Ni4_150.txt	21	0,00383	27	0,26928	6	1,61568
151	IDOL_MINNIE_Ni4_151.txt	4	0,00325	27	0,36093	23	8,30132
152	IDOL_MINNIE_Ni4_152.txt	21	0,0042	27	0,44768	6	2,68606
153	IDOL_MINNIE_Ni4_153.txt	27	0,00354	27	0,54043	0	0
154	IDOL_MINNIE_Ni4_154.txt	0	0,00553	27	0,63329	27	17,09892
155	IDOL_MINNIE_Ni4_155.txt	11	0,00526	27	0,72168	16	11,54683
156	IDOL_MINNIE_Ni4_156.txt	21	0,00495	27	0,82144	6	4,92863
157	IDOL_MINNIE_Ni4_157.txt	21	0,00439	27	0,93034	6	5,58201
158	IDOL_MINNIE_Ni4_158.txt	11	0,0042	27	1,09893	16	17,58283
159	IDOL_MINNIE_Ni4_159.txt	11	0,00467	4	1,16315	7	8,14203
160	IDOL_MINNIE_Ni4_160.txt	3	0,00558	4	1,0562	1	1,0562
161	IDOL_MINNIE_Ni4_161.txt	11	0,005	4	1,0562	7	7,39341
162	IDOL_MINNIE_Ni4_162.txt	26	0,0055	4	0,94653	22	20,82376
163	IDOL_MINNIE_Ni4_163.txt	26	0,00546	4	0,84211	22	18,52633
164	IDOL_MINNIE_Ni4_164.txt	20	0,00538	4	0,7303	16	11,68476
165	IDOL_MINNIE_Ni4_165.txt	27	0,0052	4	0,6329	23	14,55669
166	IDOL_MINNIE_Ni4_166.txt	11	0,00586	4	0,52889	7	3,70226
167	IDOL_MINNIE_Ni4_167.txt	11	0,00657	4	0,41247	7	2,88727
168	IDOL_MINNIE_Ni4_168.txt	20	0,00546	4	0,31269	16	5,00297
169	IDOL_MINNIE_Ni4_169.txt	3	0,0067	4	0,2147	1	0,2147
170	IDOL_MINNIE_Ni4_170.txt	4	0,00397	4	0,10851	0	0
171	IDOL_MINNIE_Ni4_171.txt	27	0,00563	4	0,07905	23	1,81805
172	IDOL_MINNIE_Ni4_172.txt	20	0,00624	4	0,15639	16	2,50228
173	IDOL_MINNIE_Ni4_173.txt	11	0,00599	4	0,25347	7	1,77431
174	IDOL_MINNIE_Ni4_174.txt	21	0,00392	4	0,36717	17	6,24184
175	IDOL_MINNIE_Ni4_175.txt	21	0,00507	4	0,46847	17	7,96396
176	IDOL_MINNIE_Ni4_176.txt	3	0,00791	4	0,57672	1	0,57672
177	IDOL_MINNIE_Ni4_177.txt	11	0,00371	4	0,57672	7	4,03707
178	IDOL_MINNIE_Ni4_178.txt	20	0,00616	4	0,68218	16	10,91482
179	IDOL_MINNIE_Ni4_179.txt	4	0,00418	4	0,7869	0	0
180	IDOL_MINNIE_Ni4_180.txt	4	0,00458	4	0,89561	0	0
181	IDOL_MINNIE_Ni4_181.txt	4	0,00458	4	1,0051	0	0
182	IDOL_MINNIE_Ni4_182.txt	21	0,00603	4	1,10683	17	18,81619
183	IDOL_MINNIE_Ni4_183.txt	20	0,00578	26	1,21797	6	7,30782
184	IDOL_MINNIE_Ni4_184.txt	4	0,00783	26	1,30414	22	28,691
185	IDOL_MINNIE_Ni4_185.txt	11	0,00507	26	1,45562	15	21,83436
186	IDOL_MINNIE_Ni4_186.txt	11	0,0062	26	1,56213	15	23,43202
187	IDOL_MINNIE_Ni4_187.txt	20	0,00535	26	1,65588	6	9,93527
188	IDOL_MINNIE_Ni4_188.txt	21	0,00457	9	1,69167	12	20,30007
189	IDOL_MINNIE_Ni4_189.txt	4	0,00393	9	1,60441	5	8,02207
190	IDOL_MINNIE_Ni4_190.txt	12	0,0036	9	1,52355	3	4,57064
191	IDOL_MINNIE_Ni4_191.txt	4	0,00405	9	1,42444	5	7,12221
192	IDOL_MINNIE_Ni4_192.txt	12	0,00314	9	1,34276	3	4,02829
193	IDOL_MINNIE_Ni4_193.txt	12	0,00267	9	1,34276	3	4,02829
194	IDOL_MINNIE_Ni4_194.txt	4	0,00599	9	1,26557	5	6,32785
195	IDOL_MINNIE_Ni4_195.txt	4	0,00498	9	1,19716	5	5,98582
196	IDOL_MINNIE_Ni4_196.txt	12	0,00441	9	1,10093	3	3,3028
197	IDOL_MINNIE_Ni4_197.txt	12	0,00237	9	1,03297	3	3,09892
198	IDOL_MINNIE_Ni4_198.txt	12	0,00321	9	0,97317	3	2,91952
199	IDOL_MINNIE_Ni4_199.txt	12	0,00648	9	0,93736	3	2,81209
200	IDOL_MINNIE_Ni4_200.txt	10	0,00376	9	0,90182	1	0,90182
201	IDOL_MINNIE_Ni4_201.txt	27	0,00501	9	0,85097	18	15,31749
202	IDOL_MINNIE_Ni4_202.txt	27	0,00477	9	0,81128	18	14,603
203	IDOL_MINNIE_Ni4_203.txt	20	0,00541	9	0,74779	11	8,22568
204	IDOL_MINNIE_Ni4_204.txt	3	0,00411	9	0,70611	6	4,23667
205	IDOL_MINNIE_Ni4_205.txt	9	0,00567	9	0,66091	0	0
206	IDOL_MINNIE_Ni4_206.txt	3	0,00501	9	0,60886	6	3,65315
207	IDOL_MINNIE_Ni4_207.txt	3	0,00643	9	0,60886	6	3,65315
208	IDOL_MINNIE_Ni4_208.txt	3	0,00651	9	0,55157	6	3,30945
209	IDOL_MINNIE_Ni4_209.txt	22	0,00494	9	0,48186	13	6,26419
210	IDOL_MINNIE_Ni4_210.txt	9	0,00483	9	0,42116	0	0
211	IDOL_MINNIE_Ni4_211.txt	2	0,00408	9	0,37313	7	2,61189
212	IDOL_MINNIE_Ni4_212.txt	2	0,00611	9	0,32068	7	2,24476
213	IDOL_MINNIE_Ni4_213.txt	2	0,00523	9	0,25859	7	1,81016
214	IDOL_MINNIE_Ni4_214.txt	8	0,00532	9	0,18262	1	0,18262
215	IDOL_MINNIE_Ni4_215.txt	14	0,0043	9	0,11772	5	0,5886
216	IDOL_MINNIE_Ni4_216.txt	14	0,00529	9	0,11498	5	0,57489
217	IDOL_MINNIE_Ni4_217.txt	5	0,00394	9	0,18703	4	0,74811
218	IDOL_MINNIE_Ni4_218.txt	14	0,00441	9	0,28648	5	1,4324
219	IDOL_MINNIE_Ni4_219.txt	5	0,00701	9	0,40845	4	1,6338
220	IDOL_MINNIE_Ni4_220.txt	5	0,00754	9	0,50881	4	2,03526
221	IDOL_MINNIE_Ni4_221.txt	8	0,00754	5	0,48516	3	1,45548
222	IDOL_MINNIE_Ni4_222.txt	8	0,00494	5	0,38805	3	1,16415
223	IDOL_MINNIE_Ni4_223.txt	8	0,00399	5	0,38805	3	1,16415
224	IDOL_MINNIE_Ni4_224.txt	14	0,00311	5	0,31243	9	2,81183
225	IDOL_MINNIE_Ni4_225.txt	14	0,00414	5	0,236	9	2,12399
226	IDOL_MINNIE_Ni4_226.txt	5	0,00563	5	0,17287	0	0
227	IDOL_MINNIE_Ni4_227.txt	14	0,00356	5	0,17728	9	1,59556
228	IDOL_MINNIE_Ni4_228.txt	14	0,0035	5	0,20454	9	1,84089
229	IDOL_MINNIE_Ni4_229.txt	14	0,0049	5	0,2936	9	2,64242
230	IDOL_MINNIE_Ni4_230.txt	13	0,00426	5	0,39463	8	3,15703
231	IDOL_MINNIE_Ni4_231.txt	8	0,00341	5	0,50235	3	1,50705
232	IDOL_MINNIE_Ni4_232.txt	2	0,00379	5	0,59008	3	1,77025
233	IDOL_MINNIE_Ni4_233.txt	22	0,00351	5	0,69882	17	11,88001
234	IDOL_MINNIE_Ni4_234.txt	22	0,00344	5	0,80051	17	13,60873
235	IDOL_MINNIE_Ni4_235.txt	8	0,00333	5	0,91811	3	2,75432
236	IDOL_MINNIE_Ni4_236.txt	23	0,00411	5	1,01572	18	18,28294
237	IDOL_MINNIE_Ni4_237.txt	23	0,00304	6	1,06728	17	18,14368
238	IDOL_MINNIE_Ni4_238.txt	8	0,00407	6	0,95763	2	1,91525
239	IDOL_MINNIE_Ni4_239.txt	23	0,00836	6	0,95763	17	16,27963
240	IDOL_MINNIE_Ni4_240.txt	14	0,00373	6	0,85533	8	6,84261
241	IDOL_MINNIE_Ni4_241.txt	14	0,00394	6	0,74592	8	5,96735
242	IDOL_MINNIE_Ni4_242.txt	5	0,00517	6	0,64825	1	0,64825
243	IDOL_MINNIE_Ni4_243.txt	14	0,00497	6	0,55417	8	4,43337
244	IDOL_MINNIE_Ni4_244.txt	14	0,00483	6	0,44964	8	3,5971
245	IDOL_MINNIE_Ni4_245.txt	14	0,00452	6	0,33972	8	2,71774
246	IDOL_MINNIE_Ni4_246.txt	14	0,00527	6	0,23639	8	1,89116
247	IDOL_MINNIE_Ni4_247.txt	14	0,00481	6	0,14985	8	1,19881
248	IDOL_MINNIE_Ni4_248.txt	6	0,00482	6	0,04291	0	0
249	IDOL_MINNIE_Ni4_249.txt	23	0,00723	6	0,09118	17	1,55003
250	IDOL_MINNIE_Ni4_250.txt	6	0,00582	6	0,20219	0	0
251	IDOL_MINNIE_Ni4_251.txt	23	0,00656	6	0,30788	17	5,23399
252	IDOL_MINNIE_Ni4_252.txt	6	0,00531	6	0,41793	0	0
253	IDOL_MINNIE_Ni4_253.txt	7	0,0056	6	0,52898	1	0,52898
254	IDOL_MINNIE_Ni4_254.txt	7	0,0058	8	0,57225	1	0,57225
255	IDOL_MINNIE_Ni4_255.txt	7	0,00365	8	0,57225	1	0,57225
256	IDOL_MINNIE_Ni4_256.txt	7	0,00272	8	0,52419	1	0,52419
257	IDOL_MINNIE_Ni4_257.txt	7	0,00233	8	0,48057	1	0,48057
258	IDOL_MINNIE_Ni4_258.txt	7	0,00362	8	0,44711	1	0,44711
259	IDOL_MINNIE_Ni4_259.txt	7	0,0043	8	0,42027	1	0,42027
260	IDOL_MINNIE_Ni4_260.txt	7	0,00487	8	0,41216	1	0,41216
261	IDOL_MINNIE_Ni4_261.txt	7	0,00289	8	0,42576	1	0,42576
262	IDOL_MINNIE_Ni4_262.txt	7	0,00671	8	0,44228	1	0,44228
263	IDOL_MINNIE_Ni4_263.txt	6	0,00656	8	0,48567	2	0,97133
264	IDOL_MINNIE_Ni4_264.txt	6	0,00568	8	0,52483	2	1,04966
265	IDOL_MINNIE_Ni4_265.txt	23	0,00846	7	0,54964	16	8,79429
266	IDOL_MINNIE_Ni4_266.txt	23	0,0051	7	0,49861	16	7,97772
267	IDOL_MINNIE_Ni4_267.txt	23	0,0054	7	0,44353	16	7,09646
268	IDOL_MINNIE_Ni4_268.txt	23	0,00436	7	0,40991	16	6,55851
269	IDOL_MINNIE_Ni4_269.txt	23	0,00363	7	0,39449	16	6,31182
270	IDOL_MINNIE_Ni4_270.txt	8	0,00527	7	0,39449	1	0,39449
271	IDOL_MINNIE_Ni4_271.txt	23	0,0057	7	0,39075	16	6,25205
272	IDOL_MINNIE_Ni4_272.txt	2	0,00552	7	0,40045	5	2,00225
273	IDOL_MINNIE_Ni4_273.txt	2	0,00353	7	0,41355	5	2,06775
274	IDOL_MINNIE_Ni4_274.txt	2	0,00355	7	0,42781	5	2,13903
275	IDOL_MINNIE_Ni4_275.txt	23	0,0035	7	0,44342	16	7,09469
276	IDOL_MINNIE_Ni4_276.txt	23	0,00427	7	0,46138	16	7,38206
277	IDOL_MINNIE_Ni4_277.txt	22	0,01115	8	0,45215	14	6,33016
278	IDOL_MINNIE_Ni4_278.txt	22	0,00558	8	0,42926	14	6,00964
279	IDOL_MINNIE_Ni4_279.txt	6	0,00675	8	0,40965	2	0,81931
280	IDOL_MINNIE_Ni4_280.txt	9	0,00488	8	0,38816	1	0,38816
281	IDOL_MINNIE_Ni4_281.txt	22	0,00459	8	0,37008	14	5,18107
282	IDOL_MINNIE_Ni4_282.txt	13	0,00606	8	0,35387	5	1,76937
283	IDOL_MINNIE_Ni4_283.txt	3	0,007	8	0,33935	5	1,69677
284	IDOL_MINNIE_Ni4_284.txt	3	0,01626	8	0,32799	5	1,63995
285	IDOL_MINNIE_Ni4_285.txt	3	0,0161	8	0,32064	5	1,60322
286	IDOL_MINNIE_Ni4_286.txt	3	0,00964	8	0,32064	5	1,60322
287	IDOL_MINNIE_Ni4_287.txt	3	0,01129	8	0,31494	5	1,57468
288	IDOL_MINNIE_Ni4_288.txt	22	0,00516	8	0,30408	14	4,25719
289	IDOL_MINNIE_Ni4_289.txt	8	0,00529	8	0,28701	0	0
290	IDOL_MINNIE_Ni4_290.txt	8	0,00575	8	0,25784	0	0
291	IDOL_MINNIE_Ni4_291.txt	8	0,00468	8	0,23503	0	0
292	IDOL_MINNIE_Ni4_292.txt	2	0,00456	8	0,22161	6	1,32967
293	IDOL_MINNIE_Ni4_293.txt	2	0,00516	8	0,22636	6	1,35813
294	IDOL_MINNIE_Ni4_294.txt	8	0,00383	8	0,24806	0	0
295	IDOL_MINNIE_Ni4_295.txt	8	0,00458	8	0,2963	0	0
296	IDOL_MINNIE_Ni4_296.txt	24	0,00775	8	0,35873	16	5,73967
297	IDOL_MINNIE_Ni4_297.txt	23	0,00653	8	0,43115	15	6,46726
298	IDOL_MINNIE_Ni4_298.txt	8	0,00357	8	0,514	0	0
299	IDOL_MINNIE_Ni4_299.txt	23	0,00362	6	0,50037	17	8,50628
300	IDOL_MINNIE_Ni4_300.txt	8	0,00447	6	0,39125	2	0,78251
301	IDOL_MINNIE_Ni4_301.txt	8	0,00553	6	0,28125	2	0,5625
302	IDOL_MINNIE_Ni4_302.txt	8	0,00446	6	0,28125	2	0,5625
303	IDOL_MINNIE_Ni4_303.txt	8	0,00413	6	0,17529	2	0,35058
304	IDOL_MINNIE_Ni4_304.txt	22	0,00587	6	0,06764	16	1,08227
305	IDOL_MINNIE_Ni4_305.txt	22	0,00493	6	0,04308	16	0,68932
306	IDOL_MINNIE_Ni4_306.txt	23	0,00555	6	0,15464	17	2,62884
307	IDOL_MINNIE_Ni4_307.txt	23	0,00441	6	0,27111	17	4,6088
308	IDOL_MINNIE_Ni4_308.txt	23	0,00644	6	0,37988	17	6,45792
309	IDOL_MINNIE_Ni4_309.txt	23	0,0041	6	0,48331	17	8,21632
310	IDOL_MINNIE_Ni4_310.txt	23	0,00466	6	0,5909	17	10,04533
311	IDOL_MINNIE_Ni4_311.txt	23	0,00469	6	0,70018	17	11,903
312	IDOL_MINNIE_Ni4_312.txt	23	0,0046	6	0,80671	17	13,71412
313	IDOL_MINNIE_Ni4_313.txt	23	0,0045	6	0,91599	17	15,57183
314	IDOL_MINNIE_Ni4_314.txt	9	0,00689	6	1,01711	3	3,05133
315	IDOL_MINNIE_Ni4_315.txt	9	0,01653	5	1,04	4	4,15998
316	IDOL_MINNIE_Ni4_316.txt	9	0,01428	5	0,92862	4	3,71446
317	IDOL_MINNIE_Ni4_317.txt	9	0,01111	5	0,82004	4	3,28015
318	IDOL_MINNIE_Ni4_318.txt	3	0,01087	5	0,71618	2	1,43237
319	IDOL_MINNIE_Ni4_319.txt	9	0,00588	5	0,71618	4	2,86474
320	IDOL_MINNIE_Ni4_320.txt	9	0,00399	5	0,60051	4	2,40206
321	IDOL_MINNIE_Ni4_321.txt	9	0,00459	5	0,49286	4	1,97144
322	IDOL_MINNIE_Ni4_322.txt	9	0,00521	5	0,39179	4	1,56715
323	IDOL_MINNIE_Ni4_323.txt	9	0,00526	5	0,28336	4	1,13343
324	IDOL_MINNIE_Ni4_324.txt	9	0,00816	5	0,20672	4	0,82689
325	IDOL_MINNIE_Ni4_325.txt	9	0,00609	5	0,10454	4	0,41816
326	IDOL_MINNIE_Ni4_326.txt	9	0,00578	5	0,06989	4	0,27957
327	IDOL_MINNIE_Ni4_327.txt	9	0,00461	5	0,15668	4	0,6267
328	IDOL_MINNIE_Ni4_328.txt	9	0,00563	5	0,26465	4	1,05861
329	IDOL_MINNIE_Ni4_329.txt	9	0,00563	5	0,36684	4	1,46737
330	IDOL_MINNIE_Ni4_330.txt	9	0,00724	5	0,47283	4	1,89132
331	IDOL_MINNIE_Ni4_331.txt	9	0,00835	9	0,43808	0	0
332	IDOL_MINNIE_Ni4_332.txt	9	0,00634	9	0,32496	0	0
333	IDOL_MINNIE_Ni4_333.txt	9	0,00788	9	0,22646	0	0
334	IDOL_MINNIE_Ni4_334.txt	9	0,00601	9	0,12158	0	0
335	IDOL_MINNIE_Ni4_335.txt	9	0,01243	9	0,12158	0	0
336	IDOL_MINNIE_Ni4_336.txt	9	0,0053	9	0,06266	0	0
337	IDOL_MINNIE_Ni4_337.txt	9	0,00379	9	0,13676	0	0
338	IDOL_MINNIE_Ni4_338.txt	9	0,00273	9	0,24045	0	0
339	IDOL_MINNIE_Ni4_339.txt	9	0,00383	9	0,35094	0	0
340	IDOL_MINNIE_Ni4_340.txt	9	0,00571	9	0,45969	0	0
341	IDOL_MINNIE_Ni4_341.txt	22	0,00523	9	0,57167	13	7,43168
342	IDOL_MINNIE_Ni4_342.txt	19	0,0054	21	0,62018	2	1,24035
343	IDOL_MINNIE_Ni4_343.txt	19	0,00649	21	0,55102	2	1,10204
344	IDOL_MINNIE_Ni4_344.txt	19	0,00675	21	0,48701	2	0,97402
345	IDOL_MINNIE_Ni4_345.txt	19	0,01103	21	0,43164	2	0,86327
346	IDOL_MINNIE_Ni4_346.txt	19	0,01133	21	0,38604	2	0,77209
347	IDOL_MINNIE_Ni4_347.txt	19	0,01668	21	0,33611	2	0,67223
348	IDOL_MINNIE_Ni4_348.txt	19	0,01807	21	0,29316	2	0,58631
349	IDOL_MINNIE_Ni4_349.txt	19	0,01123	21	0,26152	2	0,52304
350	IDOL_MINNIE_Ni4_350.txt	19	0,00762	10	0,18046	9	1,62414
351	IDOL_MINNIE_Ni4_351.txt	3	0,00519	10	0,18046	7	1,26322
352	IDOL_MINNIE_Ni4_352.txt	11	0,00508	10	0,13677	1	0,13677
353	IDOL_MINNIE_Ni4_353.txt	3	0,00512	10	0,06908	7	0,48355
354	IDOL_MINNIE_Ni4_354.txt	4	0,00274	10	0,10286	6	0,61714
355	IDOL_MINNIE_Ni4_355.txt	4	0,00442	10	0,2003	6	1,20179
356	IDOL_MINNIE_Ni4_356.txt	20	0,01133	11	0,15197	9	1,36772
357	IDOL_MINNIE_Ni4_357.txt	12	0,00454	11	0,0485	1	0,0485
358	IDOL_MINNIE_Ni4_358.txt	12	0,00472	11	0,05928	1	0,05928
359	IDOL_MINNIE_Ni4_359.txt	12	0,00626	11	0,16404	1	0,16404
360	IDOL_MINNIE_Ni4_360.txt	12	0,0043	11	0,26676	1	0,26676
361	IDOL_MINNIE_Ni4_361.txt	12	0,00573	11	0,37723	1	0,37723
362	IDOL_MINNIE_Ni4_362.txt	12	0,00238	11	0,47985	1	0,47985
363	IDOL_MINNIE_Ni4_363.txt	12	0,00242	11	0,66396	1	0,66396
364	IDOL_MINNIE_Ni4_364.txt	10	0,00354	11	0,8308	1	0,8308
365	IDOL_MINNIE_Ni4_365.txt	10	0,00337	11	0,95007	1	0,95007
366	IDOL_MINNIE_Ni4_366.txt	10	0,00418	11	1,06528	1	1,06528
367	IDOL_MINNIE_Ni4_367.txt	4	0,00625	11	1,06528	7	7,45697
368	IDOL_MINNIE_Ni4_368.txt	10	0,00458	11	1,17511	1	1,17511
369	IDOL_MINNIE_Ni4_369.txt	10	0,00276	11	1,27198	1	1,27198
370	IDOL_MINNIE_Ni4_370.txt	12	0,00505	12	1,18544	0	0
371	IDOL_MINNIE_Ni4_371.txt	10	0,00247	12	1,06684	2	2,13368
372	IDOL_MINNIE_Ni4_372.txt	12	0,00349	12	0,95146	0	0
373	IDOL_MINNIE_Ni4_373.txt	10	0,002	12	0,85834	2	1,71669
374	IDOL_MINNIE_Ni4_374.txt	10	0,00259	12	0,73932	2	1,47863
375	IDOL_MINNIE_Ni4_375.txt	12	0,00358	12	0,64837	0	0
376	IDOL_MINNIE_Ni4_376.txt	4	0,00364	12	0,55048	8	4,40381
377	IDOL_MINNIE_Ni4_377.txt	4	0,01227	12	0,45827	8	3,66616
378	IDOL_MINNIE_Ni4_378.txt	4	0,0107	12	0,37349	8	2,98792
379	IDOL_MINNIE_Ni4_379.txt	4	0,00596	12	0,30723	8	2,45784
380	IDOL_MINNIE_Ni4_380.txt	3	0,01568	12	0,25728	9	2,31549
381	IDOL_MINNIE_Ni4_381.txt	4	0,00963	12	0,25168	8	2,01344
382	IDOL_MINNIE_Ni4_382.txt	3	0,01021	12	0,28229	9	2,54061
383	IDOL_MINNIE_Ni4_383.txt	20	0,00907	12	0,28229	8	2,25832
384	IDOL_MINNIE_Ni4_384.txt	4	0,00761	12	0,29432	8	2,35454
385	IDOL_MINNIE_Ni4_385.txt	4	0,00748	12	0,35949	8	2,87591
386	IDOL_MINNIE_Ni4_386.txt	4	0,00833	12	0,44478	8	3,55823
387	IDOL_MINNIE_Ni4_387.txt	4	0,00703	12	0,54116	8	4,32929
388	IDOL_MINNIE_Ni4_388.txt	4	0,00401	12	0,64801	8	5,18411
389	IDOL_MINNIE_Ni4_389.txt	4	0,0044	12	0,74482	8	5,95856
390	IDOL_MINNIE_Ni4_390.txt	4	0,00714	12	0,85234	8	6,8187
391	IDOL_MINNIE_Ni4_391.txt	12	0,00466	12	0,95633	0	0
392	IDOL_MINNIE_Ni4_392.txt	12	0,00553	12	1,06909	0	0
393	IDOL_MINNIE_Ni4_393.txt	4	0,00634	12	1,18067	8	9,44537
394	IDOL_MINNIE_Ni4_394.txt	12	0,00417	12	1,29044	0	0
395	IDOL_MINNIE_Ni4_395.txt	12	0,00522	13	1,24255	1	1,24255
396	IDOL_MINNIE_Ni4_396.txt	12	0,00171	13	1,17444	1	1,17444
397	IDOL_MINNIE_Ni4_397.txt	12	0,00181	13	1,1021	1	1,1021
398	IDOL_MINNIE_Ni4_398.txt	12	0,00488	13	1,02866	1	1,02866
399	IDOL_MINNIE_Ni4_399.txt	4	0,0039	13	1,02866	9	9,2579
400	IDOL_MINNIE_Ni4_400.txt	4	0,00469	13	0,96598	9	8,69385
401	IDOL_MINNIE_Ni4_401.txt	4	0,00747	13	0,89561	9	8,06052
402	IDOL_MINNIE_Ni4_402.txt	3	0,00394	13	0,82562	10	8,25623
403	IDOL_MINNIE_Ni4_403.txt	3	0,00551	13	0,7412	10	7,41195
404	IDOL_MINNIE_Ni4_404.txt	3	0,00538	13	0,6768	10	6,768
405	IDOL_MINNIE_Ni4_405.txt	3	0,00409	13	0,60405	10	6,04051
406	IDOL_MINNIE_Ni4_406.txt	3	0,00507	13	0,54905	10	5,49053
407	IDOL_MINNIE_Ni4_407.txt	3	0,00604	13	0,49498	10	4,9498
408	IDOL_MINNIE_Ni4_408.txt	2	0,00559	13	0,45552	11	5,01076
409	IDOL_MINNIE_Ni4_409.txt	22	0,005	13	0,40566	9	3,65097
410	IDOL_MINNIE_Ni4_410.txt	16	0,00588	13	0,35726	3	1,07178
411	IDOL_MINNIE_Ni4_411.txt	14	0,00566	13	0,28036	1	0,28036
412	IDOL_MINNIE_Ni4_412.txt	5	0,00536	13	0,19577	8	1,56619
413	IDOL_MINNIE_Ni4_413.txt	5	0,00472	13	0,10606	8	0,84852
414	IDOL_MINNIE_Ni4_414.txt	5	0,00808	13	0,0429	8	0,34321
415	IDOL_MINNIE_Ni4_415.txt	22	0,00436	13	0,11261	9	1,01346
416	IDOL_MINNIE_Ni4_416.txt	13	0,00463	13	0,20076	0	0
417	IDOL_MINNIE_Ni4_417.txt	13	0,0077	13	0,20076	0	0
418	IDOL_MINNIE_Ni4_418.txt	13	0,0055	13	0,32194	0	0
419	IDOL_MINNIE_Ni4_419.txt	13	0,00548	13	0,38598	0	0
420	IDOL_MINNIE_Ni4_420.txt	22	0,00417	13	0,48907	9	4,40161
421	IDOL_MINNIE_Ni4_421.txt	24	0,00671	18	0,42765	6	2,56588
422	IDOL_MINNIE_Ni4_422.txt	13	0,00608	18	0,31935	5	1,59677
423	IDOL_MINNIE_Ni4_423.txt	24	0,00839	18	0,22298	6	1,33788
424	IDOL_MINNIE_Ni4_424.txt	24	0,00766	18	0,15716	6	0,94297
425	IDOL_MINNIE_Ni4_425.txt	13	0,00727	18	0,11654	5	0,58269
426	IDOL_MINNIE_Ni4_426.txt	13	0,00829	18	0,16503	5	0,82516
427	IDOL_MINNIE_Ni4_427.txt	13	0,00502	18	0,25803	5	1,29014
428	IDOL_MINNIE_Ni4_428.txt	13	0,00619	18	0,35508	5	1,77541
429	IDOL_MINNIE_Ni4_429.txt	13	0,00653	14	0,43982	1	0,43982
430	IDOL_MINNIE_Ni4_430.txt	13	0,00533	14	0,45731	1	0,45731
431	IDOL_MINNIE_Ni4_431.txt	13	0,0055	14	0,50106	1	0,50106
432	IDOL_MINNIE_Ni4_432.txt	24	0,00566	14	0,55417	10	5,54169
433	IDOL_MINNIE_Ni4_433.txt	13	0,00472	15	0,55121	2	1,10243
434	IDOL_MINNIE_Ni4_434.txt	24	0,00769	15	0,44379	9	3,99411
435	IDOL_MINNIE_Ni4_435.txt	13	0,00653	15	0,33536	2	0,67073
436	IDOL_MINNIE_Ni4_436.txt	24	0,0057	15	0,22905	9	2,06145
437	IDOL_MINNIE_Ni4_437.txt	13	0,00572	15	0,13609	2	0,27217
438	IDOL_MINNIE_Ni4_438.txt	23	0,00494	15	0,05673	8	0,45383
439	IDOL_MINNIE_Ni4_439.txt	23	0,00491	15	0,14681	8	1,17451
440	IDOL_MINNIE_Ni4_440.txt	23	0,00465	15	0,24829	8	1,98634
441	IDOL_MINNIE_Ni4_441.txt	23	0,00528	15	0,3672	8	2,93763
442	IDOL_MINNIE_Ni4_442.txt	23	0,00511	17	0,32357	6	1,94143
443	IDOL_MINNIE_Ni4_443.txt	23	0,00529	17	0,32357	6	1,94143
444	IDOL_MINNIE_Ni4_444.txt	23	0,00468	17	0,22995	6	1,3797
445	IDOL_MINNIE_Ni4_445.txt	7	0,00567	17	0,16792	10	1,67919
446	IDOL_MINNIE_Ni4_446.txt	7	0,00532	17	0,16944	10	1,6944
447	IDOL_MINNIE_Ni4_447.txt	23	0,0045	17	0,22731	6	1,36386
448	IDOL_MINNIE_Ni4_448.txt	23	0,00391	16	0,28231	7	1,9762
449	IDOL_MINNIE_Ni4_449.txt	7	0,00528	16	0,20499	9	1,84492
450	IDOL_MINNIE_Ni4_450.txt	7	0,0027	16	0,10709	9	0,9638
451	IDOL_MINNIE_Ni4_451.txt	23	0,00459	16	0,0329	7	0,23027
452	IDOL_MINNIE_Ni4_452.txt	7	0,0051	16	0,08902	9	0,80119
453	IDOL_MINNIE_Ni4_453.txt	7	0,0045	16	0,17357	9	1,56214
454	IDOL_MINNIE_Ni4_454.txt	23	0,00499	16	0,23976	7	1,67835
455	IDOL_MINNIE_Ni4_455.txt	16	0,00608	16	0,29526	0	0
456	IDOL_MINNIE_Ni4_456.txt	23	0,0066	16	0,33035	7	2,31246
457	IDOL_MINNIE_Ni4_457.txt	23	0,00621	16	0,35471	7	2,48296
458	IDOL_MINNIE_Ni4_458.txt	16	0,00751	16	0,36761	0	0
459	IDOL_MINNIE_Ni4_459.txt	16	0,00761	16	0,36761	0	0
460	IDOL_MINNIE_Ni4_460.txt	16	0,00783	16	0,37323	0	0
461	IDOL_MINNIE_Ni4_461.txt	16	0,00582	16	0,3725	0	0
462	IDOL_MINNIE_Ni4_462.txt	16	0,00552	16	0,36896	0	0
463	IDOL_MINNIE_Ni4_463.txt	7	0,00605	16	0,36577	9	3,29192
464	IDOL_MINNIE_Ni4_464.txt	8	0,00494	16	0,35954	8	2,87634
465	IDOL_MINNIE_Ni4_465.txt	14	0,00553	16	0,35206	2	0,70411
466	IDOL_MINNIE_Ni4_466.txt	16	0,00489	16	0,34381	0	0
467	IDOL_MINNIE_Ni4_467.txt	6	0,00733	16	0,33451	10	3,34511
468	IDOL_MINNIE_Ni4_468.txt	6	0,0108	16	0,32465	10	3,24649
469	IDOL_MINNIE_Ni4_469.txt	6	0,01486	16	0,31468	10	3,14679
470	IDOL_MINNIE_Ni4_470.txt	6	0,01622	16	0,30325	10	3,03248
471	IDOL_MINNIE_Ni4_471.txt	6	0,01818	16	0,29199	10	2,91987
472	IDOL_MINNIE_Ni4_472.txt	6	0,0171	16	0,27904	10	2,79037
473	IDOL_MINNIE_Ni4_473.txt	6	0,00706	16	0,2659	10	2,65897
474	IDOL_MINNIE_Ni4_474.txt	14	0,00521	16	0,25159	2	0,50318
475	IDOL_MINNIE_Ni4_475.txt	23	0,00422	16	0,25159	7	1,76112
476	IDOL_MINNIE_Ni4_476.txt	23	0,00422	16	0,23728	7	1,66095
477	IDOL_MINNIE_Ni4_477.txt	16	0,00403	16	0,22172	0	0
478	IDOL_MINNIE_Ni4_478.txt	14	0,00426	16	0,2059	2	0,41181
479	IDOL_MINNIE_Ni4_479.txt	16	0,0043	16	0,19134	0	0
480	IDOL_MINNIE_Ni4_480.txt	8	0,00428	16	0,1734	8	1,38722
481	IDOL_MINNIE_Ni4_481.txt	8	0,00453	16	0,15697	8	1,25574
482	IDOL_MINNIE_Ni4_482.txt	2	0,0058	16	0,14005	14	1,96072
483	IDOL_MINNIE_Ni4_483.txt	2	0,00818	16	0,1231	14	1,72345
484	IDOL_MINNIE_Ni4_484.txt	3	0,01554	16	0,1059	13	1,3767
485	IDOL_MINNIE_Ni4_485.txt	26	0,0059	16	0,08818	10	0,88181
486	IDOL_MINNIE_Ni4_486.txt	3	0,00897	16	0,07445	13	0,96789
487	IDOL_MINNIE_Ni4_487.txt	25	0,00641	16	0,06623	9	0,59611
488	IDOL_MINNIE_Ni4_488.txt	18	0,00256	16	0,06622	2	0,13244
489	IDOL_MINNIE_Ni4_489.txt	17	0,00318	16	0,07672	1	0,07672
490	IDOL_MINNIE_Ni4_490.txt	18	0,00513	16	0,10493	2	0,20986
491	IDOL_MINNIE_Ni4_491.txt	3	0,00782	16	0,10493	13	1,36406
492	IDOL_MINNIE_Ni4_492.txt	3	0,00821	16	0,15146	13	1,96904
493	IDOL_MINNIE_Ni4_493.txt	3	0,00812	16	0,21111	13	2,74443
494	IDOL_MINNIE_Ni4_494.txt	3	0,00993	16	0,27152	13	3,5297
495	IDOL_MINNIE_Ni4_495.txt	3	0,00566	16	0,34232	13	4,45011
496	IDOL_MINNIE_Ni4_496.txt	26	0,00618	17	0,40863	9	3,67771
497	IDOL_MINNIE_Ni4_497.txt	11	0,00552	17	0,38481	6	2,30886
498	IDOL_MINNIE_Ni4_498.txt	18	0,00231	17	0,33253	1	0,33253
499	IDOL_MINNIE_Ni4_499.txt	18	0,00336	17	0,34945	1	0,34945
500	IDOL_MINNIE_Ni4_500.txt	25	0,00286	17	0,38533	8	3,08263
501	IDOL_MINNIE_Ni4_501.txt	17	0,00223	15	0,40349	2	0,80697
502	IDOL_MINNIE_Ni4_502.txt	17	0,00352	15	0,30103	2	0,60206
503	IDOL_MINNIE_Ni4_503.txt	17	0,00338	15	0,20278	2	0,40555
504	IDOL_MINNIE_Ni4_504.txt	17	0,00291	15	0,12852	2	0,25704
505	IDOL_MINNIE_Ni4_505.txt	25	0,00295	15	0,12919	10	1,29191
506	IDOL_MINNIE_Ni4_506.txt	17	0,00346	15	0,20524	2	0,41048
507	IDOL_MINNIE_Ni4_507.txt	25	0,00449	15	0,3023	10	3,02298
508	IDOL_MINNIE_Ni4_508.txt	17	0,00464	15	0,40827	2	0,81655
509	IDOL_MINNIE_Ni4_509.txt	17	0,00445	15	0,40827	2	0,81655
510	IDOL_MINNIE_Ni4_510.txt	17	0,00442	15	0,51375	2	1,02749
511	IDOL_MINNIE_Ni4_511.txt	17	0,00438	14	0,45743	3	1,37228
512	IDOL_MINNIE_Ni4_512.txt	17	0,00387	14	0,35487	3	1,06461
513	IDOL_MINNIE_Ni4_513.txt	17	0,00311	14	0,26994	3	0,80981
514	IDOL_MINNIE_Ni4_514.txt	17	0,00308	14	0,21251	3	0,63754
515	IDOL_MINNIE_Ni4_515.txt	25	0,00418	14	0,21	11	2,31001
516	IDOL_MINNIE_Ni4_516.txt	25	0,00253	14	0,26156	11	2,87714
517	IDOL_MINNIE_Ni4_517.txt	18	0,00375	18	0,16292	0	0
518	IDOL_MINNIE_Ni4_518.txt	25	0,00637	18	0,07174	7	0,50215
519	IDOL_MINNIE_Ni4_519.txt	25	0,00319	18	0,0827	7	0,57887
520	IDOL_MINNIE_Ni4_520.txt	25	0,00682	18	0,18962	7	1,32731
521	IDOL_MINNIE_Ni4_521.txt	0	0,0093	18	0,29088	18	5,2359
522	IDOL_MINNIE_Ni4_522.txt	25	0,00581	18	0,39994	7	2,79956
523	IDOL_MINNIE_Ni4_523.txt	25	0,00445	13	0,49968	12	5,99621
524	IDOL_MINNIE_Ni4_524.txt	17	0,00334	13	0,40174	4	1,60696
525	IDOL_MINNIE_Ni4_525.txt	17	0,00352	13	0,40174	4	1,60696
526	IDOL_MINNIE_Ni4_526.txt	17	0,0034	13	0,29283	4	1,17131
527	IDOL_MINNIE_Ni4_527.txt	17	0,00349	13	0,1838	4	0,73518
528	IDOL_MINNIE_Ni4_528.txt	17	0,00342	13	0,09092	4	0,36369
529	IDOL_MINNIE_Ni4_529.txt	17	0,0024	13	0,08565	4	0,34258
530	IDOL_MINNIE_Ni4_530.txt	17	0,00336	13	0,17527	4	0,70107
531	IDOL_MINNIE_Ni4_531.txt	25	0,00299	13	0,28449	12	3,41385
532	IDOL_MINNIE_Ni4_532.txt	0	0,00639	13	0,39215	13	5,09794
533	IDOL_MINNIE_Ni4_533.txt	18	0,00508	13	0,49599	5	2,47993
534	IDOL_MINNIE_Ni4_534.txt	18	0,00212	13	0,59605	5	2,98027
535	IDOL_MINNIE_Ni4_535.txt	18	0,00409	13	0,71255	5	3,56277
536	IDOL_MINNIE_Ni4_536.txt	26	0,00715	19	0,6236	7	4,36521
537	IDOL_MINNIE_Ni4_537.txt	26	0,00441	19	0,53661	7	3,75625
538	IDOL_MINNIE_Ni4_538.txt	3	0,00501	19	0,44559	16	7,12951
539	IDOL_MINNIE_Ni4_539.txt	3	0,00842	19	0,35161	16	5,62578
540	IDOL_MINNIE_Ni4_540.txt	3	0,00635	19	0,27738	16	4,43813
541	IDOL_MINNIE_Ni4_541.txt	7	0,00622	19	0,27738	12	3,32859
542	IDOL_MINNIE_Ni4_542.txt	7	0,00573	19	0,22099	12	2,65183
543	IDOL_MINNIE_Ni4_543.txt	19	0,0055	19	0,2155	0	0
544	IDOL_MINNIE_Ni4_544.txt	19	0,00669	19	0,22891	0	0
545	IDOL_MINNIE_Ni4_545.txt	19	0,00433	19	0,25773	0	0
546	IDOL_MINNIE_Ni4_546.txt	19	0,00761	19	0,27966	0	0
547	IDOL_MINNIE_Ni4_547.txt	19	0,00468	19	0,33052	0	0
548	IDOL_MINNIE_Ni4_548.txt	3	0,00735	20	0,31718	17	5,3921
549	IDOL_MINNIE_Ni4_549.txt	20	0,00782	20	0,29137	0	0
550	IDOL_MINNIE_Ni4_550.txt	4	0,01292	20	0,26922	16	4,30758
551	IDOL_MINNIE_Ni4_551.txt	4	0,0118	20	0,26731	16	4,27696
552	IDOL_MINNIE_Ni4_552.txt	3	0,01495	20	0,28082	17	4,77402
553	IDOL_MINNIE_Ni4_553.txt	3	0,01247	20	0,29925	17	5,0872
554	IDOL_MINNIE_Ni4_554.txt	3	0,01443	20	0,31103	17	5,28746
555	IDOL_MINNIE_Ni4_555.txt	3	0,00577	20	0,3244	17	5,51474
556	IDOL_MINNIE_Ni4_556.txt	3	0,00765	20	0,32772	17	5,57125
557	IDOL_MINNIE_Ni4_557.txt	3	0,00708	20	0,32772	17	5,57125
558	IDOL_MINNIE_Ni4_558.txt	19	0,00461	20	0,32359	1	0,32359
559	IDOL_MINNIE_Ni4_559.txt	19	0,00487	20	0,31297	1	0,31297
560	IDOL_MINNIE_Ni4_560.txt	7	0,00546	20	0,29881	13	3,88459
561	IDOL_MINNIE_Ni4_561.txt	19	0,00748	20	0,28389	1	0,28389
562	IDOL_MINNIE_Ni4_562.txt	19	0,00749	20	0,19498	1	0,19498
563	IDOL_MINNIE_Ni4_563.txt	19	0,00514	20	0,18239	1	0,18239
564	IDOL_MINNIE_Ni4_564.txt	19	0,00447	20	0,16434	1	0,16434
565	IDOL_MINNIE_Ni4_565.txt	3	0,00451	20	0,14693	17	2,49777
566	IDOL_MINNIE_Ni4_566.txt	7	0,00458	20	0,1308	13	1,70042
567	IDOL_MINNIE_Ni4_567.txt	7	0,00543	20	0,11493	13	1,49411
568	IDOL_MINNIE_Ni4_568.txt	19	0,00576	20	0,09582	1	0,09582
569	IDOL_MINNIE_Ni4_569.txt	19	0,00521	20	0,07784	1	0,07784
570	IDOL_MINNIE_Ni4_570.txt	2	0,01099	20	0,05816	18	1,04681
571	IDOL_MINNIE_Ni4_571.txt	2	0,01005	20	0,04015	18	0,72272
572	IDOL_MINNIE_Ni4_572.txt	2	0,00528	20	0,02733	18	0,49189
573	IDOL_MINNIE_Ni4_573.txt	3	0,00557	20	0,02733	17	0,46456
574	IDOL_MINNIE_Ni4_574.txt	22	0,00476	20	0,03749	2	0,07498
575	IDOL_MINNIE_Ni4_575.txt	3	0,00468	20	0,07312	17	1,24311
576	IDOL_MINNIE_Ni4_576.txt	22	0,00412	20	0,10702	2	0,21403
577	IDOL_MINNIE_Ni4_577.txt	9	0,00631	20	0,17075	11	1,87824
578	IDOL_MINNIE_Ni4_578.txt	3	0,01188	19	0,15516	16	2,48258
579	IDOL_MINNIE_Ni4_579.txt	27	0,00613	19	0,08591	8	0,68725
580	IDOL_MINNIE_Ni4_580.txt	4	0,00605	19	0,079	15	1,18493
581	IDOL_MINNIE_Ni4_581.txt	12	0,00255	19	0,16055	7	1,12385
582	IDOL_MINNIE_Ni4_582.txt	10	0,00149	19	0,27122	9	2,44098
583	IDOL_MINNIE_Ni4_583.txt	10	0,00055	19	0,3722	9	3,34977
584	IDOL_MINNIE_Ni4_584.txt	12	0,00223	19	0,47702	7	3,33916
585	IDOL_MINNIE_Ni4_585.txt	12	0,00181	19	0,59337	7	4,1536
586	IDOL_MINNIE_Ni4_586.txt	12	0,00331	19	0,70536	7	4,9375
587	IDOL_MINNIE_Ni4_587.txt	12	0,00359	19	0,80447	7	5,63126
588	IDOL_MINNIE_Ni4_588.txt	12	0,00193	19	0,90371	7	6,326
589	IDOL_MINNIE_Ni4_589.txt	4	0,006	19	0,90371	15	13,55571
590	IDOL_MINNIE_Ni4_590.txt	4	0,00504	19	1,01472	15	15,22084
591	IDOL_MINNIE_Ni4_591.txt	4	0,00373	19	1,11805	15	16,7707
592	IDOL_MINNIE_Ni4_592.txt	20	0,00782	19	1,21489	1	1,21489
593	IDOL_MINNIE_Ni4_593.txt	4	0,00397	13	1,31075	9	11,79672
594	IDOL_MINNIE_Ni4_594.txt	20	0,01038	13	1,37168	7	9,60176
595	IDOL_MINNIE_Ni4_595.txt	20	0,00991	12	1,27477	8	10,19812
596	IDOL_MINNIE_Ni4_596.txt	20	0,00869	12	1,16984	8	9,35872
597	IDOL_MINNIE_Ni4_597.txt	20	0,00934	12	1,0678	8	8,5424
598	IDOL_MINNIE_Ni4_598.txt	12	0,0072	12	0,93612	0	0
599	IDOL_MINNIE_Ni4_599.txt	4	0,00822	12	0,8254	8	6,60319
600	IDOL_MINNIE_Ni4_600.txt	4	0,00913	12	0,7254	8	5,80323
601	IDOL_MINNIE_Ni4_601.txt	4	0,00763	12	0,62311	8	4,98486
602	IDOL_MINNIE_Ni4_602.txt	20	0,00793	12	0,52358	8	4,18864
603	IDOL_MINNIE_Ni4_603.txt	20	0,01244	12	0,38057	8	3,04452
604	IDOL_MINNIE_Ni4_604.txt	20	0,00993	12	0,28712	8	2,29696
605	IDOL_MINNIE_Ni4_605.txt	20	0,01255	12	0,28712	8	2,29696
606	IDOL_MINNIE_Ni4_606.txt	20	0,01136	12	0,19892	8	1,59137
607	IDOL_MINNIE_Ni4_607.txt	20	0,00912	12	0,14981	8	1,19846
608	IDOL_MINNIE_Ni4_608.txt	20	0,01019	12	0,16459	8	1,31671
609	IDOL_MINNIE_Ni4_609.txt	12	0,00532	12	0,22129	0	0
610	IDOL_MINNIE_Ni4_610.txt	20	0,00997	12	0,30217	8	2,41733
611	IDOL_MINNIE_Ni4_611.txt	4	0,00928	12	0,40163	8	3,21304
612	IDOL_MINNIE_Ni4_612.txt	12	0,00722	12	0,50753	0	0
613	IDOL_MINNIE_Ni4_613.txt	20	0,0104	12	0,61419	8	4,91355
614	IDOL_MINNIE_Ni4_614.txt	4	0,00577	12	0,72102	8	5,7682
615	IDOL_MINNIE_Ni4_615.txt	20	0,01304	12	0,83096	8	6,64772
616	IDOL_MINNIE_Ni4_616.txt	4	0,00615	12	0,93936	8	7,5149
617	IDOL_MINNIE_Ni4_617.txt	20	0,00905	12	1,04721	8	8,37766
618	IDOL_MINNIE_Ni4_618.txt	20	0,01171	12	1,15789	8	9,26309
619	IDOL_MINNIE_Ni4_619.txt	4	0,0084	12	1,26151	8	10,09206
620	IDOL_MINNIE_Ni4_620.txt	4	0,00812	11	1,18736	7	8,31155
621	IDOL_MINNIE_Ni4_621.txt	20	0,01078	11	1,0826	9	9,74341
622	IDOL_MINNIE_Ni4_622.txt	20	0,01057	11	1,0826	9	9,74341
623	IDOL_MINNIE_Ni4_623.txt	20	0,00987	11	0,97655	9	8,78896
624	IDOL_MINNIE_Ni4_624.txt	20	0,01207	11	0,87444	9	7,86994
625	IDOL_MINNIE_Ni4_625.txt	20	0,01106	11	0,77098	9	6,93886
626	IDOL_MINNIE_Ni4_626.txt	20	0,01108	11	0,66044	9	5,94394
627	IDOL_MINNIE_Ni4_627.txt	20	0,00909	11	0,54348	9	4,89128
628	IDOL_MINNIE_Ni4_628.txt	20	0,01021	11	0,4291	9	3,86194
629	IDOL_MINNIE_Ni4_629.txt	20	0,00971	11	0,32419	9	2,91771
630	IDOL_MINNIE_Ni4_630.txt	20	0,0116	11	0,21492	9	1,93431
631	IDOL_MINNIE_Ni4_631.txt	21	0,00646	11	0,12795	10	1,27953
632	IDOL_MINNIE_Ni4_632.txt	20	0,00509	11	0,08718	9	0,78461
633	IDOL_MINNIE_Ni4_633.txt	21	0,00533	11	0,15561	10	1,55614
634	IDOL_MINNIE_Ni4_634.txt	20	0,00748	11	0,24535	9	2,20818
635	IDOL_MINNIE_Ni4_635.txt	20	0,00727	21	0,25335	1	0,25335
636	IDOL_MINNIE_Ni4_636.txt	4	0,00518	21	0,14666	17	2,49329
637	IDOL_MINNIE_Ni4_637.txt	4	0,00443	21	0,04654	17	0,79121
638	IDOL_MINNIE_Ni4_638.txt	4	0,00397	21	0,04654	17	0,79121
639	IDOL_MINNIE_Ni4_639.txt	12	0,00147	21	0,10909	9	0,98184
640	IDOL_MINNIE_Ni4_640.txt	4	0,00397	21	0,21611	17	3,67385
641	IDOL_MINNIE_Ni4_641.txt	4	0,00396	21	0,32876	17	5,58884
642	IDOL_MINNIE_Ni4_642.txt	4	0,00423	21	0,43974	17	7,47561
643	IDOL_MINNIE_Ni4_643.txt	4	0,006	21	0,55168	17	9,37851
644	IDOL_MINNIE_Ni4_644.txt	4	0,00622	21	0,6626	17	11,2642
645	IDOL_MINNIE_Ni4_645.txt	21	0,00455	9	0,74891	12	8,98694
646	IDOL_MINNIE_Ni4_646.txt	4	0,00769	9	0,74164	5	3,70822
647	IDOL_MINNIE_Ni4_647.txt	4	0,00277	9	0,74952	5	3,74762
648	IDOL_MINNIE_Ni4_648.txt	4	0,00344	9	0,77544	5	3,87722
649	IDOL_MINNIE_Ni4_649.txt	4	0,0044	9	0,81376	5	4,06881
650	IDOL_MINNIE_Ni4_650.txt	4	0,00418	9	0,86343	5	4,31714
651	IDOL_MINNIE_Ni4_651.txt	21	0,0037	9	0,91876	12	11,0251
652	IDOL_MINNIE_Ni4_652.txt	4	0,00343	9	0,9869	5	4,9345
653	IDOL_MINNIE_Ni4_653.txt	4	0,00341	9	1,05833	5	5,29163
654	IDOL_MINNIE_Ni4_654.txt	4	0,00301	9	1,13394	5	5,6697
655	IDOL_MINNIE_Ni4_655.txt	4	0,00371	9	1,21872	5	6,0936
656	IDOL_MINNIE_Ni4_656.txt	21	0,0035	9	1,30031	12	15,60373
657	IDOL_MINNIE_Ni4_657.txt	11	0,00401	9	1,38913	2	2,77825
658	IDOL_MINNIE_Ni4_658.txt	11	0,00393	9	1,48392	2	2,96783
659	IDOL_MINNIE_Ni4_659.txt	4	0,00345	9	1,65022	5	8,25111
660	IDOL_MINNIE_Ni4_660.txt	12	0,0016	4	1,69689	8	13,57511
661	IDOL_MINNIE_Ni4_661.txt	4	0,00303	4	1,55723	0	0
662	IDOL_MINNIE_Ni4_662.txt	4	0,00336	4	1,55723	0	0
663	IDOL_MINNIE_Ni4_663.txt	4	0,00335	4	1,46143	0	0
664	IDOL_MINNIE_Ni4_664.txt	4	0,0029	4	1,34603	0	0
665	IDOL_MINNIE_Ni4_665.txt	27	0,00369	4	1,23836	23	28,48222
666	IDOL_MINNIE_Ni4_666.txt	11	0,00389	4	1,14209	7	7,99466
667	IDOL_MINNIE_Ni4_667.txt	11	0,00299	4	1,02533	7	7,17734
668	IDOL_MINNIE_Ni4_668.txt	21	0,00365	4	0,92055	17	15,64941
669	IDOL_MINNIE_Ni4_669.txt	11	0,00439	4	0,84179	7	5,89255
670	IDOL_MINNIE_Ni4_670.txt	3	0,00573	4	0,78131	1	0,78131
671	IDOL_MINNIE_Ni4_671.txt	26	0,00397	26	0,71014	0	0
672	IDOL_MINNIE_Ni4_672.txt	26	0,00554	26	0,60698	0	0
673	IDOL_MINNIE_Ni4_673.txt	19	0,00398	26	0,54236	7	3,79655
674	IDOL_MINNIE_Ni4_674.txt	3	0,00626	26	0,46019	23	10,58442
675	IDOL_MINNIE_Ni4_675.txt	3	0,00898	26	0,39019	23	8,97428
676	IDOL_MINNIE_Ni4_676.txt	3	0,00415	26	0,36144	23	8,31313
677	IDOL_MINNIE_Ni4_677.txt	3	0,00463	26	0,352	23	8,09607
678	IDOL_MINNIE_Ni4_678.txt	22	0,0039	26	0,352	4	1,40801
679	IDOL_MINNIE_Ni4_679.txt	22	0,0042	26	0,36915	4	1,47661
680	IDOL_MINNIE_Ni4_680.txt	22	0,00318	26	0,37583	4	1,50334
681	IDOL_MINNIE_Ni4_681.txt	22	0,00265	26	0,40553	4	1,62211
682	IDOL_MINNIE_Ni4_682.txt	22	0,0025	26	0,45467	4	1,81868
683	IDOL_MINNIE_Ni4_683.txt	22	0,00259	26	0,51037	4	2,04146
684	IDOL_MINNIE_Ni4_684.txt	22	0,00387	26	0,58985	4	2,35941
685	IDOL_MINNIE_Ni4_685.txt	22	0,00345	22	0,58196	0	0
686	IDOL_MINNIE_Ni4_686.txt	22	0,00344	22	0,49112	0	0
687	IDOL_MINNIE_Ni4_687.txt	22	0,0045	22	0,39336	0	0
688	IDOL_MINNIE_Ni4_688.txt	22	0,00254	22	0,29178	0	0
689	IDOL_MINNIE_Ni4_689.txt	23	0,0032	22	0,18878	1	0,18878
690	IDOL_MINNIE_Ni4_690.txt	23	0,00709	22	0,10695	1	0,10695
691	IDOL_MINNIE_Ni4_691.txt	23	0,00472	22	0,09319	1	0,09319
692	IDOL_MINNIE_Ni4_692.txt	22	0,00445	22	0,16824	0	0
693	IDOL_MINNIE_Ni4_693.txt	26	0,00603	22	0,26352	4	1,05407
694	IDOL_MINNIE_Ni4_694.txt	24	0,00813	22	0,26352	2	0,52703
695	IDOL_MINNIE_Ni4_695.txt	22	0,00314	22	0,36579	0	0
696	IDOL_MINNIE_Ni4_696.txt	22	0,00207	22	0,4636	0	0
697	IDOL_MINNIE_Ni4_697.txt	22	0,00223	22	0,5614	0	0
698	IDOL_MINNIE_Ni4_698.txt	22	0,00289	25	0,52897	3	1,58691
699	IDOL_MINNIE_Ni4_699.txt	24	0,00768	25	0,45924	1	0,45924
700	IDOL_MINNIE_Ni4_700.txt	26	0,00564	25	0,41722	1	0,41722
701	IDOL_MINNIE_Ni4_701.txt	24	0,00503	25	0,39859	1	0,39859
702	IDOL_MINNIE_Ni4_702.txt	24	0,00606	25	0,39698	1	0,39698
703	IDOL_MINNIE_Ni4_703.txt	22	0,00292	25	0,40892	3	1,22677
704	IDOL_MINNIE_Ni4_704.txt	22	0,0038	25	0,43774	3	1,31321
705	IDOL_MINNIE_Ni4_705.txt	22	0,00365	25	0,47129	3	1,41388
706	IDOL_MINNIE_Ni4_706.txt	22	0,00303	25	0,51612	3	1,54837
707	IDOL_MINNIE_Ni4_707.txt	22	0,00288	25	0,56834	3	1,70502
708	IDOL_MINNIE_Ni4_708.txt	22	0,00536	25	0,65975	3	1,97926
709	IDOL_MINNIE_Ni4_709.txt	22	0,00369	25	0,71761	3	2,15284
710	IDOL_MINNIE_Ni4_710.txt	22	0,00409	25	0,71761	3	2,15284
711	IDOL_MINNIE_Ni4_711.txt	22	0,00388	25	0,7188	3	2,15639
712	IDOL_MINNIE_Ni4_712.txt	2	0,00456	25	0,75318	23	17,32319
713	IDOL_MINNIE_Ni4_713.txt	8	0,00425	25	0,77971	17	13,25513
714	IDOL_MINNIE_Ni4_714.txt	22	0,00629	25	0,7854	3	2,35619
715	IDOL_MINNIE_Ni4_715.txt	16	0,00457	25	0,79774	9	7,17964
716	IDOL_MINNIE_Ni4_716.txt	23	0,00612	25	0,80804	2	1,61608
717	IDOL_MINNIE_Ni4_717.txt	23	0,00576	25	0,81712	2	1,63424
718	IDOL_MINNIE_Ni4_718.txt	23	0,00617	25	0,82542	2	1,65085
719	IDOL_MINNIE_Ni4_719.txt	5	0,01227	25	0,83265	20	16,65296
720	IDOL_MINNIE_Ni4_720.txt	5	0,02294	25	0,84485	20	16,89695
721	IDOL_MINNIE_Ni4_721.txt	23	0,01263	25	0,86296	2	1,72592
722	IDOL_MINNIE_Ni4_722.txt	5	0,02285	25	0,88636	20	17,72729
723	IDOL_MINNIE_Ni4_723.txt	23	0,01603	25	0,91923	2	1,83846
724	IDOL_MINNIE_Ni4_724.txt	5	0,02161	25	0,96247	20	19,24943
725	IDOL_MINNIE_Ni4_725.txt	5	0,01646	25	1,0207	20	20,41401
726	IDOL_MINNIE_Ni4_726.txt	23	0,00588	25	1,09275	2	2,18549
727	IDOL_MINNIE_Ni4_727.txt	23	0,00871	25	1,1854	2	2,37079
728	IDOL_MINNIE_Ni4_728.txt	23	0,00691	25	1,1854	2	2,37079
729	IDOL_MINNIE_Ni4_729.txt	23	0,01445	25	1,28064	2	2,56128
730	IDOL_MINNIE_Ni4_730.txt	23	0,00729	23	1,19961	0	0
731	IDOL_MINNIE_Ni4_731.txt	23	0,00342	23	1,09312	0	0
732	IDOL_MINNIE_Ni4_732.txt	23	0,00586	23	0,99769	0	0
733	IDOL_MINNIE_Ni4_733.txt	23	0,00822	23	0,89071	0	0
734	IDOL_MINNIE_Ni4_734.txt	23	0,01084	23	0,78639	0	0
735	IDOL_MINNIE_Ni4_735.txt	23	0,00736	23	0,6809	0	0
736	IDOL_MINNIE_Ni4_736.txt	23	0,00832	23	0,58178	0	0
737	IDOL_MINNIE_Ni4_737.txt	5	0,01719	23	0,48068	18	8,65232
738	IDOL_MINNIE_Ni4_738.txt	23	0,00321	23	0,39015	0	0
739	IDOL_MINNIE_Ni4_739.txt	23	0,01153	23	0,31885	0	0
740	IDOL_MINNIE_Ni4_740.txt	23	0,00726	23	0,272	0	0
741	IDOL_MINNIE_Ni4_741.txt	23	0,00746	23	0,27455	0	0
742	IDOL_MINNIE_Ni4_742.txt	23	0,00678	23	0,32274	0	0
743	IDOL_MINNIE_Ni4_743.txt	8	0,00666	23	0,37784	15	5,66758
744	IDOL_MINNIE_Ni4_744.txt	23	0,00622	23	0,37784	0	0
745	IDOL_MINNIE_Ni4_745.txt	22	0,0078	23	0,50779	1	0,50779
746	IDOL_MINNIE_Ni4_746.txt	23	0,00712	23	0,60664	0	0
747	IDOL_MINNIE_Ni4_747.txt	23	0,01066	23	0,69318	0	0
748	IDOL_MINNIE_Ni4_748.txt	23	0,00378	23	0,76523	0	0
749	IDOL_MINNIE_Ni4_749.txt	23	0,00448	23	0,81816	0	0
750	IDOL_MINNIE_Ni4_750.txt	23	0,00371	23	0,87932	0	0
751	IDOL_MINNIE_Ni4_751.txt	9	0,00393	23	0,94074	14	13,17029
752	IDOL_MINNIE_Ni4_752.txt	9	0,00376	24	0,98492	15	14,77385
753	IDOL_MINNIE_Ni4_753.txt	22	0,00368	24	0,90605	2	1,8121
754	IDOL_MINNIE_Ni4_754.txt	22	0,00628	24	0,81669	2	1,63338
755	IDOL_MINNIE_Ni4_755.txt	9	0,006	24	0,70328	15	10,54924
756	IDOL_MINNIE_Ni4_756.txt	22	0,0055	24	0,57037	2	1,14074
757	IDOL_MINNIE_Ni4_757.txt	22	0,00398	24	0,46519	2	0,93039
758	IDOL_MINNIE_Ni4_758.txt	22	0,00302	24	0,35327	2	0,70654
759	IDOL_MINNIE_Ni4_759.txt	22	0,00344	24	0,35327	2	0,70654
760	IDOL_MINNIE_Ni4_760.txt	2	0,00597	24	0,24667	22	5,42665
761	IDOL_MINNIE_Ni4_761.txt	24	0,00623	24	0,14417	0	0
762	IDOL_MINNIE_Ni4_762.txt	2	0,00904	24	0,04401	22	0,9682
763	IDOL_MINNIE_Ni4_763.txt	2	0,00569	24	0,07256	22	1,59635
764	IDOL_MINNIE_Ni4_764.txt	2	0,00549	24	0,19284	22	4,24252
765	IDOL_MINNIE_Ni4_765.txt	23	0,00569	24	0,29297	1	0,29297
766	IDOL_MINNIE_Ni4_766.txt	22	0,00558	24	0,39811	2	0,79622
767	IDOL_MINNIE_Ni4_767.txt	2	0,00485	24	0,49418	22	10,87195
768	IDOL_MINNIE_Ni4_768.txt	24	0,00743	24	0,58335	0	0
769	IDOL_MINNIE_Ni4_769.txt	2	0,00439	24	0,68599	22	15,09178
770	IDOL_MINNIE_Ni4_770.txt	2	0,00744	24	0,78095	22	17,18092
771	IDOL_MINNIE_Ni4_771.txt	2	0,00576	24	0,86512	22	19,0326
772	IDOL_MINNIE_Ni4_772.txt	2	0,00459	24	0,94107	22	20,70355
773	IDOL_MINNIE_Ni4_773.txt	2	0,0078	24	1,02684	22	22,59048
774	IDOL_MINNIE_Ni4_774.txt	2	0,00723	24	1,11667	22	24,56679
775	IDOL_MINNIE_Ni4_775.txt	26	0,00698	24	1,19902	2	2,39803
776	IDOL_MINNIE_Ni4_776.txt	26	0,00648	24	1,19902	2	2,39803
777	IDOL_MINNIE_Ni4_777.txt	26	0,00742	24	1,28614	2	2,57228
778	IDOL_MINNIE_Ni4_778.txt	0	0,00625	25	1,30036	25	32,50906
779	IDOL_MINNIE_Ni4_779.txt	18	0,00526	25	1,19405	7	8,35834
780	IDOL_MINNIE_Ni4_780.txt	0	0,00622	25	1,08999	25	27,24976
781	IDOL_MINNIE_Ni4_781.txt	17	0,00252	25	0,98408	8	7,87261
782	IDOL_MINNIE_Ni4_782.txt	17	0,00299	25	0,87732	8	7,01855
783	IDOL_MINNIE_Ni4_783.txt	18	0,00374	25	0,77638	7	5,43466
784	IDOL_MINNIE_Ni4_784.txt	18	0,0028	25	0,66681	7	4,66768
785	IDOL_MINNIE_Ni4_785.txt	18	0,00246	25	0,56933	7	3,98529
786	IDOL_MINNIE_Ni4_786.txt	18	0,00258	25	0,45998	7	3,21986
787	IDOL_MINNIE_Ni4_787.txt	18	0,00282	25	0,36147	7	2,53029
788	IDOL_MINNIE_Ni4_788.txt	18	0,00328	25	0,25798	7	1,80585
789	IDOL_MINNIE_Ni4_789.txt	17	0,00227	25	0,16028	8	1,28224
790	IDOL_MINNIE_Ni4_790.txt	18	0,00302	25	0,05994	7	0,41955
791	IDOL_MINNIE_Ni4_791.txt	18	0,00309	25	0,06196	7	0,43374
792	IDOL_MINNIE_Ni4_792.txt	18	0,00342	25	0,1576	7	1,10322
793	IDOL_MINNIE_Ni4_793.txt	17	0,00259	25	0,1576	8	1,26083
794	IDOL_MINNIE_Ni4_794.txt	0	0,00474	25	0,26608	25	6,65189
795	IDOL_MINNIE_Ni4_795.txt	0	0,00653	25	0,36742	25	9,18558
796	IDOL_MINNIE_Ni4_796.txt	18	0,00291	25	0,47022	7	3,29151
797	IDOL_MINNIE_Ni4_797.txt	18	0,00535	22	0,56805	4	2,2722
798	IDOL_MINNIE_Ni4_798.txt	18	0,00332	22	0,46665	4	1,86659
799	IDOL_MINNIE_Ni4_799.txt	17	0,00384	22	0,36536	5	1,82681
800	IDOL_MINNIE_Ni4_800.txt	17	0,00233	22	0,26261	5	1,31307
801	IDOL_MINNIE_Ni4_801.txt	17	0,00382	22	0,16431	5	0,82157
802	IDOL_MINNIE_Ni4_802.txt	18	0,00435	22	0,08771	4	0,35084
803	IDOL_MINNIE_Ni4_803.txt	18	0,00345	22	0,10305	4	0,41219
804	IDOL_MINNIE_Ni4_804.txt	18	0,00347	22	0,18934	4	0,75738
805	IDOL_MINNIE_Ni4_805.txt	17	0,00336	22	0,29425	5	1,47127
806	IDOL_MINNIE_Ni4_806.txt	18	0,00433	22	0,36557	4	1,46227
807	IDOL_MINNIE_Ni4_807.txt	17	0,00343	22	0,4624	5	2,31201
808	IDOL_MINNIE_Ni4_808.txt	18	0,00374	26	0,55302	8	4,4242
809	IDOL_MINNIE_Ni4_809.txt	18	0,00355	26	0,55302	8	4,4242
810	IDOL_MINNIE_Ni4_810.txt	26	0,00373	26	0,36845	0	0
811	IDOL_MINNIE_Ni4_811.txt	3	0,01214	26	0,2427	23	5,58218
812	IDOL_MINNIE_Ni4_812.txt	19	0,00551	26	0,18263	7	1,27838
813	IDOL_MINNIE_Ni4_813.txt	19	0,00522	26	0,16037	7	1,12256
814	IDOL_MINNIE_Ni4_814.txt	19	0,00712	26	0,18938	7	1,32564
815	IDOL_MINNIE_Ni4_815.txt	19	0,0033	26	0,25511	7	1,78575
816	IDOL_MINNIE_Ni4_816.txt	3	0,00422	26	0,33204	23	7,63701
817	IDOL_MINNIE_Ni4_817.txt	3	0,0053	4	0,39892	1	0,39892
818	IDOL_MINNIE_Ni4_818.txt	22	0,00466	4	0,39732	18	7,1518
819	IDOL_MINNIE_Ni4_819.txt	18	0,0043	4	0,43268	14	6,05757
820	IDOL_MINNIE_Ni4_820.txt	3	0,00458	4	0,49331	1	0,49331
821	IDOL_MINNIE_Ni4_821.txt	3	0,00626	4	0,57936	1	0,57936
822	IDOL_MINNIE_Ni4_822.txt	11	0,00388	4	0,69874	7	4,89118
823	IDOL_MINNIE_Ni4_823.txt	20	0,00876	4	0,79792	16	12,76676
824	IDOL_MINNIE_Ni4_824.txt	21	0,00506	4	0,89633	17	15,23767
825	IDOL_MINNIE_Ni4_825.txt	27	0,006	4	0,89633	23	20,61567
826	IDOL_MINNIE_Ni4_826.txt	27	0,00201	4	0,99341	23	22,84834
827	IDOL_MINNIE_Ni4_827.txt	27	0,00439	4	1,08802	23	25,0244
828	IDOL_MINNIE_Ni4_828.txt	27	0,005	4	1,1946	23	27,47575
829	IDOL_MINNIE_Ni4_829.txt	11	0,00466	27	1,10401	16	17,66417
830	IDOL_MINNIE_Ni4_830.txt	21	0,00362	27	0,99701	6	5,98205
831	IDOL_MINNIE_Ni4_831.txt	21	0,00417	27	0,89023	6	5,34135
832	IDOL_MINNIE_Ni4_832.txt	0	0,00604	27	0,78925	27	21,30977
833	IDOL_MINNIE_Ni4_833.txt	0	0,00455	27	0,68215	27	18,41798
834	IDOL_MINNIE_Ni4_834.txt	0	0,0052	27	0,57068	27	15,40845
835	IDOL_MINNIE_Ni4_835.txt	27	0,00408	27	0,43638	0	0
836	IDOL_MINNIE_Ni4_836.txt	27	0,00252	27	0,3331	0	0
837	IDOL_MINNIE_Ni4_837.txt	27	0,0033	27	0,22545	0	0
838	IDOL_MINNIE_Ni4_838.txt	27	0,00434	27	0,1302	0	0
839	IDOL_MINNIE_Ni4_839.txt	0	0,00374	27	0,0679	27	1,83328
840	IDOL_MINNIE_Ni4_840.txt	0	0,00473	27	0,13092	27	3,53476
841	IDOL_MINNIE_Ni4_841.txt	0	0,00433	27	0,23091	27	6,23465
842	IDOL_MINNIE_Ni4_842.txt	0	0,00536	27	0,23091	27	6,23465
843	IDOL_MINNIE_Ni4_843.txt	0	0,00506	27	0,34225	27	9,24076
844	IDOL_MINNIE_Ni4_844.txt	0	0,00456	27	0,44847	27	12,10879
845	IDOL_MINNIE_Ni4_845.txt	0	0,00652	27	0,55767	27	15,05708
846	IDOL_MINNIE_Ni4_846.txt	27	0,00374	27	0,66785	0	0
847	IDOL_MINNIE_Ni4_847.txt	21	0,0055	27	0,78057	6	4,68344
848	IDOL_MINNIE_Ni4_848.txt	0	0,00461	27	0,89421	27	24,14359
849	IDOL_MINNIE_Ni4_849.txt	0	0,00392	27	1,00432	27	27,11654
850	IDOL_MINNIE_Ni4_850.txt	0	0,00342	27	1,1138	27	30,07259
851	IDOL_MINNIE_Ni4_851.txt	0	0,00433	3	1,21083	3	3,6325
852	IDOL_MINNIE_Ni4_852.txt	18	0,00383	3	1,10081	15	16,51219
853	IDOL_MINNIE_Ni4_853.txt	18	0,00246	3	0,98919	15	14,83785
854	IDOL_MINNIE_Ni4_854.txt	17	0,00226	3	0,88432	14	12,38042
855	IDOL_MINNIE_Ni4_855.txt	18	0,00256	3	0,79023	15	11,85338
856	IDOL_MINNIE_Ni4_856.txt	18	0,00272	3	0,66987	15	10,04807
857	IDOL_MINNIE_Ni4_857.txt	17	0,00218	3	0,56741	14	7,94376
858	IDOL_MINNIE_Ni4_858.txt	17	0,00269	3	0,56741	14	7,94376
859	IDOL_MINNIE_Ni4_859.txt	18	0,00298	3	0,46774	15	7,01616
860	IDOL_MINNIE_Ni4_860.txt	18	0,00239	3	0,36732	15	5,50981
861	IDOL_MINNIE_Ni4_861.txt	18	0,00325	3	0,27884	15	4,18264
862	IDOL_MINNIE_Ni4_862.txt	18	0,00246	3	0,2052	15	3,07802
863	IDOL_MINNIE_Ni4_863.txt	18	0,00506	3	0,1927	15	2,8905
864	IDOL_MINNIE_Ni4_864.txt	18	0,00458	3	0,23066	15	3,45986
