0.001;0.01;15;90;89;0.97238344;0.9888888;0.97320575;0.9755893;0.39537874;86.10892
0.002;0.01;15;88;88;0.9717558;0.9883721;0.9662228;0.97200567;0.3965377;85.89788
0.003;0.01;15;82;88;0.96833414;0.98567075;0.9444589;0.96073204;0.3945658;85.07523
0.004;0.01;15;72;85;0.95188195;0.9805556;0.9106896;0.94687766;0.39856425;83.77138
0.005;0.01;15;59;82;0.9328799;0.96877784;0.86285174;0.9055925;0.39901996;81.38244
0.006;0.01;15;49;78;0.90172035;0.95353884;0.86484444;0.88335645;0.39572152;79.98363
0.007;0.01;15;40;73;0.9118575;0.9302632;0.8422508;0.83297163;0.38877776;78.12242
0.008;0.01;15;36;74;0.90392;0.90849674;0.8366295;0.8177633;0.38497266;77.03565
0.009;0.01;15;34;75;0.8644427;0.8933823;0.8259157;0.80768025;0.37789413;75.3863
0.01;0.01;15;33;80;0.8259882;0.8758553;0.8039794;0.75080794;0.37648585;72.66234
0.011;0.01;15;32;82;0.8532332;0.8625;0.8048248;0.75554746;0.36692;72.86051
0.012;0.01;15;31;81;0.8472255;0.85428256;0.80470675;0.73642594;0.36118355;72.076485
0.013;0.01;15;30;80;0.8437957;0.8452381;0.7970848;0.7414617;0.36013556;71.75432
0.014;0.01;15;30;80;0.8446531;0.8452381;0.79660535;0.7417826;0.36027148;71.77101
0.015;0.01;15;29;78;0.83603096;0.8378033;0.79519093;0.7324194;0.36335012;71.2959
0.016;0.01;15;29;78;0.83603096;0.8378033;0.79519093;0.7324194;0.36335012;71.2959
0.017;0.01;15;29;78;0.83603096;0.8378033;0.79519093;0.7324194;0.36335012;71.2959
0.018;0.01;15;29;78;0.83603096;0.8378033;0.79519093;0.7324194;0.36335012;71.2959
0.019;0.01;15;29;78;0.83603096;0.8378033;0.79519093;0.7324194;0.36335012;71.2959
0.02;0.01;15;29;78;0.83603096;0.8378033;0.79519093;0.7324194;0.36335012;71.2959
0.021;0.01;15;29;78;0.83603096;0.8378033;0.79519093;0.7324194;0.36335012;71.2959
0.022;0.01;15;29;78;0.83603096;0.8378033;0.79519093;0.7324194;0.36335012;71.2959
0.023;0.01;15;29;78;0.83603096;0.8378033;0.79519093;0.7324194;0.36335012;71.2959
0.024;0.01;15;29;78;0.83603096;0.8378033;0.79519093;0.7324194;0.36335012;71.2959
0.025;0.01;15;29;78;0.83603096;0.8378033;0.79519093;0.7324194;0.36335012;71.2959
0.026;0.01;15;29;78;0.83603096;0.8378033;0.79519093;0.7324194;0.36335012;71.2959
0.027;0.01;15;29;78;0.83603096;0.8378033;0.79519093;0.7324194;0.36335012;71.2959
0.028;0.01;15;29;78;0.83603096;0.8378033;0.79519093;0.7324194;0.36335012;71.2959
0.029;0.01;15;29;78;0.83603096;0.8378033;0.79519093;0.7324194;0.36335012;71.2959
0.03;0.01;15;29;78;0.83603096;0.8378033;0.79519093;0.7324194;0.36335012;71.2959
0.001;0.011;15;71;70;0.96561235;0.9859155;0.96666956;0.96901965;0.40137416;85.77182
0.002;0.011;15;70;69;0.9651211;0.9857143;0.9660659;0.9685286;0.40293083;85.76722
0.003;0.011;15;67;69;0.95862246;0.98369694;0.93582666;0.9507629;0.4011019;84.60022
0.004;0.011;15;60;70;0.9397414;0.9770115;0.9068179;0.94699895;0.41044676;83.62033
0.005;0.011;15;48;68;0.917826;0.96014494;0.88440466;0.9126418;0.41624784;81.82531
0.006;0.011;15;41;65;0.8857716;0.9443402;0.8497695;0.8949177;0.40762475;79.648476
0.007;0.011;15;38;63;0.90252125;0.9356725;0.8605391;0.8849387;0.40478164;79.769066
0.008;0.011;15;35;66;0.843203;0.91601723;0.84215486;0.8290431;0.409757;76.803505
0.009;0.011;15;31;62;0.8330279;0.8965517;0.82727516;0.79895794;0.40034872;75.12322
0.01;0.011;15;30;65;0.8000252;0.88095236;0.8163294;0.7605789;0.3944436;73.046585
0.011;0.011;15;29;58;0.826096;0.8888889;0.80662113;0.78848284;0.4040879;74.28354
0.012;0.011;15;29;60;0.8250683;0.8837803;0.80420643;0.7861472;0.4036276;74.056595
0.013;0.011;15;27;57;0.8202313;0.87111115;0.8117813;0.775377;0.3983763;73.53754
0.014;0.011;15;26;63;0.8444799;0.8397436;0.79539365;0.7910323;0.4050737;73.514465
0.015;0.011;15;25;59;0.83465564;0.8382609;0.79193175;0.78472316;0.4098996;73.189415
0.016;0.011;15;25;58;0.84504235;0.8417392;0.7963568;0.7778974;0.40252894;73.2713
0.017;0.011;15;24;57;0.8436903;0.82954544;0.7967684;0.76821613;0.4000212;72.76483
0.018;0.011;15;24;57;0.8436903;0.82954544;0.7967684;0.76821613;0.4000212;72.76483
0.019;0.011;15;24;57;0.8436903;0.82954544;0.7967684;0.76821613;0.4000212;72.76483
0.02;0.011;15;24;57;0.8436903;0.82954544;0.7967684;0.76821613;0.4000212;72.76483
0.021;0.011;15;24;57;0.8436903;0.82954544;0.7967684;0.76821613;0.4000212;72.76483
0.022;0.011;15;24;57;0.8436903;0.82954544;0.7967684;0.76821613;0.4000212;72.76483
0.023;0.011;15;24;57;0.8436903;0.82954544;0.7967684;0.76821613;0.4000212;72.76483
0.024;0.011;15;24;57;0.8436903;0.82954544;0.7967684;0.76821613;0.4000212;72.76483
0.025;0.011;15;24;57;0.8436903;0.82954544;0.7967684;0.76821613;0.4000212;72.76483
0.026;0.011;15;24;57;0.8436903;0.82954544;0.7967684;0.76821613;0.4000212;72.76483
0.027;0.011;15;24;57;0.8436903;0.82954544;0.7967684;0.76821613;0.4000212;72.76483
0.028;0.011;15;24;57;0.8436903;0.82954544;0.7967684;0.76821613;0.4000212;72.76483
0.029;0.011;15;24;57;0.8436903;0.82954544;0.7967684;0.76821613;0.4000212;72.76483
0.03;0.011;15;24;57;0.8436903;0.82954544;0.7967684;0.76821613;0.4000212;72.76483
0.001;0.012;15;55;54;0.9517139;0.9818182;0.9589026;0.9591495;0.4022289;85.076256
0.002;0.012;15;55;55;0.94891673;0.9811321;0.9421741;0.95705587;0.3957883;84.501335
0.003;0.012;15;54;56;0.9461189;0.9793447;0.9162353;0.93348813;0.39368734;83.37749
0.004;0.012;15;51;56;0.9324193;0.9755902;0.89789903;0.9371015;0.3942891;82.74598
0.005;0.012;15;42;57;0.90231586;0.95714283;0.86141425;0.8854999;0.40331343;80.193726
0.006;0.012;15;36;53;0.90650344;0.9428104;0.88615394;0.8835114;0.3770593;79.92078
0.007;0.012;15;33;54;0.9086927;0.9266862;0.87732595;0.8790919;0.38096762;79.45529
0.008;0.012;15;30;54;0.84261024;0.9071428;0.8497355;0.82034355;0.37414628;75.87957
0.009;0.012;15;28;50;0.86380225;0.9010989;0.83214986;0.8234619;0.3800857;76.01198
0.01;0.012;15;27;49;0.8594312;0.89481485;0.84167886;0.8349003;0.38732225;76.362946
0.011;0.012;15;25;52;0.8288678;0.86260873;0.8232839;0.80291224;0.38204348;73.99432
0.012;0.012;15;23;46;0.8572451;0.85714287;0.83331734;0.78876776;0.35517126;73.832886
0.013;0.012;15;20;43;0.8096299;0.8166667;0.8130623;0.75872076;0.34587163;70.87903
0.014;0.012;15;18;38;0.7971269;0.79861104;0.86863387;0.8322569;0.31082863;72.14915
0.015;0.012;15;18;38;0.7971269;0.79861104;0.86863387;0.8322569;0.31082863;72.14915
0.016;0.012;15;18;39;0.797603;0.7916666;0.8670431;0.83242804;0.31082863;71.99139
0.017;0.012;15;18;38;0.7947459;0.79861104;0.8615664;0.80050206;0.3103404;71.31532
0.018;0.012;15;18;38;0.7947459;0.79861104;0.8615664;0.80050206;0.3103404;71.31532
0.019;0.012;15;18;38;0.7947459;0.79861104;0.8615664;0.80050206;0.3103404;71.31532
0.02;0.012;15;18;38;0.7947459;0.79861104;0.8615664;0.80050206;0.3103404;71.31532
0.021;0.012;15;18;38;0.7947459;0.79861104;0.8615664;0.80050206;0.3103404;71.31532
0.022;0.012;15;18;38;0.7947459;0.79861104;0.8615664;0.80050206;0.3103404;71.31532
0.023;0.012;15;18;38;0.7947459;0.79861104;0.8615664;0.80050206;0.3103404;71.31532
0.024;0.012;15;18;38;0.7947459;0.79861104;0.8615664;0.80050206;0.3103404;71.31532
0.025;0.012;15;18;38;0.7947459;0.79861104;0.8615664;0.80050206;0.3103404;71.31532
0.026;0.012;15;18;38;0.7947459;0.79861104;0.8615664;0.80050206;0.3103404;71.31532
0.027;0.012;15;18;38;0.7947459;0.79861104;0.8615664;0.80050206;0.3103404;71.31532
0.028;0.012;15;18;38;0.7947459;0.79861104;0.8615664;0.80050206;0.3103404;71.31532
0.029;0.012;15;18;38;0.7947459;0.79861104;0.8615664;0.80050206;0.3103404;71.31532
0.03;0.012;15;18;38;0.7947459;0.79861104;0.8615664;0.80050206;0.3103404;71.31532
0.001;0.013;15;41;40;0.9342628;0.9756098;0.9472555;0.9457087;0.36635396;83.38381
0.002;0.013;15;40;39;0.9326194;0.97499996;0.9456617;0.94428015;0.3681047;83.313324
0.003;0.013;15;40;40;0.9326194;0.9736842;0.9342569;0.9358552;0.36670744;82.86247
0.004;0.013;15;37;39;0.9261551;0.96833974;0.9267651;0.9257572;0.36967644;82.33387
0.005;0.013;15;30;40;0.9279966;0.9404761;0.87982386;0.88057005;0.35455403;79.66841
0.006;0.013;15;25;36;0.90665525;0.91826093;0.86360383;0.8460835;0.3673148;78.03836
0.007;0.013;15;25;37;0.90325767;0.91478264;0.8654185;0.8641889;0.35026813;77.95832
0.008;0.013;15;22;35;0.92527705;0.8909091;0.8538931;0.83319247;0.35699338;77.2053
0.009;0.013;15;21;35;0.87842876;0.877193;0.8572206;0.81759125;0.36288488;75.86637
0.01;0.013;15;19;30;0.87354606;0.873065;0.8372071;0.7834742;0.36625186;74.670876
0.011;0.013;15;19;34;0.8583885;0.84829724;0.81440586;0.8016679;0.36354664;73.72612
0.012;0.013;15;19;34;0.8583885;0.84829724;0.81440586;0.8016679;0.36354664;73.72612
0.013;0.013;15;17;31;0.9067899;0.82352936;0.80545527;0.80852926;0.36224183;74.13091
0.014;0.013;15;17;34;0.9167899;0.8;0.7994826;0.81486326;0.36381045;73.898926
0.015;0.013;15;16;32;0.88149416;0.78571427;0.78263396;0.77959055;0.3643192;71.875046
0.016;0.013;15;16;32;0.88149416;0.78571427;0.78263396;0.77959055;0.3643192;71.875046
0.017;0.013;15;17;33;0.8724531;0.80784315;0.78647417;0.7663638;0.3612624;71.88794
0.018;0.013;15;17;33;0.8724531;0.80784315;0.78647417;0.7663638;0.3612624;71.88794
0.019;0.013;15;17;33;0.8724531;0.80784315;0.78647417;0.7663638;0.3612624;71.88794
0.02;0.013;15;17;33;0.8724531;0.80784315;0.78647417;0.7663638;0.3612624;71.88794
0.021;0.013;15;17;33;0.8724531;0.80784315;0.78647417;0.7663638;0.3612624;71.88794
0.022;0.013;15;17;33;0.8724531;0.80784315;0.78647417;0.7663638;0.3612624;71.88794
0.023;0.013;15;17;33;0.8724531;0.80784315;0.78647417;0.7663638;0.3612624;71.88794
0.024;0.013;15;17;33;0.8724531;0.80784315;0.78647417;0.7663638;0.3612624;71.88794
0.025;0.013;15;17;33;0.8724531;0.80784315;0.78647417;0.7663638;0.3612624;71.88794
0.026;0.013;15;17;33;0.8724531;0.80784315;0.78647417;0.7663638;0.3612624;71.88794
0.027;0.013;15;17;33;0.8724531;0.80784315;0.78647417;0.7663638;0.3612624;71.88794
0.028;0.013;15;17;33;0.8724531;0.80784315;0.78647417;0.7663638;0.3612624;71.88794
0.029;0.013;15;17;33;0.8724531;0.80784315;0.78647417;0.7663638;0.3612624;71.88794
0.03;0.013;15;17;33;0.8724531;0.80784315;0.78647417;0.7663638;0.3612624;71.88794
0.001;0.014;15;36;35;0.93144965;0.97222215;0.9412101;0.9399288;0.37116933;83.1196
0.002;0.014;15;35;34;0.92949104;0.97142863;0.9392042;0.9381311;0.37351763;83.03545
0.003;0.014;15;33;34;0.9256532;0.9657869;0.9333861;0.9401491;0.38070405;82.91359
0.004;0.014;15;29;33;0.8883049;0.95274585;0.8885535;0.9197497;0.38298234;80.64672
0.005;0.014;15;26;31;0.87562716;0.9423077;0.8980958;0.9135727;0.38646215;80.321304
0.006;0.014;15;23;31;0.9109075;0.91925466;0.876737;0.88536197;0.36766085;79.19845
0.007;0.014;15;23;31;0.9476181;0.91925466;0.88265157;0.8868536;0.35974744;79.9225
0.008;0.014;15;20;32;0.9171386;0.8777778;0.8691222;0.8256754;0.36575136;77.10931
0.009;0.014;15;19;31;0.8951137;0.8668731;0.88506246;0.81106764;0.3435053;76.03244
0.01;0.014;15;19;31;0.8951137;0.8668731;0.88506246;0.81106764;0.3435053;76.03244
0.011;0.014;15;18;29;0.8801766;0.86111104;0.78568196;0.7926087;0.36531162;73.6978
0.012;0.014;15;17;29;0.8776039;0.83921564;0.7924976;0.7748663;0.36311227;72.945915
0.013;0.014;15;17;30;0.83055615;0.8313725;0.768881;0.77467984;0.35668427;71.24347
0.014;0.014;15;14;26;0.9181044;0.7738095;0.8318323;0.7982138;0.3198192;72.83558
0.015;0.014;15;13;27;0.89997274;0.71328664;0.8162891;0.7995438;0.31918663;70.96558
0.016;0.014;15;13;27;0.90069616;0.71328664;0.8158598;0.80186534;0.31964248;71.02701
0.017;0.014;15;13;27;0.8999961;0.71328664;0.8158598;0.80212146;0.31964248;71.01813
0.018;0.014;15;13;27;0.8999961;0.71328664;0.8158598;0.80212146;0.31964248;71.01813
0.019;0.014;15;13;27;0.9071743;0.71328664;0.82720095;0.79342234;0.31948403;71.211365
0.02;0.014;15;13;27;0.9065112;0.71328664;0.8181283;0.7939438;0.31936306;71.02466
0.021;0.014;15;13;27;0.9065112;0.71328664;0.8181283;0.7939438;0.31936306;71.02466
0.022;0.014;15;13;27;0.9065112;0.71328664;0.8181283;0.7939438;0.31936306;71.02466
0.023;0.014;15;13;27;0.9065112;0.71328664;0.8181283;0.7939438;0.31936306;71.02466
0.024;0.014;15;13;27;0.9065112;0.71328664;0.8181283;0.7939438;0.31936306;71.02466
0.025;0.014;15;13;27;0.9065112;0.71328664;0.8181283;0.7939438;0.31936306;71.02466
0.026;0.014;15;13;27;0.9065112;0.71328664;0.8181283;0.7939438;0.31936306;71.02466
0.027;0.014;15;13;27;0.9065112;0.71328664;0.8181283;0.7939438;0.31936306;71.02466
0.028;0.014;15;13;27;0.9065112;0.71328664;0.8181283;0.7939438;0.31936306;71.02466
0.029;0.014;15;13;27;0.9065112;0.71328664;0.8181283;0.7939438;0.31936306;71.02466
0.03;0.014;15;13;27;0.9065112;0.71328664;0.8181283;0.7939438;0.31936306;71.02466
0.001;0.015;15;29;28;0.9148568;0.9655173;0.93107426;0.92684585;0.37135872;82.19306
0.002;0.015;15;27;27;0.9085499;0.96;0.9242759;0.9172287;0.37109464;81.62298
0.003;0.015;15;27;29;0.9085499;0.9540741;0.92715454;0.9245212;0.3709125;81.70425
0.004;0.015;15;26;28;0.9050326;0.9519231;0.9242596;0.9235657;0.37288225;81.55326
0.005;0.015;15;23;26;0.8997548;0.9399586;0.8989388;0.9088506;0.37298936;80.409836
0.006;0.015;15;22;26;0.9020693;0.9318182;0.88490844;0.9063799;0.3682824;79.86916
0.007;0.015;15;19;25;0.8908905;0.9040248;0.8773239;0.890344;0.38237268;78.89912
0.008;0.015;15;19;26;0.8873009;0.8978328;0.85846776;0.8720507;0.38090873;77.93121
0.009;0.015;15;19;26;0.8873009;0.8978328;0.85846776;0.8720507;0.38090873;77.93121
0.01;0.015;15;18;27;0.8479418;0.87499994;0.84096813;0.82159513;0.37537688;75.217636
0.011;0.015;15;17;24;0.8830328;0.8784313;0.85124046;0.8237776;0.35695252;75.8687
0.012;0.015;15;17;24;0.9019436;0.8784313;0.8408323;0.8103961;0.35844424;75.80095
0.013;0.015;15;15;23;0.8939375;0.8410256;0.81639546;0.80408806;0.35836092;74.27615
0.014;0.015;15;14;20;0.90396315;0.84523815;0.8764036;0.86743647;0.32874358;76.4357
0.015;0.015;15;13;20;0.874218;0.81118876;0.8602096;0.8413032;0.32317966;74.20199
0.016;0.015;15;12;21;0.847805;0.7499999;0.8601182;0.8178963;0.32251447;71.966675
0.017;0.015;15;11;20;0.84332526;0.70707065;0.8444489;0.7984362;0.31702724;70.20617
0.018;0.015;15;11;20;0.8529007;0.70707065;0.84932137;0.7985886;0.31702724;70.49817
0.019;0.015;15;11;20;0.8529007;0.70707065;0.84932137;0.7985886;0.31702724;70.49817
0.02;0.015;15;11;20;0.85253114;0.70707065;0.8445357;0.7989918;0.3168211;70.399
0.021;0.015;15;11;20;0.85253114;0.70707065;0.8445357;0.7989918;0.3168211;70.399
0.022;0.015;15;11;20;0.85253114;0.70707065;0.8445357;0.7989918;0.3168211;70.399
0.023;0.015;15;11;20;0.85253114;0.70707065;0.8445357;0.7989918;0.3168211;70.399
0.024;0.015;15;11;20;0.85253114;0.70707065;0.8445357;0.7989918;0.3168211;70.399
0.025;0.015;15;11;20;0.85253114;0.70707065;0.8445357;0.7989918;0.3168211;70.399
0.026;0.015;15;11;20;0.85253114;0.70707065;0.8445357;0.7989918;0.3168211;70.399
0.027;0.015;15;11;20;0.85253114;0.70707065;0.8445357;0.7989918;0.3168211;70.399
0.028;0.015;15;11;20;0.85253114;0.70707065;0.8445357;0.7989918;0.3168211;70.399
0.029;0.015;15;11;20;0.85253114;0.70707065;0.8445357;0.7989918;0.3168211;70.399
0.03;0.015;15;11;20;0.85253114;0.70707065;0.8445357;0.7989918;0.3168211;70.399
0.001;0.016;15;22;21;0.895925;0.9545454;0.91725177;0.9099488;0.3622027;80.79748
0.002;0.016;15;20;20;0.8855175;0.9444444;0.90579396;0.89618;0.36035034;79.845726
0.003;0.016;15;20;22;0.8855175;0.9333333;0.9096803;0.908507;0.3595865;79.93249
0.004;0.016;15;20;22;0.8855175;0.9333333;0.9096803;0.908507;0.3595865;79.93249
0.005;0.016;15;18;21;0.8565371;0.9166666;0.88299185;0.8878778;0.34865224;77.854515
0.006;0.016;15;18;22;0.85411006;0.9097222;0.8610611;0.86805075;0.34788677;76.81662
0.007;0.016;15;15;21;0.8145797;0.86153847;0.8471834;0.8004057;0.35719448;73.61804
0.008;0.016;15;15;21;0.8145797;0.86153847;0.8471834;0.8004057;0.35719448;73.61804
0.009;0.016;15;15;21;0.8145797;0.86153847;0.8471834;0.8004057;0.35719448;73.61804
0.01;0.016;15;15;23;0.797956;0.8410256;0.8329234;0.75082046;0.3526534;71.50758
0.011;0.016;15;15;23;0.797956;0.8410256;0.8329234;0.75082046;0.3526534;71.50758
0.012;0.016;15;14;23;0.8024791;0.8095238;0.8157995;0.72362614;0.35713685;70.17131
0.013;0.016;15;12;20;0.771214;0.76666665;0.8252827;0.70082194;0.36214688;68.522644
0.014;0.016;15;11;19;0.80912274;0.7272727;0.82878286;0.7306677;0.3580064;69.07705
0.015;0.016;15;10;17;0.8655362;0.70000005;0.8194806;0.6735142;0.3333518;67.83766
0.016;0.016;15;10;19;0.86297214;0.65;0.82229924;0.651076;0.3332238;66.391426
0.017;0.016;15;10;20;0.84945995;0.625;0.8102369;0.64617825;0.3284451;65.1864
0.018;0.016;15;9;18;0.88019985;0.5714286;0.80925816;0.6705591;0.32465526;65.12202
0.019;0.016;15;9;18;0.88019985;0.5714286;0.80925816;0.6705591;0.32465526;65.12202
0.02;0.016;15;9;18;0.88019985;0.5714286;0.80925816;0.6705591;0.32465526;65.12202
0.021;0.016;15;9;18;0.88019985;0.5714286;0.80925816;0.6705591;0.32465526;65.12202
0.022;0.016;15;9;18;0.88019985;0.5714286;0.80925816;0.6705591;0.32465526;65.12202
0.023;0.016;15;9;18;0.88019985;0.5714286;0.80925816;0.6705591;0.32465526;65.12202
0.024;0.016;15;9;18;0.88019985;0.5714286;0.80925816;0.6705591;0.32465526;65.12202
0.025;0.016;15;9;18;0.88019985;0.5714286;0.80925816;0.6705591;0.32465526;65.12202
0.026;0.016;15;9;18;0.88019985;0.5714286;0.80925816;0.6705591;0.32465526;65.12202
0.027;0.016;15;9;18;0.88019985;0.5714286;0.80925816;0.6705591;0.32465526;65.12202
0.028;0.016;15;9;18;0.88019985;0.5714286;0.80925816;0.6705591;0.32465526;65.12202
0.029;0.016;15;9;18;0.88019985;0.5714286;0.80925816;0.6705591;0.32465526;65.12202
0.03;0.016;15;9;18;0.88019985;0.5714286;0.80925816;0.6705591;0.32465526;65.12202
0.001;0.017;15;18;17;0.8910103;0.9444444;0.9038354;0.88836247;0.33971474;79.34735
0.002;0.017;15;17;17;0.88459915;0.93333334;0.893753;0.8758316;0.34239107;78.59817
0.003;0.017;15;17;18;0.88459915;0.9254902;0.8976806;0.8793255;0.34243235;78.59055
0.004;0.017;15;17;18;0.88459915;0.9254902;0.8976806;0.8793255;0.34243235;78.59055
0.005;0.017;15;16;18;0.86299264;0.91071427;0.8670335;0.87984025;0.33953625;77.20234
0.006;0.017;15;16;18;0.86299264;0.91071427;0.8670335;0.87984025;0.33953625;77.20234
0.007;0.017;15;15;18;0.85163665;0.8923077;0.8518975;0.82859415;0.34010583;75.29083
0.008;0.017;15;14;17;0.8248538;0.88095236;0.8410276;0.7791305;0.33299157;73.179115
0.009;0.017;15;13;16;0.7907431;0.8671329;0.85103995;0.7470789;0.32288817;71.57766
0.01;0.017;15;13;16;0.7907431;0.8671329;0.85103995;0.7470789;0.32288817;71.57766
0.011;0.017;15;13;16;0.8156615;0.8671329;0.831454;0.71381074;0.32063416;70.97387
0.012;0.017;15;12;16;0.8370042;0.8333333;0.8240467;0.6950149;0.3205273;70.19853
0.013;0.017;15;12;16;0.8370042;0.8333333;0.8240467;0.6950149;0.3205273;70.19853
0.014;0.017;15;10;15;0.8589633;0.75;0.82473254;0.7052008;0.3284077;69.34609
0.015;0.017;15;10;15;0.8589633;0.75;0.82473254;0.7052008;0.3284077;69.34609
0.016;0.017;15;10;17;0.8563992;0.70000005;0.8268946;0.68276274;0.32828087;67.88675
0.017;0.017;15;10;18;0.854517;0.67499995;0.77935106;0.68826014;0.32094878;66.36154
0.018;0.017;15;9;15;0.8781899;0.6666666;0.77380574;0.6570052;0.31714386;65.85623
0.019;0.017;15;9;15;0.8781899;0.6666666;0.77380574;0.6570052;0.31714386;65.85623
0.02;0.017;15;9;15;0.8781899;0.6666666;0.77380574;0.6570052;0.31714386;65.85623
0.021;0.017;15;9;15;0.8781899;0.6666666;0.77380574;0.6570052;0.31714386;65.85623
0.022;0.017;15;9;15;0.8781899;0.6666666;0.77380574;0.6570052;0.31714386;65.85623
0.023;0.017;15;9;15;0.8781899;0.6666666;0.77380574;0.6570052;0.31714386;65.85623
0.024;0.017;15;9;15;0.8781899;0.6666666;0.77380574;0.6570052;0.31714386;65.85623
0.025;0.017;15;9;15;0.8781899;0.6666666;0.77380574;0.6570052;0.31714386;65.85623
0.026;0.017;15;9;15;0.8781899;0.6666666;0.77380574;0.6570052;0.31714386;65.85623
0.027;0.017;15;9;15;0.8781899;0.6666666;0.77380574;0.6570052;0.31714386;65.85623
0.028;0.017;15;9;15;0.8781899;0.6666666;0.77380574;0.6570052;0.31714386;65.85623
0.029;0.017;15;9;15;0.8781899;0.6666666;0.77380574;0.6570052;0.31714386;65.85623
0.03;0.017;15;9;15;0.8781899;0.6666666;0.77380574;0.6570052;0.31714386;65.85623
0.001;0.018;15;18;17;0.8910103;0.9444444;0.90390533;0.8885282;0.3396399;79.35057
0.002;0.018;15;17;17;0.88459915;0.93333334;0.89409184;0.87598145;0.34085372;78.577194
0.003;0.018;15;16;17;0.87738657;0.91964287;0.9003438;0.8920972;0.34011504;78.591705
0.004;0.018;15;16;17;0.87738657;0.91964287;0.9003438;0.8920972;0.34011504;78.591705
0.005;0.018;15;14;16;0.84342015;0.89285713;0.87891775;0.8737191;0.34447688;76.667816
0.006;0.018;15;14;16;0.84342015;0.89285713;0.87891775;0.8737191;0.34447688;76.667816
0.007;0.018;15;13;16;0.8288942;0.8671329;0.8618897;0.8138064;0.34438357;74.322136
0.008;0.018;15;11;14;0.7848047;0.8282828;0.8611504;0.7584097;0.34596175;71.57219
0.009;0.018;15;11;14;0.7848047;0.8282828;0.8611504;0.7584097;0.34596175;71.57219
0.01;0.018;15;11;14;0.7848047;0.8282828;0.8611504;0.7584097;0.34596175;71.57219
0.011;0.018;15;11;14;0.7848047;0.8282828;0.8611504;0.7584097;0.34596175;71.57219
0.012;0.018;15;9;12;0.85583705;0.7619047;0.8163298;0.6768519;0.34471238;69.11272
0.013;0.018;15;9;12;0.85583705;0.7619047;0.8163298;0.6768519;0.34471238;69.11272
0.014;0.018;15;8;11;0.8931953;0.7083333;0.8082991;0.685655;0.34014904;68.71263
0.015;0.018;15;8;11;0.8931953;0.7083333;0.8082991;0.685655;0.34014904;68.71263
0.016;0.018;15;8;11;0.8931953;0.7083333;0.8082991;0.685655;0.34014904;68.71263
0.017;0.018;15;8;14;0.8678602;0.5833333;0.7659472;0.6541897;0.33402586;64.10713
0.018;0.018;15;7;10;0.8952574;0.6285714;0.7722083;0.6551652;0.3575318;66.17468
0.019;0.018;15;7;11;0.8863169;0.57142854;0.75684476;0.65889025;0.35260564;64.52171
0.02;0.018;15;7;11;0.8863169;0.57142854;0.75684476;0.65889025;0.35260564;64.52171
0.021;0.018;15;6;8;0.90732276;0.5833333;0.77277935;0.7567444;0.31542563;66.712105
0.022;0.018;15;6;8;0.90732276;0.5833333;0.77277935;0.7567444;0.31542563;66.712105
0.023;0.018;15;6;8;0.90732276;0.5833333;0.77277935;0.7567444;0.31542563;66.712105
0.024;0.018;15;6;8;0.90732276;0.5833333;0.77277935;0.7567444;0.31542563;66.712105
0.025;0.018;15;6;8;0.90732276;0.5833333;0.77277935;0.7567444;0.31542563;66.712105
0.026;0.018;15;6;8;0.90732276;0.5833333;0.77277935;0.7567444;0.31542563;66.712105
0.027;0.018;15;6;8;0.90732276;0.5833333;0.77277935;0.7567444;0.31542563;66.712105
0.028;0.018;15;6;8;0.90732276;0.5833333;0.77277935;0.7567444;0.31542563;66.712105
0.029;0.018;15;6;8;0.90732276;0.5833333;0.77277935;0.7567444;0.31542563;66.712105
0.03;0.018;15;6;8;0.90732276;0.5833333;0.77277935;0.7567444;0.31542563;66.712105
0.001;0.019;15;16;15;0.88372546;0.9375;0.8950699;0.8805794;0.334093;78.619354
0.002;0.019;15;14;15;0.86711484;0.90476185;0.88410145;0.8660409;0.33941388;77.22866
0.003;0.019;15;13;14;0.8568929;0.8951048;0.88192517;0.8705987;0.34850886;77.06061
0.004;0.019;15;13;14;0.8568929;0.8951048;0.88192517;0.8705987;0.34850886;77.06061
0.005;0.019;15;12;14;0.8257754;0.8666667;0.86631095;0.8612831;0.34623063;75.32533
0.006;0.019;15;12;14;0.8257754;0.8666667;0.86631095;0.8612831;0.34623063;75.32533
0.007;0.019;15;11;14;0.8070042;0.8282828;0.84685034;0.7893467;0.3500246;72.430176
0.008;0.019;15;11;14;0.8070042;0.8282828;0.84685034;0.7893467;0.3500246;72.430176
0.009;0.019;15;11;14;0.8070042;0.8282828;0.84685034;0.7893467;0.3500246;72.430176
0.01;0.019;15;11;14;0.8070042;0.8282828;0.84685034;0.7893467;0.3500246;72.430176
0.011;0.019;15;10;13;0.8596615;0.79999995;0.82391727;0.7203021;0.33873665;70.852356
0.012;0.019;15;9;12;0.87456006;0.7619047;0.8006618;0.67445654;0.34494412;69.13055
0.013;0.019;15;8;12;0.8412669;0.6666667;0.80044097;0.60138744;0.33234158;64.84207
0.014;0.019;15;8;12;0.8412669;0.6666667;0.80044097;0.60138744;0.33234158;64.84207
0.015;0.019;15;8;12;0.8412669;0.6666667;0.80044097;0.60138744;0.33234158;64.84207
0.016;0.019;15;8;12;0.8412669;0.6666667;0.80044097;0.60138744;0.33234158;64.84207
0.017;0.019;15;8;12;0.8412669;0.6666667;0.80044097;0.60138744;0.33234158;64.84207
0.018;0.019;15;7;10;0.81238294;0.6285714;0.76950324;0.5758621;0.34328455;62.592083
0.019;0.019;15;6;10;0.81739223;0.41666663;0.7472598;0.55176145;0.32491264;57.15986
0.02;0.019;15;6;10;0.81739223;0.41666663;0.7472598;0.55176145;0.32491264;57.15986
0.021;0.019;15;6;8;0.8869204;0.5833333;0.792185;0.7677463;0.30091092;66.62192
0.022;0.019;15;6;8;0.8869204;0.5833333;0.792185;0.7677463;0.30091092;66.62192
0.023;0.019;15;6;8;0.8869204;0.5833333;0.792185;0.7677463;0.30091092;66.62192
0.024;0.019;15;6;8;0.8869204;0.5833333;0.792185;0.7677463;0.30091092;66.62192
0.025;0.019;15;6;8;0.8869204;0.5833333;0.792185;0.7677463;0.30091092;66.62192
0.026;0.019;15;6;8;0.8869204;0.5833333;0.792185;0.7677463;0.30091092;66.62192
0.027;0.019;15;6;8;0.8869204;0.5833333;0.792185;0.7677463;0.30091092;66.62192
0.028;0.019;15;6;8;0.8869204;0.5833333;0.792185;0.7677463;0.30091092;66.62192
0.029;0.019;15;6;8;0.8869204;0.5833333;0.792185;0.7677463;0.30091092;66.62192
0.03;0.019;15;6;8;0.8869204;0.5833333;0.792185;0.7677463;0.30091092;66.62192
0.001;0.02;15;11;10;0.81420964;0.9090909;0.8800866;0.84619033;0.34563205;75.90419
0.002;0.02;15;10;10;0.7956306;0.875;0.87969685;0.8440009;0.34676224;74.82181
0.003;0.02;15;10;10;0.7956306;0.875;0.87969685;0.8440009;0.34676224;74.82181
0.004;0.02;15;10;11;0.79403716;0.84999996;0.8874642;0.84009695;0.34747142;74.38139
0.005;0.02;15;10;11;0.79403716;0.84999996;0.8874642;0.84009695;0.34747142;74.38139
0.006;0.02;15;10;11;0.79403716;0.84999996;0.8874642;0.84009695;0.34747142;74.38139
0.007;0.02;15;8;9;0.75753075;0.7916667;0.8566085;0.82652456;0.35774463;71.8015
0.008;0.02;15;8;9;0.75753075;0.7916667;0.8566085;0.82652456;0.35774463;71.8015
0.009;0.02;15;8;9;0.75753075;0.7916667;0.8566085;0.82652456;0.35774463;71.8015
0.01;0.02;15;8;9;0.75753075;0.7916667;0.8566085;0.82652456;0.35774463;71.8015
0.011;0.02;15;7;8;0.82568777;0.7428571;0.822312;0.7332006;0.34055465;69.292244
0.012;0.02;15;6;7;0.78601587;0.6666667;0.76686496;0.6779829;0.32516864;64.45399
0.013;0.02;15;6;7;0.78601587;0.6666667;0.76686496;0.6779829;0.32516864;64.45399
0.014;0.02;15;6;7;0.78601587;0.6666667;0.76686496;0.6779829;0.32516864;64.45399
0.015;0.02;15;6;7;0.78601587;0.6666667;0.76686496;0.6779829;0.32516864;64.45399
0.016;0.02;15;6;7;0.78601587;0.6666667;0.76686496;0.6779829;0.32516864;64.45399
0.017;0.02;15;6;7;0.78601587;0.6666667;0.76686496;0.6779829;0.32516864;64.45399
0.018;0.02;15;6;8;0.8214842;0.5833333;0.7514919;0.6835842;0.33016735;63.401222
0.019;0.02;15;6;8;0.8214842;0.5833333;0.7514919;0.6835842;0.33016735;63.401222
0.02;0.02;15;5;6;0.7688907;0.5333333;0.71560913;0.645947;0.33241546;59.92391
0.021;0.02;15;4;5;0.7624601;0.25;0.774664;0.77100366;0.2924921;57.012398
0.022;0.02;15;4;5;0.7624601;0.25;0.774664;0.77100366;0.2924921;57.012398
0.023;0.02;15;4;5;0.7624601;0.25;0.774664;0.77100366;0.2924921;57.012398
0.024;0.02;15;4;5;0.7624601;0.25;0.774664;0.77100366;0.2924921;57.012398
0.025;0.02;15;4;5;0.7624601;0.25;0.774664;0.77100366;0.2924921;57.012398
0.026;0.02;15;4;5;0.7624601;0.25;0.774664;0.77100366;0.2924921;57.012398
0.027;0.02;15;4;5;0.7624601;0.25;0.774664;0.77100366;0.2924921;57.012398
0.028;0.02;15;4;5;0.7624601;0.25;0.774664;0.77100366;0.2924921;57.012398
0.029;0.02;15;4;5;0.7624601;0.25;0.774664;0.77100366;0.2924921;57.012398
0.03;0.02;15;4;5;0.7624601;0.25;0.774664;0.77100366;0.2924921;57.012398
0.001;0.021;15;10;9;0.81443334;0.9;0.87601864;0.83060384;0.33663917;75.15389
0.002;0.021;15;9;9;0.79381484;0.85714287;0.8755856;0.82643926;0.34051234;73.8699
0.003;0.021;15;9;9;0.79381484;0.85714287;0.8755856;0.82643926;0.34051234;73.8699
0.004;0.021;15;8;9;0.77475464;0.7916667;0.8752352;0.8202013;0.35260397;72.28923
0.005;0.021;15;8;9;0.77475464;0.7916667;0.8752352;0.8202013;0.35260397;72.28923
0.006;0.021;15;8;9;0.77475464;0.7916667;0.8752352;0.8202013;0.35260397;72.28923
0.007;0.021;15;6;6;0.8559841;0.75;0.8343165;0.7802337;0.34288624;71.26842
0.008;0.021;15;6;6;0.8559841;0.75;0.8343165;0.7802337;0.34288624;71.26842
0.009;0.021;15;6;6;0.8559841;0.75;0.8343165;0.7802337;0.34288624;71.26842
0.01;0.021;15;6;6;0.8559841;0.75;0.8343165;0.7802337;0.34288624;71.26842
0.011;0.021;15;6;6;0.8559841;0.75;0.8343165;0.7802337;0.34288624;71.26842
0.012;0.021;15;6;6;0.8559841;0.75;0.8343165;0.7802337;0.34288624;71.26842
0.013;0.021;15;6;6;0.8559841;0.75;0.8343165;0.7802337;0.34288624;71.26842
0.014;0.021;15;5;5;0.75442994;0.6666667;0.79332256;0.71939325;0.36344174;65.94508
0.015;0.021;15;5;5;0.75442994;0.6666667;0.79332256;0.71939325;0.36344174;65.94508
0.016;0.021;15;5;5;0.75442994;0.6666667;0.79332256;0.71939325;0.36344174;65.94508
0.017;0.021;15;5;5;0.75442994;0.6666667;0.79332256;0.71939325;0.36344174;65.94508
0.018;0.021;15;5;6;0.77859694;0.5333333;0.76909477;0.6435074;0.3584108;61.658863
0.019;0.021;15;5;6;0.77859694;0.5333333;0.76909477;0.6435074;0.3584108;61.658863
0.02;0.021;15;4;4;0.6930563;0.5;0.74001473;0.5906153;0.3108619;56.690964
0.021;0.021;15;4;4;0.6930563;0.5;0.74001473;0.5906153;0.3108619;56.690964
0.022;0.021;15;4;4;0.6930563;0.5;0.74001473;0.5906153;0.3108619;56.690964
0.023;0.021;15;4;4;0.6930563;0.5;0.74001473;0.5906153;0.3108619;56.690964
0.024;0.021;15;4;5;0.70948994;0.25;0.75214165;0.50279206;0.3108619;50.505714
0.025;0.021;15;4;5;0.70948994;0.25;0.75214165;0.50279206;0.3108619;50.505714
0.026;0.021;15;4;5;0.70948994;0.25;0.75214165;0.50279206;0.3108619;50.505714
0.027;0.021;15;4;5;0.70948994;0.25;0.75214165;0.50279206;0.3108619;50.505714
0.028;0.021;15;4;5;0.70948994;0.25;0.75214165;0.50279206;0.3108619;50.505714
0.029;0.021;15;4;5;0.70948994;0.25;0.75214165;0.50279206;0.3108619;50.505714
0.03;0.021;15;4;5;0.70948994;0.25;0.75214165;0.50279206;0.3108619;50.505714
0.001;0.022;15;4;3;0.7167294;0.75;0.8746391;0.70626533;0.25907463;66.13417
0.002;0.022;15;4;3;0.7167294;0.75;0.8746391;0.70626533;0.25907463;66.13417
0.003;0.022;15;4;3;0.7167294;0.75;0.8746391;0.70626533;0.25907463;66.13417
0.004;0.022;15;4;3;0.7167294;0.75;0.8746391;0.70626533;0.25907463;66.13417
0.005;0.022;15;4;3;0.7167294;0.75;0.8746391;0.70626533;0.25907463;66.13417
0.006;0.022;15;4;3;0.7167294;0.75;0.8746391;0.70626533;0.25907463;66.13417
0.007;0.022;15;4;3;0.7167294;0.75;0.8746391;0.70626533;0.25907463;66.13417
0.008;0.022;15;4;3;0.7167294;0.75;0.8746391;0.70626533;0.25907463;66.13417
0.009;0.022;15;4;3;0.7167294;0.75;0.8746391;0.70626533;0.25907463;66.13417
0.01;0.022;15;4;3;0.7167294;0.75;0.8746391;0.70626533;0.25907463;66.13417
0.011;0.022;15;4;3;0.7167294;0.75;0.8746391;0.70626533;0.25907463;66.13417
0.012;0.022;15;4;3;0.7167294;0.75;0.8746391;0.70626533;0.25907463;66.13417
0.013;0.022;15;4;3;0.7167294;0.75;0.8746391;0.70626533;0.25907463;66.13417
0.014;0.022;15;4;3;0.7167294;0.75;0.8746391;0.70626533;0.25907463;66.13417
0.015;0.022;15;4;3;0.7167294;0.75;0.8746391;0.70626533;0.25907463;66.13417
0.016;0.022;15;4;3;0.7167294;0.75;0.8746391;0.70626533;0.25907463;66.13417
0.017;0.022;15;4;3;0.7167294;0.75;0.8746391;0.70626533;0.25907463;66.13417
0.018;0.022;15;3;2;0.6208714;0.6666666;0.9086032;0.5958695;0.13893339;58.618885
0.019;0.022;15;3;2;0.6208714;0.6666666;0.9086032;0.5958695;0.13893339;58.618885
0.02;0.022;15;3;2;0.6208714;0.6666666;0.9086032;0.5958695;0.13893339;58.618885
0.021;0.022;15;3;2;0.6208714;0.6666666;0.9086032;0.5958695;0.13893339;58.618885
0.022;0.022;15;3;2;0.6208714;0.6666666;0.9086032;0.5958695;0.13893339;58.618885
0.023;0.022;15;3;2;0.6208714;0.6666666;0.9086032;0.5958695;0.13893339;58.618885
0.024;0.022;15;3;2;0.6208714;0.6666666;0.9086032;0.5958695;0.13893339;58.618885
0.025;0.022;15;3;2;0.6208714;0.6666666;0.9086032;0.5958695;0.13893339;58.618885
0.026;0.022;15;3;2;0.6208714;0.6666666;0.9086032;0.5958695;0.13893339;58.618885
0.027;0.022;15;3;2;0.6208714;0.6666666;0.9086032;0.5958695;0.13893339;58.618885
0.028;0.022;15;3;2;0.6208714;0.6666666;0.9086032;0.5958695;0.13893339;58.618885
0.029;0.022;15;3;2;0.6208714;0.6666666;0.9086032;0.5958695;0.13893339;58.618885
0.03;0.022;15;3;2;0.6208714;0.6666666;0.9086032;0.5958695;0.13893339;58.618885
0.001;0.023;15;2;1;0.5063502;NaN;0.9977124;0.45099208;0.0022876184;NaN
0.002;0.023;15;2;1;0.5063502;NaN;0.9977124;0.45099208;0.0022876184;NaN
0.003;0.023;15;2;1;0.5063502;NaN;0.9977124;0.45099208;0.0022876184;NaN
0.004;0.023;15;2;1;0.5063502;NaN;0.9977124;0.45099208;0.0022876184;NaN
0.005;0.023;15;2;1;0.5063502;NaN;0.9977124;0.45099208;0.0022876184;NaN
0.006;0.023;15;2;1;0.5063502;NaN;0.9977124;0.45099208;0.0022876184;NaN
0.007;0.023;15;2;1;0.5063502;NaN;0.9977124;0.45099208;0.0022876184;NaN
0.008;0.023;15;2;1;0.5063502;NaN;0.9977124;0.45099208;0.0022876184;NaN
0.009;0.023;15;2;1;0.5063502;NaN;0.9977124;0.45099208;0.0022876184;NaN
0.01;0.023;15;2;1;0.5063502;NaN;0.9977124;0.45099208;0.0022876184;NaN
0.011;0.023;15;2;1;0.5063502;NaN;0.9977124;0.45099208;0.0022876184;NaN
0.012;0.023;15;2;1;0.5063502;NaN;0.9977124;0.45099208;0.0022876184;NaN
0.013;0.023;15;2;1;0.5063502;NaN;0.9977124;0.45099208;0.0022876184;NaN
0.014;0.023;15;2;1;0.5063502;NaN;0.9977124;0.45099208;0.0022876184;NaN
0.015;0.023;15;2;1;0.5063502;NaN;0.9977124;0.45099208;0.0022876184;NaN
0.016;0.023;15;2;1;0.5063502;NaN;0.9977124;0.45099208;0.0022876184;NaN
0.017;0.023;15;2;1;0.5063502;NaN;0.9977124;0.45099208;0.0022876184;NaN
0.018;0.023;15;2;1;0.5063502;NaN;0.9977124;0.45099208;0.0022876184;NaN
0.019;0.023;15;2;1;0.5063502;NaN;0.9977124;0.45099208;0.0022876184;NaN
0.02;0.023;15;2;1;0.5063502;NaN;0.9977124;0.45099208;0.0022876184;NaN
0.021;0.023;15;2;1;0.5063502;NaN;0.9977124;0.45099208;0.0022876184;NaN
0.022;0.023;15;2;1;0.5063502;NaN;0.9977124;0.45099208;0.0022876184;NaN
0.023;0.023;15;2;1;0.5063502;NaN;0.9977124;0.45099208;0.0022876184;NaN
0.024;0.023;15;2;1;0.5063502;NaN;0.9977124;0.45099208;0.0022876184;NaN
0.025;0.023;15;2;1;0.5063502;NaN;0.9977124;0.45099208;0.0022876184;NaN
0.026;0.023;15;2;1;0.5063502;NaN;0.9977124;0.45099208;0.0022876184;NaN
0.027;0.023;15;2;1;0.5063502;NaN;0.9977124;0.45099208;0.0022876184;NaN
0.028;0.023;15;2;1;0.5063502;NaN;0.9977124;0.45099208;0.0022876184;NaN
0.029;0.023;15;2;1;0.5063502;NaN;0.9977124;0.45099208;0.0022876184;NaN
0.03;0.023;15;2;1;0.5063502;NaN;0.9977124;0.45099208;0.0022876184;NaN
0.001;0.024;15;2;1;0.50656056;NaN;0.9977124;0.45321816;0.0022876184;NaN
0.002;0.024;15;2;1;0.50656056;NaN;0.9977124;0.45321816;0.0022876184;NaN
0.003;0.024;15;2;1;0.50656056;NaN;0.9977124;0.45321816;0.0022876184;NaN
0.004;0.024;15;2;1;0.50656056;NaN;0.9977124;0.45321816;0.0022876184;NaN
0.005;0.024;15;2;1;0.50656056;NaN;0.9977124;0.45321816;0.0022876184;NaN
0.006;0.024;15;2;1;0.50656056;NaN;0.9977124;0.45321816;0.0022876184;NaN
0.007;0.024;15;2;1;0.50656056;NaN;0.9977124;0.45321816;0.0022876184;NaN
0.008;0.024;15;2;1;0.50656056;NaN;0.9977124;0.45321816;0.0022876184;NaN
0.009;0.024;15;2;1;0.50656056;NaN;0.9977124;0.45321816;0.0022876184;NaN
0.01;0.024;15;2;1;0.50656056;NaN;0.9977124;0.45321816;0.0022876184;NaN
0.011;0.024;15;2;1;0.50656056;NaN;0.9977124;0.45321816;0.0022876184;NaN
0.012;0.024;15;2;1;0.50656056;NaN;0.9977124;0.45321816;0.0022876184;NaN
0.013;0.024;15;2;1;0.50656056;NaN;0.9977124;0.45321816;0.0022876184;NaN
0.014;0.024;15;2;1;0.50656056;NaN;0.9977124;0.45321816;0.0022876184;NaN
0.015;0.024;15;2;1;0.50656056;NaN;0.9977124;0.45321816;0.0022876184;NaN
0.016;0.024;15;2;1;0.50656056;NaN;0.9977124;0.45321816;0.0022876184;NaN
0.017;0.024;15;2;1;0.50656056;NaN;0.9977124;0.45321816;0.0022876184;NaN
0.018;0.024;15;2;1;0.50656056;NaN;0.9977124;0.45321816;0.0022876184;NaN
0.019;0.024;15;2;1;0.50656056;NaN;0.9977124;0.45321816;0.0022876184;NaN
0.02;0.024;15;2;1;0.50656056;NaN;0.9977124;0.45321816;0.0022876184;NaN
0.021;0.024;15;2;1;0.50656056;NaN;0.9977124;0.45321816;0.0022876184;NaN
0.022;0.024;15;2;1;0.50656056;NaN;0.9977124;0.45321816;0.0022876184;NaN
0.023;0.024;15;2;1;0.50656056;NaN;0.9977124;0.45321816;0.0022876184;NaN
0.024;0.024;15;2;1;0.50656056;NaN;0.9977124;0.45321816;0.0022876184;NaN
0.025;0.024;15;2;1;0.50656056;NaN;0.9977124;0.45321816;0.0022876184;NaN
0.026;0.024;15;2;1;0.50656056;NaN;0.9977124;0.45321816;0.0022876184;NaN
0.027;0.024;15;2;1;0.50656056;NaN;0.9977124;0.45321816;0.0022876184;NaN
0.028;0.024;15;2;1;0.50656056;NaN;0.9977124;0.45321816;0.0022876184;NaN
0.029;0.024;15;2;1;0.50656056;NaN;0.9977124;0.45321816;0.0022876184;NaN
0.03;0.024;15;2;1;0.50656056;NaN;0.9977124;0.45321816;0.0022876184;NaN
0.001;0.025;15;1;0;0.69753885;-0.0;1.0;0.5557833;2.7348701E-8;45.066444
0.002;0.025;15;1;0;0.69753885;-0.0;1.0;0.5557833;2.7348701E-8;45.066444
0.003;0.025;15;1;0;0.69753885;-0.0;1.0;0.5557833;2.7348701E-8;45.066444
0.004;0.025;15;1;0;0.69753885;-0.0;1.0;0.5557833;2.7348701E-8;45.066444
0.005;0.025;15;1;0;0.69753885;-0.0;1.0;0.5557833;2.7348701E-8;45.066444
0.006;0.025;15;1;0;0.69753885;-0.0;1.0;0.5557833;2.7348701E-8;45.066444
0.007;0.025;15;1;0;0.69753885;-0.0;1.0;0.5557833;2.7348701E-8;45.066444
0.008;0.025;15;1;0;0.69753885;-0.0;1.0;0.5557833;2.7348701E-8;45.066444
0.009;0.025;15;1;0;0.69753885;-0.0;1.0;0.5557833;2.7348701E-8;45.066444
0.01;0.025;15;1;0;0.69753885;-0.0;1.0;0.5557833;2.7348701E-8;45.066444
0.011;0.025;15;1;0;0.69753885;-0.0;1.0;0.5557833;2.7348701E-8;45.066444
0.012;0.025;15;1;0;0.69753885;-0.0;1.0;0.5557833;2.7348701E-8;45.066444
0.013;0.025;15;1;0;0.69753885;-0.0;1.0;0.5557833;2.7348701E-8;45.066444
0.014;0.025;15;1;0;0.69753885;-0.0;1.0;0.5557833;2.7348701E-8;45.066444
0.015;0.025;15;1;0;0.69753885;-0.0;1.0;0.5557833;2.7348701E-8;45.066444
0.016;0.025;15;1;0;0.69753885;-0.0;1.0;0.5557833;2.7348701E-8;45.066444
0.017;0.025;15;1;0;0.69753885;-0.0;1.0;0.5557833;2.7348701E-8;45.066444
0.018;0.025;15;1;0;0.69753885;-0.0;1.0;0.5557833;2.7348701E-8;45.066444
0.019;0.025;15;1;0;0.69753885;-0.0;1.0;0.5557833;2.7348701E-8;45.066444
0.02;0.025;15;1;0;0.69753885;-0.0;1.0;0.5557833;2.7348701E-8;45.066444
0.021;0.025;15;1;0;0.69753885;-0.0;1.0;0.5557833;2.7348701E-8;45.066444
0.022;0.025;15;1;0;0.69753885;-0.0;1.0;0.5557833;2.7348701E-8;45.066444
0.023;0.025;15;1;0;0.69753885;-0.0;1.0;0.5557833;2.7348701E-8;45.066444
0.024;0.025;15;1;0;0.69753885;-0.0;1.0;0.5557833;2.7348701E-8;45.066444
0.025;0.025;15;1;0;0.69753885;-0.0;1.0;0.5557833;2.7348701E-8;45.066444
0.026;0.025;15;1;0;0.69753885;-0.0;1.0;0.5557833;2.7348701E-8;45.066444
0.027;0.025;15;1;0;0.69753885;-0.0;1.0;0.5557833;2.7348701E-8;45.066444
0.028;0.025;15;1;0;0.69753885;-0.0;1.0;0.5557833;2.7348701E-8;45.066444
0.029;0.025;15;1;0;0.69753885;-0.0;1.0;0.5557833;2.7348701E-8;45.066444
0.03;0.025;15;1;0;0.69753885;-0.0;1.0;0.5557833;2.7348701E-8;45.066444
0.001;0.026;15;1;0;0.69753885;-0.0;1.0;0.5557833;2.7348701E-8;45.066444
0.002;0.026;15;1;0;0.69753885;-0.0;1.0;0.5557833;2.7348701E-8;45.066444
0.003;0.026;15;1;0;0.69753885;-0.0;1.0;0.5557833;2.7348701E-8;45.066444
0.004;0.026;15;1;0;0.69753885;-0.0;1.0;0.5557833;2.7348701E-8;45.066444
0.005;0.026;15;1;0;0.69753885;-0.0;1.0;0.5557833;2.7348701E-8;45.066444
0.006;0.026;15;1;0;0.69753885;-0.0;1.0;0.5557833;2.7348701E-8;45.066444
0.007;0.026;15;1;0;0.69753885;-0.0;1.0;0.5557833;2.7348701E-8;45.066444
0.008;0.026;15;1;0;0.69753885;-0.0;1.0;0.5557833;2.7348701E-8;45.066444
0.009;0.026;15;1;0;0.69753885;-0.0;1.0;0.5557833;2.7348701E-8;45.066444
0.01;0.026;15;1;0;0.69753885;-0.0;1.0;0.5557833;2.7348701E-8;45.066444
0.011;0.026;15;1;0;0.69753885;-0.0;1.0;0.5557833;2.7348701E-8;45.066444
0.012;0.026;15;1;0;0.69753885;-0.0;1.0;0.5557833;2.7348701E-8;45.066444
0.013;0.026;15;1;0;0.69753885;-0.0;1.0;0.5557833;2.7348701E-8;45.066444
0.014;0.026;15;1;0;0.69753885;-0.0;1.0;0.5557833;2.7348701E-8;45.066444
0.015;0.026;15;1;0;0.69753885;-0.0;1.0;0.5557833;2.7348701E-8;45.066444
0.016;0.026;15;1;0;0.69753885;-0.0;1.0;0.5557833;2.7348701E-8;45.066444
0.017;0.026;15;1;0;0.69753885;-0.0;1.0;0.5557833;2.7348701E-8;45.066444
0.018;0.026;15;1;0;0.69753885;-0.0;1.0;0.5557833;2.7348701E-8;45.066444
0.019;0.026;15;1;0;0.69753885;-0.0;1.0;0.5557833;2.7348701E-8;45.066444
0.02;0.026;15;1;0;0.69753885;-0.0;1.0;0.5557833;2.7348701E-8;45.066444
0.021;0.026;15;1;0;0.69753885;-0.0;1.0;0.5557833;2.7348701E-8;45.066444
0.022;0.026;15;1;0;0.69753885;-0.0;1.0;0.5557833;2.7348701E-8;45.066444
0.023;0.026;15;1;0;0.69753885;-0.0;1.0;0.5557833;2.7348701E-8;45.066444
0.024;0.026;15;1;0;0.69753885;-0.0;1.0;0.5557833;2.7348701E-8;45.066444
0.025;0.026;15;1;0;0.69753885;-0.0;1.0;0.5557833;2.7348701E-8;45.066444
0.026;0.026;15;1;0;0.69753885;-0.0;1.0;0.5557833;2.7348701E-8;45.066444
0.027;0.026;15;1;0;0.69753885;-0.0;1.0;0.5557833;2.7348701E-8;45.066444
0.028;0.026;15;1;0;0.69753885;-0.0;1.0;0.5557833;2.7348701E-8;45.066444
0.029;0.026;15;1;0;0.69753885;-0.0;1.0;0.5557833;2.7348701E-8;45.066444
0.03;0.026;15;1;0;0.69753885;-0.0;1.0;0.5557833;2.7348701E-8;45.066444
0.001;0.027;15;1;0;0.69753885;-0.0;1.0;0.5557833;2.7348701E-8;45.066444
0.002;0.027;15;1;0;0.69753885;-0.0;1.0;0.5557833;2.7348701E-8;45.066444
0.003;0.027;15;1;0;0.69753885;-0.0;1.0;0.5557833;2.7348701E-8;45.066444
0.004;0.027;15;1;0;0.69753885;-0.0;1.0;0.5557833;2.7348701E-8;45.066444
0.005;0.027;15;1;0;0.69753885;-0.0;1.0;0.5557833;2.7348701E-8;45.066444
0.006;0.027;15;1;0;0.69753885;-0.0;1.0;0.5557833;2.7348701E-8;45.066444
0.007;0.027;15;1;0;0.69753885;-0.0;1.0;0.5557833;2.7348701E-8;45.066444
0.008;0.027;15;1;0;0.69753885;-0.0;1.0;0.5557833;2.7348701E-8;45.066444
0.009;0.027;15;1;0;0.69753885;-0.0;1.0;0.5557833;2.7348701E-8;45.066444
0.01;0.027;15;1;0;0.69753885;-0.0;1.0;0.5557833;2.7348701E-8;45.066444
0.011;0.027;15;1;0;0.69753885;-0.0;1.0;0.5557833;2.7348701E-8;45.066444
0.012;0.027;15;1;0;0.69753885;-0.0;1.0;0.5557833;2.7348701E-8;45.066444
0.013;0.027;15;1;0;0.69753885;-0.0;1.0;0.5557833;2.7348701E-8;45.066444
0.014;0.027;15;1;0;0.69753885;-0.0;1.0;0.5557833;2.7348701E-8;45.066444
0.015;0.027;15;1;0;0.69753885;-0.0;1.0;0.5557833;2.7348701E-8;45.066444
0.016;0.027;15;1;0;0.69753885;-0.0;1.0;0.5557833;2.7348701E-8;45.066444
0.017;0.027;15;1;0;0.69753885;-0.0;1.0;0.5557833;2.7348701E-8;45.066444
0.018;0.027;15;1;0;0.69753885;-0.0;1.0;0.5557833;2.7348701E-8;45.066444
0.019;0.027;15;1;0;0.69753885;-0.0;1.0;0.5557833;2.7348701E-8;45.066444
0.02;0.027;15;1;0;0.69753885;-0.0;1.0;0.5557833;2.7348701E-8;45.066444
0.021;0.027;15;1;0;0.69753885;-0.0;1.0;0.5557833;2.7348701E-8;45.066444
0.022;0.027;15;1;0;0.69753885;-0.0;1.0;0.5557833;2.7348701E-8;45.066444
0.023;0.027;15;1;0;0.69753885;-0.0;1.0;0.5557833;2.7348701E-8;45.066444
0.024;0.027;15;1;0;0.69753885;-0.0;1.0;0.5557833;2.7348701E-8;45.066444
0.025;0.027;15;1;0;0.69753885;-0.0;1.0;0.5557833;2.7348701E-8;45.066444
0.026;0.027;15;1;0;0.69753885;-0.0;1.0;0.5557833;2.7348701E-8;45.066444
0.027;0.027;15;1;0;0.69753885;-0.0;1.0;0.5557833;2.7348701E-8;45.066444
0.028;0.027;15;1;0;0.69753885;-0.0;1.0;0.5557833;2.7348701E-8;45.066444
0.029;0.027;15;1;0;0.69753885;-0.0;1.0;0.5557833;2.7348701E-8;45.066444
0.03;0.027;15;1;0;0.69753885;-0.0;1.0;0.5557833;2.7348701E-8;45.066444
0.001;0.028;15;1;0;0.69753885;-0.0;1.0;0.5557833;2.7348701E-8;45.066444
0.002;0.028;15;1;0;0.69753885;-0.0;1.0;0.5557833;2.7348701E-8;45.066444
0.003;0.028;15;1;0;0.69753885;-0.0;1.0;0.5557833;2.7348701E-8;45.066444
0.004;0.028;15;1;0;0.69753885;-0.0;1.0;0.5557833;2.7348701E-8;45.066444
0.005;0.028;15;1;0;0.69753885;-0.0;1.0;0.5557833;2.7348701E-8;45.066444
0.006;0.028;15;1;0;0.69753885;-0.0;1.0;0.5557833;2.7348701E-8;45.066444
0.007;0.028;15;1;0;0.69753885;-0.0;1.0;0.5557833;2.7348701E-8;45.066444
0.008;0.028;15;1;0;0.69753885;-0.0;1.0;0.5557833;2.7348701E-8;45.066444
0.009;0.028;15;1;0;0.69753885;-0.0;1.0;0.5557833;2.7348701E-8;45.066444
0.01;0.028;15;1;0;0.69753885;-0.0;1.0;0.5557833;2.7348701E-8;45.066444
0.011;0.028;15;1;0;0.69753885;-0.0;1.0;0.5557833;2.7348701E-8;45.066444
0.012;0.028;15;1;0;0.69753885;-0.0;1.0;0.5557833;2.7348701E-8;45.066444
0.013;0.028;15;1;0;0.69753885;-0.0;1.0;0.5557833;2.7348701E-8;45.066444
0.014;0.028;15;1;0;0.69753885;-0.0;1.0;0.5557833;2.7348701E-8;45.066444
0.015;0.028;15;1;0;0.69753885;-0.0;1.0;0.5557833;2.7348701E-8;45.066444
0.016;0.028;15;1;0;0.69753885;-0.0;1.0;0.5557833;2.7348701E-8;45.066444
0.017;0.028;15;1;0;0.69753885;-0.0;1.0;0.5557833;2.7348701E-8;45.066444
0.018;0.028;15;1;0;0.69753885;-0.0;1.0;0.5557833;2.7348701E-8;45.066444
0.019;0.028;15;1;0;0.69753885;-0.0;1.0;0.5557833;2.7348701E-8;45.066444
0.02;0.028;15;1;0;0.69753885;-0.0;1.0;0.5557833;2.7348701E-8;45.066444
0.021;0.028;15;1;0;0.69753885;-0.0;1.0;0.5557833;2.7348701E-8;45.066444
0.022;0.028;15;1;0;0.69753885;-0.0;1.0;0.5557833;2.7348701E-8;45.066444
0.023;0.028;15;1;0;0.69753885;-0.0;1.0;0.5557833;2.7348701E-8;45.066444
0.024;0.028;15;1;0;0.69753885;-0.0;1.0;0.5557833;2.7348701E-8;45.066444
0.025;0.028;15;1;0;0.69753885;-0.0;1.0;0.5557833;2.7348701E-8;45.066444
0.026;0.028;15;1;0;0.69753885;-0.0;1.0;0.5557833;2.7348701E-8;45.066444
0.027;0.028;15;1;0;0.69753885;-0.0;1.0;0.5557833;2.7348701E-8;45.066444
0.028;0.028;15;1;0;0.69753885;-0.0;1.0;0.5557833;2.7348701E-8;45.066444
0.029;0.028;15;1;0;0.69753885;-0.0;1.0;0.5557833;2.7348701E-8;45.066444
0.03;0.028;15;1;0;0.69753885;-0.0;1.0;0.5557833;2.7348701E-8;45.066444
0.001;0.029;15;1;0;0.69753885;-0.0;1.0;0.5557833;2.7348701E-8;45.066444
0.002;0.029;15;1;0;0.69753885;-0.0;1.0;0.5557833;2.7348701E-8;45.066444
0.003;0.029;15;1;0;0.69753885;-0.0;1.0;0.5557833;2.7348701E-8;45.066444
0.004;0.029;15;1;0;0.69753885;-0.0;1.0;0.5557833;2.7348701E-8;45.066444
0.005;0.029;15;1;0;0.69753885;-0.0;1.0;0.5557833;2.7348701E-8;45.066444
0.006;0.029;15;1;0;0.69753885;-0.0;1.0;0.5557833;2.7348701E-8;45.066444
0.007;0.029;15;1;0;0.69753885;-0.0;1.0;0.5557833;2.7348701E-8;45.066444
0.008;0.029;15;1;0;0.69753885;-0.0;1.0;0.5557833;2.7348701E-8;45.066444
0.009;0.029;15;1;0;0.69753885;-0.0;1.0;0.5557833;2.7348701E-8;45.066444
0.01;0.029;15;1;0;0.69753885;-0.0;1.0;0.5557833;2.7348701E-8;45.066444
0.011;0.029;15;1;0;0.69753885;-0.0;1.0;0.5557833;2.7348701E-8;45.066444
0.012;0.029;15;1;0;0.69753885;-0.0;1.0;0.5557833;2.7348701E-8;45.066444
0.013;0.029;15;1;0;0.69753885;-0.0;1.0;0.5557833;2.7348701E-8;45.066444
0.014;0.029;15;1;0;0.69753885;-0.0;1.0;0.5557833;2.7348701E-8;45.066444
0.015;0.029;15;1;0;0.69753885;-0.0;1.0;0.5557833;2.7348701E-8;45.066444
0.016;0.029;15;1;0;0.69753885;-0.0;1.0;0.5557833;2.7348701E-8;45.066444
0.017;0.029;15;1;0;0.69753885;-0.0;1.0;0.5557833;2.7348701E-8;45.066444
0.018;0.029;15;1;0;0.69753885;-0.0;1.0;0.5557833;2.7348701E-8;45.066444
0.019;0.029;15;1;0;0.69753885;-0.0;1.0;0.5557833;2.7348701E-8;45.066444
0.02;0.029;15;1;0;0.69753885;-0.0;1.0;0.5557833;2.7348701E-8;45.066444
0.021;0.029;15;1;0;0.69753885;-0.0;1.0;0.5557833;2.7348701E-8;45.066444
0.022;0.029;15;1;0;0.69753885;-0.0;1.0;0.5557833;2.7348701E-8;45.066444
0.023;0.029;15;1;0;0.69753885;-0.0;1.0;0.5557833;2.7348701E-8;45.066444
0.024;0.029;15;1;0;0.69753885;-0.0;1.0;0.5557833;2.7348701E-8;45.066444
0.025;0.029;15;1;0;0.69753885;-0.0;1.0;0.5557833;2.7348701E-8;45.066444
0.026;0.029;15;1;0;0.69753885;-0.0;1.0;0.5557833;2.7348701E-8;45.066444
0.027;0.029;15;1;0;0.69753885;-0.0;1.0;0.5557833;2.7348701E-8;45.066444
0.028;0.029;15;1;0;0.69753885;-0.0;1.0;0.5557833;2.7348701E-8;45.066444
0.029;0.029;15;1;0;0.69753885;-0.0;1.0;0.5557833;2.7348701E-8;45.066444
0.03;0.029;15;1;0;0.69753885;-0.0;1.0;0.5557833;2.7348701E-8;45.066444
0.001;0.03;15;1;0;0.69753885;-0.0;1.0;0.5557833;2.7348701E-8;45.066444
0.002;0.03;15;1;0;0.69753885;-0.0;1.0;0.5557833;2.7348701E-8;45.066444
0.003;0.03;15;1;0;0.69753885;-0.0;1.0;0.5557833;2.7348701E-8;45.066444
0.004;0.03;15;1;0;0.69753885;-0.0;1.0;0.5557833;2.7348701E-8;45.066444
0.005;0.03;15;1;0;0.69753885;-0.0;1.0;0.5557833;2.7348701E-8;45.066444
0.006;0.03;15;1;0;0.69753885;-0.0;1.0;0.5557833;2.7348701E-8;45.066444
0.007;0.03;15;1;0;0.69753885;-0.0;1.0;0.5557833;2.7348701E-8;45.066444
0.008;0.03;15;1;0;0.69753885;-0.0;1.0;0.5557833;2.7348701E-8;45.066444
0.009;0.03;15;1;0;0.69753885;-0.0;1.0;0.5557833;2.7348701E-8;45.066444
0.01;0.03;15;1;0;0.69753885;-0.0;1.0;0.5557833;2.7348701E-8;45.066444
0.011;0.03;15;1;0;0.69753885;-0.0;1.0;0.5557833;2.7348701E-8;45.066444
0.012;0.03;15;1;0;0.69753885;-0.0;1.0;0.5557833;2.7348701E-8;45.066444
0.013;0.03;15;1;0;0.69753885;-0.0;1.0;0.5557833;2.7348701E-8;45.066444
0.014;0.03;15;1;0;0.69753885;-0.0;1.0;0.5557833;2.7348701E-8;45.066444
0.015;0.03;15;1;0;0.69753885;-0.0;1.0;0.5557833;2.7348701E-8;45.066444
0.016;0.03;15;1;0;0.69753885;-0.0;1.0;0.5557833;2.7348701E-8;45.066444
0.017;0.03;15;1;0;0.69753885;-0.0;1.0;0.5557833;2.7348701E-8;45.066444
0.018;0.03;15;1;0;0.69753885;-0.0;1.0;0.5557833;2.7348701E-8;45.066444
0.019;0.03;15;1;0;0.69753885;-0.0;1.0;0.5557833;2.7348701E-8;45.066444
0.02;0.03;15;1;0;0.69753885;-0.0;1.0;0.5557833;2.7348701E-8;45.066444
0.021;0.03;15;1;0;0.69753885;-0.0;1.0;0.5557833;2.7348701E-8;45.066444
0.022;0.03;15;1;0;0.69753885;-0.0;1.0;0.5557833;2.7348701E-8;45.066444
0.023;0.03;15;1;0;0.69753885;-0.0;1.0;0.5557833;2.7348701E-8;45.066444
0.024;0.03;15;1;0;0.69753885;-0.0;1.0;0.5557833;2.7348701E-8;45.066444
0.025;0.03;15;1;0;0.69753885;-0.0;1.0;0.5557833;2.7348701E-8;45.066444
0.026;0.03;15;1;0;0.69753885;-0.0;1.0;0.5557833;2.7348701E-8;45.066444
0.027;0.03;15;1;0;0.69753885;-0.0;1.0;0.5557833;2.7348701E-8;45.066444
0.028;0.03;15;1;0;0.69753885;-0.0;1.0;0.5557833;2.7348701E-8;45.066444
0.029;0.03;15;1;0;0.69753885;-0.0;1.0;0.5557833;2.7348701E-8;45.066444
0.03;0.03;15;1;0;0.69753885;-0.0;1.0;0.5557833;2.7348701E-8;45.066444
0.001;0.031;15;1;0;0.69753885;-0.0;1.0;0.5557833;2.7348701E-8;45.066444
0.002;0.031;15;1;0;0.69753885;-0.0;1.0;0.5557833;2.7348701E-8;45.066444
0.003;0.031;15;1;0;0.69753885;-0.0;1.0;0.5557833;2.7348701E-8;45.066444
0.004;0.031;15;1;0;0.69753885;-0.0;1.0;0.5557833;2.7348701E-8;45.066444
0.005;0.031;15;1;0;0.69753885;-0.0;1.0;0.5557833;2.7348701E-8;45.066444
0.006;0.031;15;1;0;0.69753885;-0.0;1.0;0.5557833;2.7348701E-8;45.066444
0.007;0.031;15;1;0;0.69753885;-0.0;1.0;0.5557833;2.7348701E-8;45.066444
0.008;0.031;15;1;0;0.69753885;-0.0;1.0;0.5557833;2.7348701E-8;45.066444
0.009;0.031;15;1;0;0.69753885;-0.0;1.0;0.5557833;2.7348701E-8;45.066444
0.01;0.031;15;1;0;0.69753885;-0.0;1.0;0.5557833;2.7348701E-8;45.066444
0.011;0.031;15;1;0;0.69753885;-0.0;1.0;0.5557833;2.7348701E-8;45.066444
0.012;0.031;15;1;0;0.69753885;-0.0;1.0;0.5557833;2.7348701E-8;45.066444
0.013;0.031;15;1;0;0.69753885;-0.0;1.0;0.5557833;2.7348701E-8;45.066444
0.014;0.031;15;1;0;0.69753885;-0.0;1.0;0.5557833;2.7348701E-8;45.066444
0.015;0.031;15;1;0;0.69753885;-0.0;1.0;0.5557833;2.7348701E-8;45.066444
0.016;0.031;15;1;0;0.69753885;-0.0;1.0;0.5557833;2.7348701E-8;45.066444
0.017;0.031;15;1;0;0.69753885;-0.0;1.0;0.5557833;2.7348701E-8;45.066444
0.018;0.031;15;1;0;0.69753885;-0.0;1.0;0.5557833;2.7348701E-8;45.066444
0.019;0.031;15;1;0;0.69753885;-0.0;1.0;0.5557833;2.7348701E-8;45.066444
0.02;0.031;15;1;0;0.69753885;-0.0;1.0;0.5557833;2.7348701E-8;45.066444
0.021;0.031;15;1;0;0.69753885;-0.0;1.0;0.5557833;2.7348701E-8;45.066444
0.022;0.031;15;1;0;0.69753885;-0.0;1.0;0.5557833;2.7348701E-8;45.066444
0.023;0.031;15;1;0;0.69753885;-0.0;1.0;0.5557833;2.7348701E-8;45.066444
0.024;0.031;15;1;0;0.69753885;-0.0;1.0;0.5557833;2.7348701E-8;45.066444
0.025;0.031;15;1;0;0.69753885;-0.0;1.0;0.5557833;2.7348701E-8;45.066444
0.026;0.031;15;1;0;0.69753885;-0.0;1.0;0.5557833;2.7348701E-8;45.066444
0.027;0.031;15;1;0;0.69753885;-0.0;1.0;0.5557833;2.7348701E-8;45.066444
0.028;0.031;15;1;0;0.69753885;-0.0;1.0;0.5557833;2.7348701E-8;45.066444
0.029;0.031;15;1;0;0.69753885;-0.0;1.0;0.5557833;2.7348701E-8;45.066444
0.03;0.031;15;1;0;0.69753885;-0.0;1.0;0.5557833;2.7348701E-8;45.066444
0.001;0.032;15;1;0;0.69753885;-0.0;1.0;0.5557833;2.7348701E-8;45.066444
0.002;0.032;15;1;0;0.69753885;-0.0;1.0;0.5557833;2.7348701E-8;45.066444
0.003;0.032;15;1;0;0.69753885;-0.0;1.0;0.5557833;2.7348701E-8;45.066444
0.004;0.032;15;1;0;0.69753885;-0.0;1.0;0.5557833;2.7348701E-8;45.066444
0.005;0.032;15;1;0;0.69753885;-0.0;1.0;0.5557833;2.7348701E-8;45.066444
0.006;0.032;15;1;0;0.69753885;-0.0;1.0;0.5557833;2.7348701E-8;45.066444
0.007;0.032;15;1;0;0.69753885;-0.0;1.0;0.5557833;2.7348701E-8;45.066444
0.008;0.032;15;1;0;0.69753885;-0.0;1.0;0.5557833;2.7348701E-8;45.066444
0.009;0.032;15;1;0;0.69753885;-0.0;1.0;0.5557833;2.7348701E-8;45.066444
0.01;0.032;15;1;0;0.69753885;-0.0;1.0;0.5557833;2.7348701E-8;45.066444
0.011;0.032;15;1;0;0.69753885;-0.0;1.0;0.5557833;2.7348701E-8;45.066444
0.012;0.032;15;1;0;0.69753885;-0.0;1.0;0.5557833;2.7348701E-8;45.066444
0.013;0.032;15;1;0;0.69753885;-0.0;1.0;0.5557833;2.7348701E-8;45.066444
0.014;0.032;15;1;0;0.69753885;-0.0;1.0;0.5557833;2.7348701E-8;45.066444
0.015;0.032;15;1;0;0.69753885;-0.0;1.0;0.5557833;2.7348701E-8;45.066444
0.016;0.032;15;1;0;0.69753885;-0.0;1.0;0.5557833;2.7348701E-8;45.066444
0.017;0.032;15;1;0;0.69753885;-0.0;1.0;0.5557833;2.7348701E-8;45.066444
0.018;0.032;15;1;0;0.69753885;-0.0;1.0;0.5557833;2.7348701E-8;45.066444
0.019;0.032;15;1;0;0.69753885;-0.0;1.0;0.5557833;2.7348701E-8;45.066444
0.02;0.032;15;1;0;0.69753885;-0.0;1.0;0.5557833;2.7348701E-8;45.066444
0.021;0.032;15;1;0;0.69753885;-0.0;1.0;0.5557833;2.7348701E-8;45.066444
0.022;0.032;15;1;0;0.69753885;-0.0;1.0;0.5557833;2.7348701E-8;45.066444
0.023;0.032;15;1;0;0.69753885;-0.0;1.0;0.5557833;2.7348701E-8;45.066444
0.024;0.032;15;1;0;0.69753885;-0.0;1.0;0.5557833;2.7348701E-8;45.066444
0.025;0.032;15;1;0;0.69753885;-0.0;1.0;0.5557833;2.7348701E-8;45.066444
0.026;0.032;15;1;0;0.69753885;-0.0;1.0;0.5557833;2.7348701E-8;45.066444
0.027;0.032;15;1;0;0.69753885;-0.0;1.0;0.5557833;2.7348701E-8;45.066444
0.028;0.032;15;1;0;0.69753885;-0.0;1.0;0.5557833;2.7348701E-8;45.066444
0.029;0.032;15;1;0;0.69753885;-0.0;1.0;0.5557833;2.7348701E-8;45.066444
0.03;0.032;15;1;0;0.69753885;-0.0;1.0;0.5557833;2.7348701E-8;45.066444
0.001;0.033;15;1;0;0.69753885;-0.0;1.0;0.5557833;2.7348701E-8;45.066444
0.002;0.033;15;1;0;0.69753885;-0.0;1.0;0.5557833;2.7348701E-8;45.066444
0.003;0.033;15;1;0;0.69753885;-0.0;1.0;0.5557833;2.7348701E-8;45.066444
0.004;0.033;15;1;0;0.69753885;-0.0;1.0;0.5557833;2.7348701E-8;45.066444
0.005;0.033;15;1;0;0.69753885;-0.0;1.0;0.5557833;2.7348701E-8;45.066444
0.006;0.033;15;1;0;0.69753885;-0.0;1.0;0.5557833;2.7348701E-8;45.066444
0.007;0.033;15;1;0;0.69753885;-0.0;1.0;0.5557833;2.7348701E-8;45.066444
0.008;0.033;15;1;0;0.69753885;-0.0;1.0;0.5557833;2.7348701E-8;45.066444
0.009;0.033;15;1;0;0.69753885;-0.0;1.0;0.5557833;2.7348701E-8;45.066444
0.01;0.033;15;1;0;0.69753885;-0.0;1.0;0.5557833;2.7348701E-8;45.066444
0.011;0.033;15;1;0;0.69753885;-0.0;1.0;0.5557833;2.7348701E-8;45.066444
0.012;0.033;15;1;0;0.69753885;-0.0;1.0;0.5557833;2.7348701E-8;45.066444
0.013;0.033;15;1;0;0.69753885;-0.0;1.0;0.5557833;2.7348701E-8;45.066444
0.014;0.033;15;1;0;0.69753885;-0.0;1.0;0.5557833;2.7348701E-8;45.066444
0.015;0.033;15;1;0;0.69753885;-0.0;1.0;0.5557833;2.7348701E-8;45.066444
0.016;0.033;15;1;0;0.69753885;-0.0;1.0;0.5557833;2.7348701E-8;45.066444
0.017;0.033;15;1;0;0.69753885;-0.0;1.0;0.5557833;2.7348701E-8;45.066444
0.018;0.033;15;1;0;0.69753885;-0.0;1.0;0.5557833;2.7348701E-8;45.066444
0.019;0.033;15;1;0;0.69753885;-0.0;1.0;0.5557833;2.7348701E-8;45.066444
0.02;0.033;15;1;0;0.69753885;-0.0;1.0;0.5557833;2.7348701E-8;45.066444
0.021;0.033;15;1;0;0.69753885;-0.0;1.0;0.5557833;2.7348701E-8;45.066444
0.022;0.033;15;1;0;0.69753885;-0.0;1.0;0.5557833;2.7348701E-8;45.066444
0.023;0.033;15;1;0;0.69753885;-0.0;1.0;0.5557833;2.7348701E-8;45.066444
0.024;0.033;15;1;0;0.69753885;-0.0;1.0;0.5557833;2.7348701E-8;45.066444
0.025;0.033;15;1;0;0.69753885;-0.0;1.0;0.5557833;2.7348701E-8;45.066444
0.026;0.033;15;1;0;0.69753885;-0.0;1.0;0.5557833;2.7348701E-8;45.066444
0.027;0.033;15;1;0;0.69753885;-0.0;1.0;0.5557833;2.7348701E-8;45.066444
0.028;0.033;15;1;0;0.69753885;-0.0;1.0;0.5557833;2.7348701E-8;45.066444
0.029;0.033;15;1;0;0.69753885;-0.0;1.0;0.5557833;2.7348701E-8;45.066444
0.03;0.033;15;1;0;0.69753885;-0.0;1.0;0.5557833;2.7348701E-8;45.066444
0.001;0.034;15;1;0;0.69753885;-0.0;1.0;0.5557833;2.7348701E-8;45.066444
0.002;0.034;15;1;0;0.69753885;-0.0;1.0;0.5557833;2.7348701E-8;45.066444
0.003;0.034;15;1;0;0.69753885;-0.0;1.0;0.5557833;2.7348701E-8;45.066444
0.004;0.034;15;1;0;0.69753885;-0.0;1.0;0.5557833;2.7348701E-8;45.066444
0.005;0.034;15;1;0;0.69753885;-0.0;1.0;0.5557833;2.7348701E-8;45.066444
0.006;0.034;15;1;0;0.69753885;-0.0;1.0;0.5557833;2.7348701E-8;45.066444
0.007;0.034;15;1;0;0.69753885;-0.0;1.0;0.5557833;2.7348701E-8;45.066444
0.008;0.034;15;1;0;0.69753885;-0.0;1.0;0.5557833;2.7348701E-8;45.066444
0.009;0.034;15;1;0;0.69753885;-0.0;1.0;0.5557833;2.7348701E-8;45.066444
0.01;0.034;15;1;0;0.69753885;-0.0;1.0;0.5557833;2.7348701E-8;45.066444
0.011;0.034;15;1;0;0.69753885;-0.0;1.0;0.5557833;2.7348701E-8;45.066444
0.012;0.034;15;1;0;0.69753885;-0.0;1.0;0.5557833;2.7348701E-8;45.066444
0.013;0.034;15;1;0;0.69753885;-0.0;1.0;0.5557833;2.7348701E-8;45.066444
0.014;0.034;15;1;0;0.69753885;-0.0;1.0;0.5557833;2.7348701E-8;45.066444
0.015;0.034;15;1;0;0.69753885;-0.0;1.0;0.5557833;2.7348701E-8;45.066444
0.016;0.034;15;1;0;0.69753885;-0.0;1.0;0.5557833;2.7348701E-8;45.066444
0.017;0.034;15;1;0;0.69753885;-0.0;1.0;0.5557833;2.7348701E-8;45.066444
0.018;0.034;15;1;0;0.69753885;-0.0;1.0;0.5557833;2.7348701E-8;45.066444
0.019;0.034;15;1;0;0.69753885;-0.0;1.0;0.5557833;2.7348701E-8;45.066444
0.02;0.034;15;1;0;0.69753885;-0.0;1.0;0.5557833;2.7348701E-8;45.066444
0.021;0.034;15;1;0;0.69753885;-0.0;1.0;0.5557833;2.7348701E-8;45.066444
0.022;0.034;15;1;0;0.69753885;-0.0;1.0;0.5557833;2.7348701E-8;45.066444
0.023;0.034;15;1;0;0.69753885;-0.0;1.0;0.5557833;2.7348701E-8;45.066444
0.024;0.034;15;1;0;0.69753885;-0.0;1.0;0.5557833;2.7348701E-8;45.066444
0.025;0.034;15;1;0;0.69753885;-0.0;1.0;0.5557833;2.7348701E-8;45.066444
0.026;0.034;15;1;0;0.69753885;-0.0;1.0;0.5557833;2.7348701E-8;45.066444
0.027;0.034;15;1;0;0.69753885;-0.0;1.0;0.5557833;2.7348701E-8;45.066444
0.028;0.034;15;1;0;0.69753885;-0.0;1.0;0.5557833;2.7348701E-8;45.066444
0.029;0.034;15;1;0;0.69753885;-0.0;1.0;0.5557833;2.7348701E-8;45.066444
0.03;0.034;15;1;0;0.69753885;-0.0;1.0;0.5557833;2.7348701E-8;45.066444
0.001;0.035;15;1;0;0.69753885;-0.0;1.0;0.5557833;2.7348701E-8;45.066444
0.002;0.035;15;1;0;0.69753885;-0.0;1.0;0.5557833;2.7348701E-8;45.066444
0.003;0.035;15;1;0;0.69753885;-0.0;1.0;0.5557833;2.7348701E-8;45.066444
0.004;0.035;15;1;0;0.69753885;-0.0;1.0;0.5557833;2.7348701E-8;45.066444
0.005;0.035;15;1;0;0.69753885;-0.0;1.0;0.5557833;2.7348701E-8;45.066444
0.006;0.035;15;1;0;0.69753885;-0.0;1.0;0.5557833;2.7348701E-8;45.066444
0.007;0.035;15;1;0;0.69753885;-0.0;1.0;0.5557833;2.7348701E-8;45.066444
0.008;0.035;15;1;0;0.69753885;-0.0;1.0;0.5557833;2.7348701E-8;45.066444
0.009;0.035;15;1;0;0.69753885;-0.0;1.0;0.5557833;2.7348701E-8;45.066444
0.01;0.035;15;1;0;0.69753885;-0.0;1.0;0.5557833;2.7348701E-8;45.066444
0.011;0.035;15;1;0;0.69753885;-0.0;1.0;0.5557833;2.7348701E-8;45.066444
0.012;0.035;15;1;0;0.69753885;-0.0;1.0;0.5557833;2.7348701E-8;45.066444
0.013;0.035;15;1;0;0.69753885;-0.0;1.0;0.5557833;2.7348701E-8;45.066444
0.014;0.035;15;1;0;0.69753885;-0.0;1.0;0.5557833;2.7348701E-8;45.066444
0.015;0.035;15;1;0;0.69753885;-0.0;1.0;0.5557833;2.7348701E-8;45.066444
0.016;0.035;15;1;0;0.69753885;-0.0;1.0;0.5557833;2.7348701E-8;45.066444
0.017;0.035;15;1;0;0.69753885;-0.0;1.0;0.5557833;2.7348701E-8;45.066444
0.018;0.035;15;1;0;0.69753885;-0.0;1.0;0.5557833;2.7348701E-8;45.066444
0.019;0.035;15;1;0;0.69753885;-0.0;1.0;0.5557833;2.7348701E-8;45.066444
0.02;0.035;15;1;0;0.69753885;-0.0;1.0;0.5557833;2.7348701E-8;45.066444
0.021;0.035;15;1;0;0.69753885;-0.0;1.0;0.5557833;2.7348701E-8;45.066444
0.022;0.035;15;1;0;0.69753885;-0.0;1.0;0.5557833;2.7348701E-8;45.066444
0.023;0.035;15;1;0;0.69753885;-0.0;1.0;0.5557833;2.7348701E-8;45.066444
0.024;0.035;15;1;0;0.69753885;-0.0;1.0;0.5557833;2.7348701E-8;45.066444
0.025;0.035;15;1;0;0.69753885;-0.0;1.0;0.5557833;2.7348701E-8;45.066444
0.026;0.035;15;1;0;0.69753885;-0.0;1.0;0.5557833;2.7348701E-8;45.066444
0.027;0.035;15;1;0;0.69753885;-0.0;1.0;0.5557833;2.7348701E-8;45.066444
0.028;0.035;15;1;0;0.69753885;-0.0;1.0;0.5557833;2.7348701E-8;45.066444
0.029;0.035;15;1;0;0.69753885;-0.0;1.0;0.5557833;2.7348701E-8;45.066444
0.03;0.035;15;1;0;0.69753885;-0.0;1.0;0.5557833;2.7348701E-8;45.066444
0.001;0.036;15;1;0;0.69753885;-0.0;1.0;0.5557833;2.7348701E-8;45.066444
0.002;0.036;15;1;0;0.69753885;-0.0;1.0;0.5557833;2.7348701E-8;45.066444
0.003;0.036;15;1;0;0.69753885;-0.0;1.0;0.5557833;2.7348701E-8;45.066444
0.004;0.036;15;1;0;0.69753885;-0.0;1.0;0.5557833;2.7348701E-8;45.066444
0.005;0.036;15;1;0;0.69753885;-0.0;1.0;0.5557833;2.7348701E-8;45.066444
0.006;0.036;15;1;0;0.69753885;-0.0;1.0;0.5557833;2.7348701E-8;45.066444
0.007;0.036;15;1;0;0.69753885;-0.0;1.0;0.5557833;2.7348701E-8;45.066444
0.008;0.036;15;1;0;0.69753885;-0.0;1.0;0.5557833;2.7348701E-8;45.066444
0.009;0.036;15;1;0;0.69753885;-0.0;1.0;0.5557833;2.7348701E-8;45.066444
0.01;0.036;15;1;0;0.69753885;-0.0;1.0;0.5557833;2.7348701E-8;45.066444
0.011;0.036;15;1;0;0.69753885;-0.0;1.0;0.5557833;2.7348701E-8;45.066444
0.012;0.036;15;1;0;0.69753885;-0.0;1.0;0.5557833;2.7348701E-8;45.066444
0.013;0.036;15;1;0;0.69753885;-0.0;1.0;0.5557833;2.7348701E-8;45.066444
0.014;0.036;15;1;0;0.69753885;-0.0;1.0;0.5557833;2.7348701E-8;45.066444
0.015;0.036;15;1;0;0.69753885;-0.0;1.0;0.5557833;2.7348701E-8;45.066444
0.016;0.036;15;1;0;0.69753885;-0.0;1.0;0.5557833;2.7348701E-8;45.066444
0.017;0.036;15;1;0;0.69753885;-0.0;1.0;0.5557833;2.7348701E-8;45.066444
0.018;0.036;15;1;0;0.69753885;-0.0;1.0;0.5557833;2.7348701E-8;45.066444
0.019;0.036;15;1;0;0.69753885;-0.0;1.0;0.5557833;2.7348701E-8;45.066444
0.02;0.036;15;1;0;0.69753885;-0.0;1.0;0.5557833;2.7348701E-8;45.066444
0.021;0.036;15;1;0;0.69753885;-0.0;1.0;0.5557833;2.7348701E-8;45.066444
0.022;0.036;15;1;0;0.69753885;-0.0;1.0;0.5557833;2.7348701E-8;45.066444
0.023;0.036;15;1;0;0.69753885;-0.0;1.0;0.5557833;2.7348701E-8;45.066444
0.024;0.036;15;1;0;0.69753885;-0.0;1.0;0.5557833;2.7348701E-8;45.066444
0.025;0.036;15;1;0;0.69753885;-0.0;1.0;0.5557833;2.7348701E-8;45.066444
0.026;0.036;15;1;0;0.69753885;-0.0;1.0;0.5557833;2.7348701E-8;45.066444
0.027;0.036;15;1;0;0.69753885;-0.0;1.0;0.5557833;2.7348701E-8;45.066444
0.028;0.036;15;1;0;0.69753885;-0.0;1.0;0.5557833;2.7348701E-8;45.066444
0.029;0.036;15;1;0;0.69753885;-0.0;1.0;0.5557833;2.7348701E-8;45.066444
0.03;0.036;15;1;0;0.69753885;-0.0;1.0;0.5557833;2.7348701E-8;45.066444
0.001;0.037;15;1;0;0.69753885;-0.0;1.0;0.5557833;2.7348701E-8;45.066444
0.002;0.037;15;1;0;0.69753885;-0.0;1.0;0.5557833;2.7348701E-8;45.066444
0.003;0.037;15;1;0;0.69753885;-0.0;1.0;0.5557833;2.7348701E-8;45.066444
0.004;0.037;15;1;0;0.69753885;-0.0;1.0;0.5557833;2.7348701E-8;45.066444
0.005;0.037;15;1;0;0.69753885;-0.0;1.0;0.5557833;2.7348701E-8;45.066444
0.006;0.037;15;1;0;0.69753885;-0.0;1.0;0.5557833;2.7348701E-8;45.066444
0.007;0.037;15;1;0;0.69753885;-0.0;1.0;0.5557833;2.7348701E-8;45.066444
0.008;0.037;15;1;0;0.69753885;-0.0;1.0;0.5557833;2.7348701E-8;45.066444
0.009;0.037;15;1;0;0.69753885;-0.0;1.0;0.5557833;2.7348701E-8;45.066444
0.01;0.037;15;1;0;0.69753885;-0.0;1.0;0.5557833;2.7348701E-8;45.066444
0.011;0.037;15;1;0;0.69753885;-0.0;1.0;0.5557833;2.7348701E-8;45.066444
0.012;0.037;15;1;0;0.69753885;-0.0;1.0;0.5557833;2.7348701E-8;45.066444
0.013;0.037;15;1;0;0.69753885;-0.0;1.0;0.5557833;2.7348701E-8;45.066444
0.014;0.037;15;1;0;0.69753885;-0.0;1.0;0.5557833;2.7348701E-8;45.066444
0.015;0.037;15;1;0;0.69753885;-0.0;1.0;0.5557833;2.7348701E-8;45.066444
0.016;0.037;15;1;0;0.69753885;-0.0;1.0;0.5557833;2.7348701E-8;45.066444
0.017;0.037;15;1;0;0.69753885;-0.0;1.0;0.5557833;2.7348701E-8;45.066444
0.018;0.037;15;1;0;0.69753885;-0.0;1.0;0.5557833;2.7348701E-8;45.066444
0.019;0.037;15;1;0;0.69753885;-0.0;1.0;0.5557833;2.7348701E-8;45.066444
0.02;0.037;15;1;0;0.69753885;-0.0;1.0;0.5557833;2.7348701E-8;45.066444
0.021;0.037;15;1;0;0.69753885;-0.0;1.0;0.5557833;2.7348701E-8;45.066444
-----------------------------------------------------------------------
0.022;0.037;15;1;0;0.69753885;-0.0;1.0;0.5557833;2.7348701E-8;45.066444
0.023;0.037;15;1;0;0.69753885;-0.0;1.0;0.5557833;2.7348701E-8;45.066444
0.024;0.037;15;1;0;0.69753885;-0.0;1.0;0.5557833;2.7348701E-8;45.066444
0.025;0.037;15;1;0;0.69753885;-0.0;1.0;0.5557833;2.7348701E-8;45.066444
0.026;0.037;15;1;0;0.69753885;-0.0;1.0;0.5557833;2.7348701E-8;45.066444
0.027;0.037;15;1;0;0.69753885;-0.0;1.0;0.5557833;2.7348701E-8;45.066444
0.028;0.037;15;1;0;0.69753885;-0.0;1.0;0.5557833;2.7348701E-8;45.066444
0.029;0.037;15;1;0;0.69753885;-0.0;1.0;0.5557833;2.7348701E-8;45.066444
0.03;0.037;15;1;0;0.69753885;-0.0;1.0;0.5557833;2.7348701E-8;45.066444
0.001;0.038;15;1;0;0.69753885;-0.0;1.0;0.5557833;2.7348701E-8;45.066444
0.002;0.038;15;1;0;0.69753885;-0.0;1.0;0.5557833;2.7348701E-8;45.066444
0.003;0.038;15;1;0;0.69753885;-0.0;1.0;0.5557833;2.7348701E-8;45.066444
0.004;0.038;15;1;0;0.69753885;-0.0;1.0;0.5557833;2.7348701E-8;45.066444
0.005;0.038;15;1;0;0.69753885;-0.0;1.0;0.5557833;2.7348701E-8;45.066444
0.006;0.038;15;1;0;0.69753885;-0.0;1.0;0.5557833;2.7348701E-8;45.066444
0.007;0.038;15;1;0;0.69753885;-0.0;1.0;0.5557833;2.7348701E-8;45.066444
0.008;0.038;15;1;0;0.69753885;-0.0;1.0;0.5557833;2.7348701E-8;45.066444
0.009;0.038;15;1;0;0.69753885;-0.0;1.0;0.5557833;2.7348701E-8;45.066444
0.01;0.038;15;1;0;0.69753885;-0.0;1.0;0.5557833;2.7348701E-8;45.066444
0.011;0.038;15;1;0;0.69753885;-0.0;1.0;0.5557833;2.7348701E-8;45.066444
0.012;0.038;15;1;0;0.69753885;-0.0;1.0;0.5557833;2.7348701E-8;45.066444
0.013;0.038;15;1;0;0.69753885;-0.0;1.0;0.5557833;2.7348701E-8;45.066444
0.014;0.038;15;1;0;0.69753885;-0.0;1.0;0.5557833;2.7348701E-8;45.066444
0.015;0.038;15;1;0;0.69753885;-0.0;1.0;0.5557833;2.7348701E-8;45.066444
0.016;0.038;15;1;0;0.69753885;-0.0;1.0;0.5557833;2.7348701E-8;45.066444
0.017;0.038;15;1;0;0.69753885;-0.0;1.0;0.5557833;2.7348701E-8;45.066444
0.018;0.038;15;1;0;0.69753885;-0.0;1.0;0.5557833;2.7348701E-8;45.066444
0.019;0.038;15;1;0;0.69753885;-0.0;1.0;0.5557833;2.7348701E-8;45.066444
0.02;0.038;15;1;0;0.69753885;-0.0;1.0;0.5557833;2.7348701E-8;45.066444
0.021;0.038;15;1;0;0.69753885;-0.0;1.0;0.5557833;2.7348701E-8;45.066444
0.022;0.038;15;1;0;0.69753885;-0.0;1.0;0.5557833;2.7348701E-8;45.066444
0.023;0.038;15;1;0;0.69753885;-0.0;1.0;0.5557833;2.7348701E-8;45.066444
0.024;0.038;15;1;0;0.69753885;-0.0;1.0;0.5557833;2.7348701E-8;45.066444
0.025;0.038;15;1;0;0.69753885;-0.0;1.0;0.5557833;2.7348701E-8;45.066444
0.026;0.038;15;1;0;0.69753885;-0.0;1.0;0.5557833;2.7348701E-8;45.066444
0.027;0.038;15;1;0;0.69753885;-0.0;1.0;0.5557833;2.7348701E-8;45.066444
0.028;0.038;15;1;0;0.69753885;-0.0;1.0;0.5557833;2.7348701E-8;45.066444
0.029;0.038;15;1;0;0.69753885;-0.0;1.0;0.5557833;2.7348701E-8;45.066444
0.03;0.038;15;1;0;0.69753885;-0.0;1.0;0.5557833;2.7348701E-8;45.066444
0.001;0.039;15;1;0;0.69753885;-0.0;1.0;0.5557833;2.7348701E-8;45.066444
0.002;0.039;15;1;0;0.69753885;-0.0;1.0;0.5557833;2.7348701E-8;45.066444
0.003;0.039;15;1;0;0.69753885;-0.0;1.0;0.5557833;2.7348701E-8;45.066444
0.004;0.039;15;1;0;0.69753885;-0.0;1.0;0.5557833;2.7348701E-8;45.066444
0.005;0.039;15;1;0;0.69753885;-0.0;1.0;0.5557833;2.7348701E-8;45.066444
0.006;0.039;15;1;0;0.69753885;-0.0;1.0;0.5557833;2.7348701E-8;45.066444
0.007;0.039;15;1;0;0.69753885;-0.0;1.0;0.5557833;2.7348701E-8;45.066444
0.008;0.039;15;1;0;0.69753885;-0.0;1.0;0.5557833;2.7348701E-8;45.066444
0.009;0.039;15;1;0;0.69753885;-0.0;1.0;0.5557833;2.7348701E-8;45.066444
0.01;0.039;15;1;0;0.69753885;-0.0;1.0;0.5557833;2.7348701E-8;45.066444
0.011;0.039;15;1;0;0.69753885;-0.0;1.0;0.5557833;2.7348701E-8;45.066444
0.012;0.039;15;1;0;0.69753885;-0.0;1.0;0.5557833;2.7348701E-8;45.066444
0.013;0.039;15;1;0;0.69753885;-0.0;1.0;0.5557833;2.7348701E-8;45.066444
0.014;0.039;15;1;0;0.69753885;-0.0;1.0;0.5557833;2.7348701E-8;45.066444
0.015;0.039;15;1;0;0.69753885;-0.0;1.0;0.5557833;2.7348701E-8;45.066444
0.016;0.039;15;1;0;0.69753885;-0.0;1.0;0.5557833;2.7348701E-8;45.066444
0.017;0.039;15;1;0;0.69753885;-0.0;1.0;0.5557833;2.7348701E-8;45.066444
0.018;0.039;15;1;0;0.69753885;-0.0;1.0;0.5557833;2.7348701E-8;45.066444
0.019;0.039;15;1;0;0.69753885;-0.0;1.0;0.5557833;2.7348701E-8;45.066444
0.02;0.039;15;1;0;0.69753885;-0.0;1.0;0.5557833;2.7348701E-8;45.066444
0.021;0.039;15;1;0;0.69753885;-0.0;1.0;0.5557833;2.7348701E-8;45.066444
0.022;0.039;15;1;0;0.69753885;-0.0;1.0;0.5557833;2.7348701E-8;45.066444
0.023;0.039;15;1;0;0.69753885;-0.0;1.0;0.5557833;2.7348701E-8;45.066444
0.024;0.039;15;1;0;0.69753885;-0.0;1.0;0.5557833;2.7348701E-8;45.066444
0.025;0.039;15;1;0;0.69753885;-0.0;1.0;0.5557833;2.7348701E-8;45.066444
0.026;0.039;15;1;0;0.69753885;-0.0;1.0;0.5557833;2.7348701E-8;45.066444
0.027;0.039;15;1;0;0.69753885;-0.0;1.0;0.5557833;2.7348701E-8;45.066444
0.028;0.039;15;1;0;0.69753885;-0.0;1.0;0.5557833;2.7348701E-8;45.066444
0.029;0.039;15;1;0;0.69753885;-0.0;1.0;0.5557833;2.7348701E-8;45.066444
0.03;0.039;15;1;0;0.69753885;-0.0;1.0;0.5557833;2.7348701E-8;45.066444
0.001;0.04;15;1;0;0.69753885;-0.0;1.0;0.5557833;2.7348701E-8;45.066444
0.002;0.04;15;1;0;0.69753885;-0.0;1.0;0.5557833;2.7348701E-8;45.066444
0.003;0.04;15;1;0;0.69753885;-0.0;1.0;0.5557833;2.7348701E-8;45.066444
0.004;0.04;15;1;0;0.69753885;-0.0;1.0;0.5557833;2.7348701E-8;45.066444
0.005;0.04;15;1;0;0.69753885;-0.0;1.0;0.5557833;2.7348701E-8;45.066444
0.006;0.04;15;1;0;0.69753885;-0.0;1.0;0.5557833;2.7348701E-8;45.066444
0.007;0.04;15;1;0;0.69753885;-0.0;1.0;0.5557833;2.7348701E-8;45.066444
0.008;0.04;15;1;0;0.69753885;-0.0;1.0;0.5557833;2.7348701E-8;45.066444
0.009;0.04;15;1;0;0.69753885;-0.0;1.0;0.5557833;2.7348701E-8;45.066444
0.01;0.04;15;1;0;0.69753885;-0.0;1.0;0.5557833;2.7348701E-8;45.066444
0.011;0.04;15;1;0;0.69753885;-0.0;1.0;0.5557833;2.7348701E-8;45.066444
0.012;0.04;15;1;0;0.69753885;-0.0;1.0;0.5557833;2.7348701E-8;45.066444
0.013;0.04;15;1;0;0.69753885;-0.0;1.0;0.5557833;2.7348701E-8;45.066444
0.014;0.04;15;1;0;0.69753885;-0.0;1.0;0.5557833;2.7348701E-8;45.066444
0.015;0.04;15;1;0;0.69753885;-0.0;1.0;0.5557833;2.7348701E-8;45.066444
0.016;0.04;15;1;0;0.69753885;-0.0;1.0;0.5557833;2.7348701E-8;45.066444
0.017;0.04;15;1;0;0.69753885;-0.0;1.0;0.5557833;2.7348701E-8;45.066444
0.018;0.04;15;1;0;0.69753885;-0.0;1.0;0.5557833;2.7348701E-8;45.066444
0.019;0.04;15;1;0;0.69753885;-0.0;1.0;0.5557833;2.7348701E-8;45.066444
0.02;0.04;15;1;0;0.69753885;-0.0;1.0;0.5557833;2.7348701E-8;45.066444
0.021;0.04;15;1;0;0.69753885;-0.0;1.0;0.5557833;2.7348701E-8;45.066444
0.022;0.04;15;1;0;0.69753885;-0.0;1.0;0.5557833;2.7348701E-8;45.066444
0.023;0.04;15;1;0;0.69753885;-0.0;1.0;0.5557833;2.7348701E-8;45.066444
0.024;0.04;15;1;0;0.69753885;-0.0;1.0;0.5557833;2.7348701E-8;45.066444
0.025;0.04;15;1;0;0.69753885;-0.0;1.0;0.5557833;2.7348701E-8;45.066444
0.026;0.04;15;1;0;0.69753885;-0.0;1.0;0.5557833;2.7348701E-8;45.066444
0.027;0.04;15;1;0;0.69753885;-0.0;1.0;0.5557833;2.7348701E-8;45.066444
0.028;0.04;15;1;0;0.69753885;-0.0;1.0;0.5557833;2.7348701E-8;45.066444
0.029;0.04;15;1;0;0.69753885;-0.0;1.0;0.5557833;2.7348701E-8;45.066444
0.03;0.04;15;1;0;0.69753885;-0.0;1.0;0.5557833;2.7348701E-8;45.066444
